0 0 0 0 0 0 0 0 0 0 0 0 0 0 0 0 0 0 0 0 0 0 0 0 0 0 0 0 0 0 0 0 0 0 0 0 0 0 0 0 0 0 0 0 0 0 0 0 0 0 0 0 0 0 0 0 0 0 0 0 0 0 0 0 0 0 0 0 0 0 0 0 0 0 0 0 0 0 0 0 0 0 0 0 0 0 0 0 0 0 0 0 0 0 0 0 0 0 0 0 0 0 0 0 0 0 0 0 0 0 0 0 0 0 0 0 0 0 0 0 0 0 0 0 0 0 0 0 0 0 0 0 0 0 0 0 0 0 0 0 0 0 0 0 0 0 0 0 0 0 0 0 0 0 0 0 0 0 0 0 0 0 0 0 0 0 0 0 0 0 0 0 0 0 0 0 0 0 0 0 0 0 0 0 0 0 0 0 0 0 0 0 0 0 0 0 0 0 0 0 0 0 0 0 0 0 0 0 0 0 0 0 0 0 0 0 0 0 0 0 0 0 0 0 0 0 0 0 0 0 0 0 0 0 0 0 0 0 0 0 0 0 0 0 0 0 0 0 0 0 0 0 0 0 0 0 
0 0 0 0 0 0 0 0 0 0 0 0 0 0 0 0 0 0 0 0 0 0 0 0 0 0 0 0 0 0 0 0 0 0 0 0 0 0 0 0 0 0 0 0 0 0 0 0 0 0 0 0 0 0 0 0 0 0 0 0 0 0 0 0 0 0 0 0 0 0 0 0 0 0 0 0 0 0 0 0 0 0 0 0 0 0 0 0 0 0 0 0 0 0 0 0 0 0 0 0 0 0 0 0 0 0 0 0 0 0 0 0 0 0 0 0 0 0 0 0 0 0 0 0 0 0 0 0 0 0 0 0 0 0 0 0 0 0 0 0 0 0 0 0 0 0 0 0 0 0 0 0 0 0 0 0 0 0 0 0 0 0 0 0 0 0 0 0 0 0 0 0 0 0 0 0 0 0 0 0 0 0 0 0 0 0 0 0 0 0 0 0 0 0 0 0 0 0 0 0 0 0 0 0 0 0 0 0 0 0 0 0 0 0 0 0 0 0 0 0 0 0 0 0 0 0 0 0 0 0 0 0 0 0 0 0 0 0 0 0 0 0 0 0 0 0 0 0 0 0 0 0 0 0 0 0 
0 0 0 0 0 0 0 0 0 0 0 0 0 0 0 0 0 0 0 0 0 0 0 0 0 0 0 0 0 0 0 0 0 0 0 0 0 0 0 0 0 0 0 0 0 0 0 0 0 0 0 0 0 0 0 0 0 0 0 0 0 0 0 0 0 0 0 0 0 0 0 0 0 0 0 0 0 0 0 0 0 0 0 0 0 0 0 0 0 0 0 0 0 0 0 0 0 0 0 0 0 0 0 0 0 0 0 0 0 0 0 0 0 0 0 0 0 0 0 0 0 0 0 0 0 0 0 0 0 0 0 0 0 0 0 0 0 0 0 0 0 0 0 0 0 0 0 0 0 0 0 0 0 0 0 0 0 0 0 0 0 0 0 0 0 0 0 0 0 0 0 0 0 0 0 0 0 0 0 0 0 0 0 0 0 0 0 0 0 0 0 0 0 0 0 0 0 0 0 0 0 0 0 0 0 0 0 0 0 0 0 0 0 0 0 0 0 0 0 0 0 0 0 0 0 0 0 0 0 0 0 0 0 0 0 0 0 0 0 0 0 0 0 0 0 0 0 0 0 0 0 0 0 0 0 0 
0 0 0 0 0 0 0 0 0 0 0 0 0 0 0 0 0 0 0 0 0 0 0 0 0 0 0 0 0 0 0 0 0 0 0 0 0 0 0 0 0 0 0 0 0 0 0 0 0 0 0 0 0 0 0 0 0 0 0 0 0 0 0 0 0 0 0 0 0 0 0 0 0 0 0 0 0 0 0 0 0 0 0 0 0 0 0 0 0 0 0 0 0 0 0 0 0 0 0 0 0 0 0 0 0 0 0 0 0 0 0 0 0 0 0 0 0 0 0 0 0 0 0 0 0 0 0 0 0 0 0 0 0 0 0 0 0 0 0 0 0 0 0 0 0 0 0 0 0 0 0 0 0 0 0 0 0 0 0 0 0 0 0 0 0 0 0 0 0 0 0 0 0 0 0 0 0 0 0 0 0 0 0 0 0 0 0 0 0 0 0 0 0 0 0 0 0 0 0 0 0 0 0 0 0 0 0 0 0 0 0 0 0 0 0 0 0 0 0 0 0 0 0 0 0 0 0 0 0 0 0 0 0 0 0 0 0 0 0 0 0 0 0 0 0 0 0 0 0 0 0 0 0 0 0 0 
0 0 0 0 0 0 0 0 0 0 0 0 0 0 0 0 0 0 0 0 0 0 0 0 0 0 0 0 0 0 0 0 0 0 0 0 0 0 0 0 0 0 0 0 0 0 0 0 0 0 0 0 0 0 0 0 0 0 0 0 0 0 0 0 0 0 0 0 0 0 0 0 0 0 0 0 0 0 0 0 0 0 0 0 0 0 0 0 0 0 0 0 0 0 0 0 0 0 0 0 0 0 0 0 0 0 0 0 0 0 0 0 0 0 0 0 0 0 0 0 0 0 0 0 0 0 0 0 0 0 0 0 0 0 0 0 0 0 0 0 0 0 0 0 0 0 0 0 0 0 0 0 0 0 0 0 0 0 0 0 0 0 0 0 0 0 0 0 0 0 0 0 0 0 0 0 0 0 0 0 0 0 0 0 0 0 0 0 0 0 0 0 0 0 0 0 0 0 0 0 0 0 0 0 0 0 0 0 0 0 0 0 0 0 0 0 0 0 0 0 0 0 0 0 0 0 0 0 0 0 0 0 0 0 0 0 0 0 0 0 0 0 0 0 0 0 0 0 0 0 0 0 0 0 0 0 
0 0 0 0 0 0 0 0 0 0 0 0 0 0 0 0 0 0 0 0 0 0 0 0 0 0 0 0 0 0 0 0 0 0 0 0 0 0 0 0 0 0 0 0 0 0 0 0 0 0 0 0 0 0 0 0 0 0 0 0 0 0 0 0 0 0 0 0 0 0 0 0 0 0 0 0 0 0 0 0 0 0 0 0 0 0 0 0 0 0 0 0 0 0 0 0 0 0 0 0 0 0 0 0 0 0 0 0 0 0 0 0 0 0 0 0 0 0 0 0 0 0 0 0 0 0 0 0 0 0 0 0 0 0 0 0 0 0 0 0 0 0 0 0 0 0 0 0 0 0 0 0 0 0 0 0 0 0 0 0 0 0 0 0 0 0 0 0 0 0 0 0 0 0 0 0 0 0 0 0 0 0 0 0 0 0 0 0 0 0 0 0 0 0 0 0 0 0 0 0 0 0 0 0 0 0 0 0 0 0 0 0 0 0 0 0 0 0 0 0 0 0 0 0 0 0 0 0 0 0 0 0 0 0 0 0 0 0 0 0 0 0 0 0 0 0 0 0 0 0 0 0 0 0 0 0 
0 0 0 0 0 0 0 0 0 0 0 0 0 0 0 0 0 0 0 0 0 0 0 0 0 0 0 0 0 0 0 0 0 0 0 0 0 0 0 0 0 0 0 0 0 0 0 0 0 0 0 0 0 0 0 0 0 0 0 0 0 0 0 0 0 0 0 0 0 0 0 0 0 0 0 0 0 0 0 0 0 0 0 0 0 0 0 0 0 0 0 0 0 0 0 0 0 0 0 0 0 0 0 0 0 0 0 0 0 0 0 0 0 0 0 0 0 0 0 0 0 0 0 0 0 0 0 0 0 0 0 0 0 0 0 0 0 0 0 0 0 0 0 0 0 0 0 0 0 0 0 0 0 0 0 0 0 0 0 0 0 0 0 0 0 0 0 0 0 0 0 0 0 0 0 0 0 0 0 0 0 0 0 0 0 0 0 0 0 0 0 0 0 0 0 0 0 0 0 0 0 0 0 0 0 0 0 0 0 0 0 0 0 0 0 0 0 0 0 0 0 0 0 0 0 0 0 0 0 0 0 0 0 0 0 0 0 0 0 0 0 0 0 0 0 0 0 0 0 0 0 0 0 0 0 0 
0 0 0 0 0 0 0 0 0 0 0 0 0 0 0 0 0 0 0 0 0 0 0 0 0 0 0 0 0 0 0 0 0 0 0 0 0 0 0 0 0 0 0 0 0 0 0 0 0 0 0 0 0 0 0 0 0 0 0 0 0 0 0 0 0 0 0 0 0 0 0 0 0 0 0 0 0 0 0 0 0 0 0 0 0 0 0 0 0 0 0 0 0 0 0 0 0 0 0 0 0 0 0 0 0 0 0 0 0 0 0 0 0 0 0 0 0 0 0 0 0 0 0 0 0 0 0 0 0 0 0 0 0 0 0 0 0 0 0 0 0 0 0 0 0 0 0 0 0 0 0 0 0 0 0 0 0 0 0 0 0 0 0 0 0 0 0 0 0 0 0 0 0 0 0 0 0 0 0 0 0 0 0 0 0 0 0 0 0 0 0 0 0 0 0 0 0 0 0 0 0 0 0 0 0 0 0 0 0 0 0 0 0 0 0 0 0 0 0 0 0 0 0 0 0 0 0 0 0 0 0 0 0 0 0 0 0 0 0 0 0 0 0 0 0 0 0 0 0 0 0 0 0 0 0 0 
0 0 0 0 0 0 0 0 0 0 0 0 0 0 0 0 0 0 0 0 0 0 0 0 0 0 0 0 0 0 0 0 0 0 0 0 0 0 0 0 0 0 0 0 0 0 0 0 0 0 0 0 0 0 0 0 0 0 0 0 0 0 0 0 0 0 0 0 0 0 0 0 0 0 0 0 0 0 0 0 0 0 0 0 0 0 0 0 0 0 0 0 0 0 0 0 0 0 0 0 0 0 0 0 0 0 0 0 0 0 0 0 0 0 0 0 0 0 0 0 0 0 0 0 0 0 0 0 0 0 0 0 0 0 0 0 0 0 0 0 0 0 0 0 0 0 0 0 0 0 0 0 0 0 0 0 0 0 0 0 0 0 0 0 0 0 0 0 0 0 0 0 0 0 0 0 0 0 0 0 0 0 0 0 0 0 0 0 0 0 0 0 0 0 0 0 0 0 0 0 0 0 0 0 0 0 0 0 0 0 0 0 0 0 0 0 0 0 0 0 0 0 0 0 0 0 0 0 0 0 0 0 0 0 0 0 0 0 0 0 0 0 0 0 0 0 0 0 0 0 0 0 0 0 0 0 
0 0 0 0 0 0 0 0 0 0 0 0 0 0 0 0 0 0 0 0 0 0 0 0 0 0 0 0 0 0 0 0 0 0 0 0 0 0 0 0 0 0 0 0 0 0 0 0 0 0 0 0 0 0 0 0 0 0 0 0 0 0 0 0 0 0 0 0 0 0 0 0 0 0 0 0 0 0 0 0 0 0 0 0 0 0 0 0 0 0 0 0 0 0 0 0 0 0 0 0 0 0 0 0 0 0 0 0 0 0 0 0 0 0 0 0 0 0 0 0 0 0 0 0 0 0 0 0 0 0 0 0 0 0 0 0 0 0 0 0 0 0 0 0 0 0 0 0 0 0 0 0 0 0 0 0 0 0 0 0 0 0 0 0 0 0 0 0 0 0 0 0 0 0 0 0 0 0 0 0 0 0 0 0 0 0 0 0 0 0 0 0 0 0 0 0 0 0 0 0 0 0 0 0 0 0 0 0 0 0 0 0 0 0 0 0 0 0 0 0 0 0 0 0 0 0 0 0 0 0 0 0 0 0 0 0 0 0 0 0 0 0 0 0 0 0 0 0 0 0 0 0 0 0 0 0 
0 0 0 0 0 0 0 0 0 0 0 0 0 0 0 0 0 0 0 0 0 0 0 0 0 0 0 0 0 0 0 0 0 0 0 0 0 0 0 0 0 0 0 0 0 0 0 0 0 0 0 0 0 0 0 0 0 0 0 0 0 0 0 0 0 0 0 0 0 0 0 0 0 0 0 0 0 0 0 0 0 0 0 0 0 0 0 0 0 0 0 0 0 0 0 0 0 0 0 0 0 0 0 0 0 0 0 0 0 0 0 0 0 0 0 0 0 0 0 0 0 0 0 0 0 0 0 0 0 0 0 0 0 0 0 0 0 0 0 0 0 0 0 0 0 0 0 0 0 0 0 0 0 0 0 0 0 0 0 0 0 0 0 0 0 0 0 0 0 0 0 0 0 0 0 0 0 0 0 0 0 0 0 0 0 0 0 0 0 0 0 0 0 0 0 0 0 0 0 0 0 0 0 0 0 0 0 0 0 0 0 0 0 0 0 0 0 0 0 0 0 0 0 0 0 0 0 0 0 0 0 0 0 0 0 0 0 0 0 0 0 0 0 0 0 0 0 0 0 0 0 0 0 0 0 0 
0 0 0 0 0 0 0 0 0 0 0 0 0 0 0 0 0 0 0 0 0 0 0 0 0 0 0 0 0 0 0 0 0 0 0 0 0 0 0 0 0 0 0 0 0 0 0 0 0 0 0 0 0 0 0 0 0 0 0 0 0 0 0 0 0 0 0 0 0 0 0 0 0 0 0 0 0 0 0 0 0 0 0 0 0 0 0 0 0 0 0 0 0 0 0 0 0 0 0 0 0 0 0 0 0 0 0 0 0 0 0 0 0 0 0 0 0 0 0 0 0 0 0 0 0 0 0 0 0 0 0 0 0 0 0 0 0 0 0 0 0 0 0 0 0 0 0 0 0 0 0 0 0 0 0 0 0 0 0 0 0 0 0 0 0 0 0 0 0 0 0 0 0 0 0 0 0 0 0 0 0 0 0 0 0 0 0 0 0 0 0 0 0 0 0 0 0 0 0 0 0 0 0 0 0 0 0 0 0 0 0 0 0 0 0 0 0 0 0 0 0 0 0 0 0 0 0 0 0 0 0 0 0 0 0 0 0 0 0 0 0 0 0 0 0 0 0 0 0 0 0 0 0 0 0 0 
0 0 0 0 0 0 0 0 0 0 0 0 0 0 0 0 0 0 0 0 0 0 0 0 0 0 0 0 0 0 0 0 0 0 0 0 0 0 0 0 0 0 0 0 0 0 0 0 0 0 0 0 0 0 0 0 0 0 0 0 0 0 0 0 0 0 0 0 0 0 0 0 0 0 0 0 0 0 0 0 0 0 0 0 0 0 0 0 0 0 0 0 0 0 0 0 0 0 0 0 0 0 0 0 0 0 0 0 0 0 0 0 0 0 0 0 0 0 0 0 0 0 0 0 0 0 0 0 0 0 0 0 0 0 0 0 0 0 0 0 0 0 0 0 0 0 0 0 0 0 0 0 0 0 0 0 0 0 0 0 0 0 0 0 0 0 0 0 0 0 0 0 0 0 0 0 0 0 0 0 0 0 0 0 0 0 0 0 0 0 0 0 0 0 0 0 0 0 0 0 0 0 0 0 0 0 0 0 0 0 0 0 0 0 0 0 0 0 0 0 0 0 0 0 0 0 0 0 0 0 0 0 0 0 0 0 0 0 0 0 0 0 0 0 0 0 0 0 0 0 0 0 0 0 0 0 
0 0 0 0 0 0 0 0 0 0 0 0 0 0 0 0 0 0 0 0 0 0 0 0 0 0 0 0 0 0 0 0 0 0 0 0 0 0 0 0 0 0 0 0 0 0 0 0 0 0 0 0 0 0 0 0 0 0 0 0 0 0 0 0 0 0 0 0 0 0 0 0 0 0 0 0 0 0 0 0 0 0 0 0 0 0 0 0 0 0 0 0 0 0 0 0 0 0 0 0 0 0 0 0 0 0 0 0 0 0 0 0 0 0 0 0 0 0 0 0 0 0 0 0 0 0 0 0 0 0 0 0 0 0 0 0 0 0 0 0 0 0 0 0 0 0 0 0 0 0 0 0 0 0 0 0 0 0 0 0 0 0 0 0 0 0 0 0 0 0 0 0 0 0 0 0 0 0 0 0 0 0 0 0 0 0 0 0 0 0 0 0 0 0 0 0 0 0 0 0 0 0 0 0 0 0 0 0 0 0 0 0 0 0 0 0 0 0 0 0 0 0 0 0 0 0 0 0 0 0 0 0 0 0 0 0 0 0 0 0 0 0 0 0 0 0 0 0 0 0 0 0 0 0 0 0 
0 0 0 0 0 0 0 0 0 0 0 0 0 0 0 0 0 0 0 0 0 0 0 0 0 0 0 0 0 0 0 0 0 0 0 0 0 0 0 0 0 0 0 0 0 0 0 0 0 0 0 0 0 0 0 0 0 0 0 0 0 0 0 0 0 0 0 0 0 0 0 0 0 0 0 0 0 0 0 0 0 0 0 0 0 0 0 0 0 0 0 0 0 0 0 0 0 0 0 0 0 0 0 0 0 0 0 0 0 0 0 0 0 0 0 0 0 0 0 0 0 0 0 0 0 0 0 0 0 0 0 0 0 0 0 0 0 0 0 0 0 0 0 0 0 0 0 0 0 0 0 0 0 0 0 0 0 0 0 0 0 0 0 0 0 0 0 0 0 0 0 0 0 0 0 0 0 0 0 0 0 0 0 0 0 0 0 0 0 0 0 0 0 0 0 0 0 0 0 0 0 0 0 0 0 0 0 0 0 0 0 0 0 0 0 0 0 0 0 0 0 0 0 0 0 0 0 0 0 0 0 0 0 0 0 0 0 0 0 0 0 0 0 0 0 0 0 0 0 0 0 0 0 0 0 0 
0 0 0 0 0 0 0 0 0 0 0 0 0 0 0 0 0 0 0 0 0 0 0 0 0 0 0 0 0 0 0 0 0 0 0 0 0 0 0 0 0 0 0 0 0 0 0 0 0 0 0 0 0 0 0 0 0 0 0 0 0 0 0 0 0 0 0 0 0 0 0 0 0 0 0 0 0 0 0 0 0 0 0 0 0 0 0 0 0 0 0 0 0 0 0 0 0 0 0 0 0 0 0 0 0 0 0 0 0 0 0 0 0 0 0 0 0 0 0 0 0 0 0 0 2 2 2 15 6 6 6 47 6 6 6 47 2 2 2 15 0 0 0 0 0 0 0 0 0 0 0 0 0 0 0 0 0 0 0 0 0 0 0 0 0 0 0 0 0 0 0 0 0 0 0 0 0 0 0 0 0 0 0 0 0 0 0 0 0 0 0 0 0 0 0 0 0 0 0 0 0 0 0 0 0 0 0 0 0 0 0 0 0 0 0 0 0 0 0 0 0 0 0 0 0 0 0 0 0 0 0 0 0 0 0 0 0 0 0 0 0 0 0 0 0 0 0 0 0 0 0 0 0 0 0 0 
0 0 0 0 0 0 0 0 0 0 0 0 0 0 0 0 0 0 0 0 0 0 0 0 0 0 0 0 0 0 0 0 0 0 0 0 0 0 0 0 0 0 0 0 0 0 0 0 0 0 0 0 0 0 0 0 0 0 0 0 0 0 0 0 0 0 0 0 0 0 0 0 0 0 0 0 0 0 0 0 0 0 0 0 0 0 0 0 0 0 0 0 0 0 0 0 0 0 0 0 0 0 0 0 0 0 0 0 0 0 0 0 0 0 0 0 0 0 0 0 0 0 0 0 6 6 6 47 19 19 19 143 19 19 19 143 6 6 6 47 0 0 0 0 0 0 0 0 0 0 0 0 0 0 0 0 0 0 0 0 0 0 0 0 0 0 0 0 0 0 0 0 0 0 0 0 0 0 0 0 0 0 0 0 0 0 0 0 0 0 0 0 0 0 0 0 0 0 0 0 0 0 0 0 0 0 0 0 0 0 0 0 0 0 0 0 0 0 0 0 0 0 0 0 0 0 0 0 0 0 0 0 0 0 0 0 0 0 0 0 0 0 0 0 0 0 0 0 0 0 0 0 0 0 0 0 
0 0 0 0 0 0 0 0 0 0 0 0 0 0 0 0 0 0 0 0 0 0 0 0 0 0 0 0 0 0 0 0 0 0 0 0 0 0 0 0 0 0 0 0 0 0 0 0 0 0 0 0 0 0 0 0 0 0 0 0 0 0 0 0 0 0 0 0 0 0 0 0 0 0 0 0 0 0 0 0 0 0 0 0 0 0 0 0 0 0 0 0 0 0 0 0 0 0 0 0 0 0 0 0 0 0 0 0 2 2 2 15 6 6 6 47 6 6 6 47 2 2 2 15 8 8 8 63 25 25 25 191 25 25 25 191 8 8 8 63 0 0 0 0 0 0 0 0 0 0 0 0 0 0 0 0 2 2 2 15 6 6 6 47 6 6 6 47 2 2 2 15 0 0 0 0 0 0 0 0 0 0 0 0 0 0 0 0 0 0 0 0 0 0 0 0 0 0 0 0 0 0 0 0 0 0 0 0 0 0 0 0 0 0 0 0 0 0 0 0 0 0 0 0 0 0 0 0 0 0 0 0 0 0 0 0 0 0 0 0 0 0 0 0 0 0 0 0 0 0 0 0 0 0 0 0 
0 0 0 0 0 0 0 0 0 0 0 0 0 0 0 0 0 0 0 0 0 0 0 0 0 0 0 0 0 0 0 0 0 0 0 0 0 0 0 0 0 0 0 0 0 0 0 0 0 0 0 0 0 0 0 0 0 0 0 0 0 0 0 0 0 0 0 0 0 0 0 0 0 0 0 0 0 0 0 0 0 0 0 0 0 0 0 0 0 0 0 0 0 0 0 0 0 0 0 0 0 0 0 0 0 0 0 0 6 6 6 47 19 19 19 143 19 19 19 143 6 6 6 47 8 8 8 63 25 25 25 191 25 25 25 191 8 8 8 63 0 0 0 0 0 0 0 0 0 0 0 0 0 0 0 0 6 6 6 47 19 19 19 143 19 19 19 143 6 6 6 47 0 0 0 0 0 0 0 0 0 0 0 0 0 0 0 0 0 0 0 0 0 0 0 0 0 0 0 0 0 0 0 0 0 0 0 0 0 0 0 0 0 0 0 0 0 0 0 0 0 0 0 0 0 0 0 0 0 0 0 0 0 0 0 0 0 0 0 0 0 0 0 0 0 0 0 0 0 0 0 0 0 0 0 0 
0 0 0 0 0 0 0 0 0 0 0 0 0 0 0 0 0 0 0 0 0 0 0 0 0 0 0 0 0 0 0 0 0 0 0 0 0 0 0 0 0 0 0 0 0 0 0 0 0 0 0 0 0 0 0 0 0 0 0 0 0 0 0 0 0 0 0 0 0 0 0 0 0 0 0 0 0 0 0 0 0 0 0 0 0 0 0 0 0 0 0 0 0 0 0 0 0 0 0 0 2 2 2 15 6 6 6 47 14 14 14 111 27 27 27 207 25 25 25 191 8 8 8 63 8 8 8 63 25 25 25 191 25 25 25 191 8 8 8 63 2 2 2 15 6 6 6 47 6 6 6 47 2 2 2 15 8 8 8 63 25 25 25 191 25 25 25 191 8 8 8 63 0 0 0 0 0 0 0 0 0 0 0 0 0 0 0 0 0 0 0 0 0 0 0 0 0 0 0 0 0 0 0 0 0 0 0 0 0 0 0 0 0 0 0 0 0 0 0 0 0 0 0 0 0 0 0 0 0 0 0 0 0 0 0 0 0 0 0 0 0 0 0 0 0 0 0 0 0 0 0 0 0 0 0 0 
0 0 0 0 0 0 0 0 0 0 0 0 0 0 0 0 0 0 0 0 0 0 0 0 0 0 0 0 0 0 0 0 0 0 0 0 0 0 0 0 0 0 0 0 0 0 0 0 0 0 0 0 0 0 0 0 0 0 0 0 0 0 0 0 0 0 0 0 0 0 0 0 0 0 0 0 0 0 0 0 0 0 0 0 0 0 0 0 0 0 0 0 0 0 0 0 0 0 0 0 6 6 6 47 19 19 19 143 27 27 27 207 31 31 31 239 25 25 25 191 8 8 8 63 8 8 8 63 25 25 25 191 25 25 25 191 8 8 8 63 6 6 6 47 19 19 19 143 19 19 19 143 6 6 6 47 8 8 8 63 25 25 25 191 25 25 25 191 8 8 8 63 0 0 0 0 0 0 0 0 0 0 0 0 0 0 0 0 0 0 0 0 0 0 0 0 0 0 0 0 0 0 0 0 0 0 0 0 0 0 0 0 0 0 0 0 0 0 0 0 0 0 0 0 0 0 0 0 0 0 0 0 0 0 0 0 0 0 0 0 0 0 0 0 0 0 0 0 0 0 0 0 0 0 0 0 
0 0 0 0 0 0 0 0 0 0 0 0 0 0 0 0 0 0 0 0 0 0 0 0 0 0 0 0 0 0 0 0 0 0 0 0 0 0 0 0 0 0 0 0 0 0 0 0 0 0 0 0 0 0 0 0 0 0 0 0 0 0 0 0 0 0 0 0 0 0 0 0 0 0 0 0 0 0 0 0 0 0 0 0 0 0 0 0 0 0 0 0 0 0 0 0 0 0 0 0 8 8 8 63 25 25 25 191 34 34 34 255 34 34 34 255 27 27 27 207 14 14 14 111 14 14 14 111 27 27 27 207 27 27 27 207 14 14 14 111 14 14 14 111 27 27 27 207 27 27 27 207 14 14 14 111 14 14 14 111 27 27 27 207 25 25 25 191 8 8 8 63 0 0 0 0 0 0 0 0 0 0 0 0 0 0 0 0 0 0 0 0 0 0 0 0 0 0 0 0 0 0 0 0 0 0 0 0 0 0 0 0 0 0 0 0 0 0 0 0 0 0 0 0 0 0 0 0 0 0 0 0 0 0 0 0 0 0 0 0 0 0 0 0 0 0 0 0 0 0 0 0 0 0 0 0 
0 0 0 0 0 0 0 0 0 0 0 0 0 0 0 0 0 0 0 0 0 0 0 0 0 0 0 0 0 0 0 0 0 0 0 0 0 0 0 0 0 0 0 0 0 0 0 0 0 0 0 0 0 0 0 0 0 0 0 0 0 0 0 0 0 0 0 0 0 0 0 0 0 0 0 0 0 0 0 0 0 0 0 0 0 0 0 0 0 0 0 0 0 0 0 0 0 0 0 0 8 8 8 63 25 25 25 191 34 34 34 255 34 34 34 255 31 31 31 239 27 27 27 207 27 27 27 207 31 31 31 239 31 31 31 239 27 27 27 207 27 27 27 207 31 31 31 239 31 31 31 239 27 27 27 207 27 27 27 207 31 31 31 239 25 25 25 191 8 8 8 63 0 0 0 0 0 0 0 0 0 0 0 0 0 0 0 0 0 0 0 0 0 0 0 0 0 0 0 0 0 0 0 0 0 0 0 0 0 0 0 0 0 0 0 0 0 0 0 0 0 0 0 0 0 0 0 0 0 0 0 0 0 0 0 0 0 0 0 0 0 0 0 0 0 0 0 0 0 0 0 0 0 0 0 0 
0 0 0 0 0 0 0 0 0 0 0 0 0 0 0 0 0 0 0 0 0 0 0 0 0 0 0 0 0 0 0 0 0 0 0 0 0 0 0 0 0 0 0 0 0 0 0 0 0 0 0 0 0 0 0 0 0 0 0 0 0 0 0 0 0 0 0 0 0 0 0 0 0 0 0 0 0 0 0 0 0 0 0 0 0 0 0 0 0 0 0 0 0 0 0 0 0 0 0 0 8 8 8 63 25 25 25 191 45 36 35 255 68 42 38 255 80 45 39 255 80 45 39 255 76 42 40 255 68 38 43 255 65 35 45 255 65 35 45 255 68 38 43 255 76 42 40 255 80 45 39 255 80 45 39 255 76 42 40 255 68 38 43 255 51 28 35 207 22 15 17 111 6 6 6 47 2 2 2 15 0 0 0 0 0 0 0 0 0 0 0 0 0 0 0 0 0 0 0 0 0 0 0 0 0 0 0 0 0 0 0 0 0 0 0 0 0 0 0 0 0 0 0 0 0 0 0 0 0 0 0 0 0 0 0 0 0 0 0 0 0 0 0 0 0 0 0 0 0 0 0 0 0 0 0 0 
0 0 0 0 0 0 0 0 0 0 0 0 0 0 0 0 0 0 0 0 0 0 0 0 0 0 0 0 0 0 0 0 0 0 0 0 0 0 0 0 0 0 0 0 0 0 0 0 0 0 0 0 0 0 0 0 0 0 0 0 0 0 0 0 0 0 0 0 0 0 0 0 0 0 0 0 0 0 0 0 0 0 0 0 0 0 0 0 0 0 0 0 0 0 0 0 0 0 0 0 8 8 8 63 25 25 25 191 68 42 38 255 137 58 46 255 172 67 50 255 172 67 50 255 160 60 54 255 138 46 62 255 127 39 67 255 127 39 67 255 138 46 62 255 160 60 54 255 172 67 50 255 172 67 50 255 160 60 54 255 138 46 62 255 102 35 56 239 51 28 35 207 19 19 19 143 6 6 6 47 0 0 0 0 0 0 0 0 0 0 0 0 0 0 0 0 0 0 0 0 0 0 0 0 0 0 0 0 0 0 0 0 0 0 0 0 0 0 0 0 0 0 0 0 0 0 0 0 0 0 0 0 0 0 0 0 0 0 0 0 0 0 0 0 0 0 0 0 0 0 0 0 0 0 0 0 
0 0 0 0 0 0 0 0 0 0 0 0 0 0 0 0 0 0 0 0 0 0 0 0 0 0 0 0 0 0 0 0 0 0 0 0 0 0 0 0 0 0 0 0 0 0 0 0 0 0 0 0 0 0 0 0 0 0 0 0 0 0 0 0 0 0 0 0 0 0 0 0 0 0 0 0 0 0 0 0 0 0 0 0 0 0 0 0 0 0 0 0 0 0 0 0 0 0 0 0 8 8 8 63 25 25 25 191 79 44 39 255 171 66 50 255 217 78 56 255 218 78 56 255 209 81 71 255 191 88 102 255 182 92 117 255 182 92 117 255 191 88 102 255 209 81 71 255 218 78 56 255 217 78 56 255 209 81 71 255 191 88 102 255 145 77 96 255 71 48 54 255 25 25 25 191 8 8 8 63 0 0 0 0 0 0 0 0 0 0 0 0 0 0 0 0 0 0 0 0 0 0 0 0 0 0 0 0 0 0 0 0 0 0 0 0 0 0 0 0 0 0 0 0 0 0 0 0 0 0 0 0 0 0 0 0 0 0 0 0 0 0 0 0 0 0 0 0 0 0 0 0 0 0 0 0 
0 0 0 0 0 0 0 0 0 0 0 0 0 0 0 0 0 0 0 0 0 0 0 0 0 0 0 0 0 0 0 0 0 0 0 0 0 0 0 0 0 0 0 0 0 0 0 0 0 0 0 0 0 0 0 0 0 0 0 0 0 0 0 0 0 0 0 0 0 0 0 0 0 0 0 0 0 0 0 0 0 0 0 0 0 0 0 0 0 0 0 0 0 0 0 0 0 0 0 0 8 8 8 63 25 25 25 191 79 44 39 255 171 66 50 255 217 78 56 255 218 78 56 255 220 107 91 255 226 166 161 255 229 195 197 255 229 195 197 255 226 166 161 255 220 107 91 255 218 78 56 255 217 78 56 255 220 107 91 255 226 166 161 255 180 155 156 255 82 74 74 255 25 25 25 191 8 8 8 63 0 0 0 0 0 0 0 0 0 0 0 0 0 0 0 0 0 0 0 0 0 0 0 0 0 0 0 0 0 0 0 0 0 0 0 0 0 0 0 0 0 0 0 0 0 0 0 0 0 0 0 0 0 0 0 0 0 0 0 0 0 0 0 0 0 0 0 0 0 0 0 0 0 0 0 0 
0 0 0 0 0 0 0 0 0 0 0 0 0 0 0 0 0 0 0 0 0 0 0 0 0 0 0 0 0 0 0 0 0 0 0 0 0 0 0 0 0 0 0 0 0 0 0 0 0 0 0 0 0 0 0 0 0 0 0 0 0 0 0 0 0 0 0 0 0 0 0 0 0 0 0 0 0 0 0 0 0 0 0 0 0 0 0 0 0 0 0 0 0 0 0 0 0 0 0 0 8 8 8 63 25 25 25 191 79 44 39 255 171 66 50 255 217 78 56 255 218 78 56 255 226 120 101 255 244 204 191 255 253 247 237 255 253 247 237 255 244 204 191 255 226 120 101 255 218 78 56 255 217 78 56 255 226 120 101 255 244 204 191 255 198 193 186 255 88 87 84 255 25 25 25 191 8 8 8 63 0 0 0 0 0 0 0 0 0 0 0 0 0 0 0 0 0 0 0 0 0 0 0 0 0 0 0 0 0 0 0 0 0 0 0 0 0 0 0 0 0 0 0 0 0 0 0 0 0 0 0 0 0 0 0 0 0 0 0 0 0 0 0 0 0 0 0 0 0 0 0 0 0 0 0 0 
0 0 0 0 0 0 0 0 0 0 0 0 0 0 0 0 0 0 0 0 0 0 0 0 0 0 0 0 0 0 0 0 0 0 0 0 0 0 0 0 0 0 0 0 0 0 0 0 0 0 0 0 0 0 0 0 0 0 0 0 0 0 0 0 0 0 0 0 0 0 0 0 0 0 0 0 0 0 0 0 0 0 0 0 0 0 0 0 0 0 0 0 0 0 0 0 0 0 0 0 8 8 8 63 25 25 25 191 79 44 39 255 171 66 50 255 217 78 56 255 218 78 56 255 226 120 101 255 244 204 191 255 253 247 237 255 253 247 237 255 244 204 191 255 226 120 101 255 218 78 56 255 217 78 56 255 226 120 101 255 244 204 191 255 198 193 186 255 88 87 84 255 25 25 25 191 8 8 8 63 0 0 0 0 0 0 0 0 0 0 0 0 0 0 0 0 0 0 0 0 0 0 0 0 0 0 0 0 0 0 0 0 0 0 0 0 0 0 0 0 0 0 0 0 0 0 0 0 0 0 0 0 0 0 0 0 0 0 0 0 0 0 0 0 0 0 0 0 0 0 0 0 0 0 0 0 
0 0 0 0 0 0 0 0 0 0 0 0 0 0 0 0 0 0 0 0 0 0 0 0 0 0 0 0 0 0 0 0 0 0 0 0 2 2 2 15 6 6 6 47 6 6 6 47 2 2 2 15 0 0 0 0 0 0 0 0 0 0 0 0 0 0 0 0 2 2 2 15 6 6 6 47 6 6 6 47 2 2 2 15 0 0 0 0 0 0 0 0 0 0 0 0 0 0 0 0 8 8 8 63 25 25 25 191 79 44 39 255 171 66 50 255 217 78 56 255 218 78 56 255 226 120 101 255 244 204 191 255 253 247 237 255 253 247 237 255 244 204 191 255 226 120 101 255 218 78 56 255 217 78 56 255 226 120 101 255 244 204 191 255 198 193 186 255 88 87 84 255 25 25 25 191 8 8 8 63 0 0 0 0 0 0 0 0 0 0 0 0 0 0 0 0 0 0 0 0 0 0 0 0 0 0 0 0 0 0 0 0 0 0 0 0 0 0 0 0 0 0 0 0 0 0 0 0 0 0 0 0 0 0 0 0 0 0 0 0 0 0 0 0 0 0 0 0 0 0 0 0 0 0 0 0 
0 0 0 0 0 0 0 0 0 0 0 0 0 0 0 0 0 0 0 0 0 0 0 0 0 0 0 0 0 0 0 0 0 0 0 0 6 6 6 47 19 19 19 143 19 19 19 143 6 6 6 47 0 0 0 0 0 0 0 0 0 0 0 0 0 0 0 0 6 6 6 47 19 19 19 143 19 19 19 143 6 6 6 47 0 0 0 0 0 0 0 0 0 0 0 0 0 0 0 0 8 8 8 63 25 25 25 191 79 44 39 255 171 66 50 255 217 78 56 255 218 78 56 255 226 120 101 255 244 204 191 255 253 247 237 255 253 247 237 255 244 204 191 255 226 120 101 255 218 78 56 255 217 78 56 255 226 120 101 255 244 204 191 255 198 193 186 255 88 87 84 255 25 25 25 191 8 8 8 63 0 0 0 0 0 0 0 0 0 0 0 0 0 0 0 0 0 0 0 0 0 0 0 0 0 0 0 0 0 0 0 0 0 0 0 0 0 0 0 0 0 0 0 0 0 0 0 0 0 0 0 0 0 0 0 0 0 0 0 0 0 0 0 0 0 0 0 0 0 0 0 0 0 0 0 0 
0 0 0 0 0 0 0 0 0 0 0 0 0 0 0 0 0 0 0 0 0 0 0 0 0 0 0 0 0 0 0 0 0 0 0 0 8 8 8 63 25 25 25 191 27 27 27 207 14 14 14 111 6 6 6 47 2 2 2 15 0 0 0 0 0 0 0 0 8 8 8 63 25 25 25 191 27 27 27 207 14 14 14 111 6 6 6 47 2 2 2 15 0 0 0 0 0 0 0 0 8 8 8 63 25 25 25 191 79 44 39 255 171 66 50 255 217 78 56 255 218 78 56 255 226 120 101 255 244 204 191 255 253 247 237 255 253 247 237 255 244 204 191 255 226 120 101 255 218 78 56 255 217 78 56 255 226 120 101 255 244 204 191 255 198 193 186 255 88 87 84 255 25 25 25 191 8 8 8 63 0 0 0 0 0 0 0 0 2 2 2 15 6 6 6 47 6 6 6 47 2 2 2 15 0 0 0 0 0 0 0 0 0 0 0 0 0 0 0 0 0 0 0 0 0 0 0 0 0 0 0 0 0 0 0 0 0 0 0 0 0 0 0 0 0 0 0 0 0 0 0 0 0 0 0 0 
0 0 0 0 0 0 0 0 0 0 0 0 0 0 0 0 0 0 0 0 0 0 0 0 0 0 0 0 0 0 0 0 0 0 0 0 8 8 8 63 25 25 25 191 31 31 31 239 27 27 27 207 19 19 19 143 6 6 6 47 0 0 0 0 0 0 0 0 8 8 8 63 25 25 25 191 31 31 31 239 27 27 27 207 19 19 19 143 6 6 6 47 0 0 0 0 0 0 0 0 8 8 8 63 25 25 25 191 79 44 39 255 171 66 50 255 217 78 56 255 218 78 56 255 226 120 101 255 244 204 191 255 253 247 237 255 253 247 237 255 244 204 191 255 226 120 101 255 218 78 56 255 217 78 56 255 226 120 101 255 244 204 191 255 198 193 186 255 88 87 84 255 25 25 25 191 8 8 8 63 0 0 0 0 0 0 0 0 6 6 6 47 19 19 19 143 19 19 19 143 6 6 6 47 0 0 0 0 0 0 0 0 0 0 0 0 0 0 0 0 0 0 0 0 0 0 0 0 0 0 0 0 0 0 0 0 0 0 0 0 0 0 0 0 0 0 0 0 0 0 0 0 0 0 0 0 
0 0 0 0 0 0 0 0 0 0 0 0 0 0 0 0 0 0 0 0 0 0 0 0 0 0 0 0 0 0 0 0 0 0 0 0 6 6 6 47 19 19 19 143 27 27 27 207 31 31 31 239 27 27 27 207 14 14 14 111 6 6 6 47 2 2 2 15 8 8 8 63 25 25 25 191 34 34 34 255 34 34 34 255 27 27 27 207 14 14 14 111 8 8 8 63 8 8 8 63 14 14 14 111 27 27 27 207 79 44 39 255 171 66 50 255 217 78 56 255 218 78 56 255 226 120 101 255 244 204 191 255 253 247 237 255 253 247 237 255 244 204 191 255 226 120 101 255 218 78 56 255 217 78 56 255 226 120 101 255 244 204 191 255 198 193 186 255 88 87 84 255 25 25 25 191 8 8 8 63 2 2 2 15 6 6 6 47 14 14 14 111 27 27 27 207 25 25 25 191 8 8 8 63 0 0 0 0 0 0 0 0 0 0 0 0 0 0 0 0 0 0 0 0 0 0 0 0 0 0 0 0 0 0 0 0 0 0 0 0 0 0 0 0 0 0 0 0 0 0 0 0 0 0 0 0 
0 0 0 0 0 0 0 0 0 0 0 0 0 0 0 0 0 0 0 0 0 0 0 0 0 0 0 0 0 0 0 0 0 0 0 0 2 2 2 15 6 6 6 47 14 14 14 111 27 27 27 207 31 31 31 239 27 27 27 207 19 19 19 143 6 6 6 47 8 8 8 63 25 25 25 191 34 34 34 255 34 34 34 255 31 31 31 239 27 27 27 207 25 25 25 191 25 25 25 191 27 27 27 207 31 31 31 239 79 44 39 255 171 66 50 255 217 78 56 255 218 78 56 255 226 120 101 255 244 204 191 255 253 247 237 255 253 247 237 255 244 204 191 255 226 120 101 255 218 78 56 255 217 78 56 255 226 120 101 255 244 204 191 255 198 193 186 255 88 87 84 255 25 25 25 191 8 8 8 63 6 6 6 47 19 19 19 143 27 27 27 207 31 31 31 239 25 25 25 191 8 8 8 63 0 0 0 0 0 0 0 0 0 0 0 0 0 0 0 0 0 0 0 0 0 0 0 0 0 0 0 0 0 0 0 0 0 0 0 0 0 0 0 0 0 0 0 0 0 0 0 0 0 0 0 0 
0 0 0 0 0 0 0 0 0 0 0 0 0 0 0 0 0 0 0 0 0 0 0 0 0 0 0 0 0 0 0 0 0 0 0 0 0 0 0 0 0 0 0 0 8 8 8 63 25 25 25 191 34 34 34 255 34 34 34 255 27 27 27 207 14 14 14 111 14 14 14 111 27 27 27 207 34 34 34 255 34 34 34 255 34 34 34 255 34 34 34 255 34 34 34 255 34 34 34 255 34 34 34 255 34 34 34 255 79 44 39 255 171 66 50 255 217 78 56 255 218 78 56 255 213 106 88 255 203 164 153 255 198 193 186 255 198 193 186 255 203 164 153 255 213 106 88 255 218 78 56 255 217 78 56 255 213 106 88 255 203 164 153 255 157 153 148 255 75 73 72 255 27 27 27 207 14 14 14 111 14 14 14 111 27 27 27 207 34 34 34 255 34 34 34 255 25 25 25 191 8 8 8 63 0 0 0 0 0 0 0 0 0 0 0 0 0 0 0 0 0 0 0 0 0 0 0 0 0 0 0 0 0 0 0 0 0 0 0 0 0 0 0 0 0 0 0 0 0 0 0 0 0 0 0 0 
0 0 0 0 0 0 0 0 0 0 0 0 0 0 0 0 0 0 0 0 0 0 0 0 0 0 0 0 0 0 0 0 0 0 0 0 0 0 0 0 0 0 0 0 8 8 8 63 25 25 25 191 34 34 34 255 34 34 34 255 31 31 31 239 27 27 27 207 27 27 27 207 31 31 31 239 34 34 34 255 34 34 34 255 34 34 34 255 34 34 34 255 34 34 34 255 34 34 34 255 34 34 34 255 34 34 34 255 79 44 39 255 171 66 50 255 217 78 56 255 218 78 56 255 185 80 63 255 121 84 77 255 88 87 84 255 88 87 84 255 121 84 77 255 185 80 63 255 218 78 56 255 217 78 56 255 185 80 63 255 121 84 77 255 75 73 72 255 47 47 46 255 31 31 31 239 27 27 27 207 27 27 27 207 31 31 31 239 34 34 34 255 34 34 34 255 25 25 25 191 8 8 8 63 0 0 0 0 0 0 0 0 0 0 0 0 0 0 0 0 0 0 0 0 0 0 0 0 0 0 0 0 0 0 0 0 0 0 0 0 0 0 0 0 0 0 0 0 0 0 0 0 0 0 0 0 
0 0 0 0 0 0 0 0 0 0 0 0 0 0 0 0 0 0 0 0 0 0 0 0 0 0 0 0 0 0 0 0 0 0 0 0 0 0 0 0 0 0 0 0 8 8 8 63 25 25 25 191 34 34 34 255 34 34 34 255 34 34 34 255 34 34 34 255 41 34 36 255 57 35 42 255 65 35 45 255 65 35 45 255 57 35 42 255 41 34 36 255 45 36 35 255 68 42 38 255 76 42 40 255 68 38 43 255 91 43 46 255 145 59 49 255 171 66 50 255 171 66 50 255 137 58 46 255 68 42 38 255 34 34 34 255 34 34 34 255 68 42 38 255 137 58 46 255 171 66 50 255 171 66 50 255 137 58 46 255 68 42 38 255 41 34 36 255 57 35 42 255 65 35 45 255 65 35 45 255 57 35 42 255 41 34 36 255 34 34 34 255 34 34 34 255 25 25 25 191 8 8 8 63 2 2 2 15 6 6 6 47 6 6 6 47 2 2 2 15 0 0 0 0 0 0 0 0 0 0 0 0 0 0 0 0 0 0 0 0 0 0 0 0 0 0 0 0 0 0 0 0 0 0 0 0 
0 0 0 0 0 0 0 0 0 0 0 0 0 0 0 0 0 0 0 0 0 0 0 0 0 0 0 0 0 0 0 0 0 0 0 0 0 0 0 0 0 0 0 0 8 8 8 63 25 25 25 191 34 34 34 255 34 34 34 255 34 34 34 255 34 34 34 255 57 35 42 255 104 37 58 255 127 39 67 255 127 39 67 255 104 37 58 255 57 35 42 255 68 42 38 255 137 58 46 255 160 60 54 255 138 46 62 255 115 40 60 255 91 43 46 255 79 44 39 255 79 44 39 255 68 42 38 255 45 36 35 255 34 34 34 255 34 34 34 255 45 36 35 255 68 42 38 255 79 44 39 255 79 44 39 255 68 42 38 255 45 36 35 255 57 35 42 255 104 37 58 255 127 39 67 255 127 39 67 255 104 37 58 255 57 35 42 255 34 34 34 255 34 34 34 255 25 25 25 191 8 8 8 63 6 6 6 47 19 19 19 143 19 19 19 143 6 6 6 47 0 0 0 0 0 0 0 0 0 0 0 0 0 0 0 0 0 0 0 0 0 0 0 0 0 0 0 0 0 0 0 0 0 0 0 0 
0 0 0 0 0 0 0 0 0 0 0 0 0 0 0 0 0 0 0 0 0 0 0 0 0 0 0 0 2 2 2 15 6 6 6 47 6 6 6 47 2 2 2 15 8 8 8 63 25 25 25 191 41 34 36 255 57 35 42 255 57 35 42 255 41 34 36 255 68 38 43 255 138 46 62 255 173 50 72 255 173 50 72 255 150 48 64 255 103 46 47 255 114 53 43 255 183 69 51 255 206 71 60 255 184 57 68 255 146 46 65 255 92 39 51 255 65 35 45 255 65 35 45 255 65 35 45 255 65 35 45 255 65 35 45 255 65 35 45 255 65 35 45 255 65 35 45 255 65 35 45 255 65 35 45 255 65 35 45 255 65 35 45 255 92 39 51 255 146 46 65 255 173 50 72 255 173 50 72 255 146 46 65 255 92 39 51 255 65 35 45 255 65 35 45 255 51 28 35 207 22 15 17 111 14 14 14 111 27 27 27 207 25 25 25 191 8 8 8 63 0 0 0 0 0 0 0 0 0 0 0 0 0 0 0 0 0 0 0 0 0 0 0 0 0 0 0 0 0 0 0 0 0 0 0 0 
0 0 0 0 0 0 0 0 0 0 0 0 0 0 0 0 0 0 0 0 0 0 0 0 0 0 0 0 6 6 6 47 19 19 19 143 19 19 19 143 6 6 6 47 8 8 8 63 25 25 25 191 57 35 42 255 104 37 58 255 104 37 58 255 57 35 42 255 76 42 40 255 160 60 54 255 203 68 61 255 203 68 61 255 195 68 58 255 179 67 53 255 183 69 51 255 206 75 54 255 214 75 57 255 206 71 60 255 184 61 62 255 146 46 65 255 127 39 67 255 127 39 67 255 127 39 67 255 127 39 67 255 127 39 67 255 127 39 67 255 127 39 67 255 127 39 67 255 127 39 67 255 127 39 67 255 127 39 67 255 127 39 67 255 146 46 65 255 184 61 62 255 203 68 61 255 203 68 61 255 184 61 62 255 146 46 65 255 127 39 67 255 127 39 67 255 102 35 56 239 51 28 35 207 27 27 27 207 31 31 31 239 25 25 25 191 8 8 8 63 0 0 0 0 0 0 0 0 0 0 0 0 0 0 0 0 0 0 0 0 0 0 0 0 0 0 0 0 0 0 0 0 0 0 0 0 
0 0 0 0 0 0 0 0 0 0 0 0 0 0 0 0 0 0 0 0 0 0 0 0 0 0 0 0 8 8 8 63 25 25 25 191 27 27 27 207 14 14 14 111 14 14 14 111 27 27 27 207 65 35 44 255 127 39 66 255 139 41 68 255 99 44 49 255 114 53 43 255 183 69 51 255 218 78 56 255 217 78 56 255 218 78 56 255 217 78 56 255 218 78 56 255 218 78 56 255 218 78 56 255 218 78 56 255 206 71 60 255 184 57 68 255 173 50 72 255 173 50 72 255 173 50 72 255 173 50 72 255 173 50 72 255 173 50 72 255 173 50 72 255 173 50 72 255 173 50 72 255 173 50 72 255 173 50 72 255 173 50 72 255 184 57 68 255 206 71 60 255 218 78 56 255 217 78 56 255 206 71 60 255 184 57 68 255 173 50 72 255 173 50 72 255 138 46 62 255 68 38 43 255 34 34 34 255 34 34 34 255 25 25 25 191 8 8 8 63 0 0 0 0 0 0 0 0 0 0 0 0 0 0 0 0 0 0 0 0 0 0 0 0 0 0 0 0 0 0 0 0 0 0 0 0 
0 0 0 0 0 0 0 0 0 0 0 0 0 0 0 0 0 0 0 0 0 0 0 0 0 0 0 0 8 8 8 63 25 25 25 191 31 31 31 239 27 27 27 207 27 27 27 207 31 31 31 239 65 35 44 255 127 39 66 255 162 47 71 255 168 60 57 255 183 69 51 255 206 75 54 255 218 78 56 255 217 78 56 255 218 78 56 255 217 78 56 255 218 78 56 255 218 78 56 255 218 78 56 255 218 78 56 255 214 75 57 255 206 71 60 255 203 68 61 255 203 68 61 255 203 68 61 255 203 68 61 255 203 68 61 255 203 68 61 255 203 68 61 255 203 68 61 255 203 68 61 255 203 68 61 255 203 68 61 255 203 68 61 255 206 71 60 255 214 75 57 255 218 78 56 255 217 78 56 255 214 75 57 255 206 71 60 255 203 68 61 255 203 68 61 255 160 60 54 255 76 42 40 255 34 34 34 255 34 34 34 255 25 25 25 191 8 8 8 63 0 0 0 0 0 0 0 0 0 0 0 0 0 0 0 0 0 0 0 0 0 0 0 0 0 0 0 0 0 0 0 0 0 0 0 0 
0 0 0 0 0 0 0 0 0 0 0 0 0 0 0 0 0 0 0 0 0 0 0 0 0 0 0 0 6 6 6 47 19 19 19 143 27 27 27 207 31 31 31 239 34 34 34 255 34 34 34 255 57 35 42 255 104 37 58 255 146 46 65 255 184 61 62 255 203 68 61 255 203 68 61 255 203 68 61 255 203 68 61 255 206 71 60 255 214 75 57 255 218 78 56 255 218 78 56 255 218 78 56 255 218 78 56 255 218 78 56 255 218 78 56 255 217 78 56 255 218 78 56 255 217 78 56 255 218 78 56 255 218 78 56 255 217 78 56 255 218 78 56 255 217 78 56 255 218 78 56 255 217 78 56 255 218 78 56 255 217 78 56 255 218 78 56 255 217 78 56 255 218 78 56 255 217 78 56 255 217 78 56 255 218 78 56 255 217 78 56 255 218 78 56 255 172 67 50 255 80 45 39 255 34 34 34 255 34 34 34 255 25 25 25 191 8 8 8 63 0 0 0 0 0 0 0 0 0 0 0 0 0 0 0 0 0 0 0 0 0 0 0 0 0 0 0 0 0 0 0 0 0 0 0 0 
0 0 0 0 0 0 0 0 0 0 0 0 0 0 0 0 0 0 0 0 0 0 0 0 0 0 0 0 2 2 2 15 6 6 6 47 14 14 14 111 27 27 27 207 34 34 34 255 34 34 34 255 41 34 36 255 57 35 42 255 92 39 51 255 146 46 65 255 173 50 72 255 173 50 72 255 173 50 72 255 173 50 72 255 184 57 68 255 206 71 60 255 218 78 56 255 218 78 56 255 218 78 56 255 218 78 56 255 218 78 56 255 218 78 56 255 217 78 56 255 218 78 56 255 217 78 56 255 218 78 56 255 218 78 56 255 217 78 56 255 218 78 56 255 217 78 56 255 218 78 56 255 217 78 56 255 218 78 56 255 217 78 56 255 218 78 56 255 217 78 56 255 218 78 56 255 217 78 56 255 217 78 56 255 218 78 56 255 217 78 56 255 218 78 56 255 172 67 50 255 80 45 39 255 34 34 34 255 34 34 34 255 25 25 25 191 8 8 8 63 0 0 0 0 0 0 0 0 0 0 0 0 0 0 0 0 0 0 0 0 0 0 0 0 0 0 0 0 0 0 0 0 0 0 0 0 
0 0 0 0 0 0 0 0 0 0 0 0 0 0 0 0 0 0 0 0 0 0 0 0 0 0 0 0 0 0 0 0 0 0 0 0 8 8 8 63 25 25 25 191 34 34 34 255 34 34 34 255 41 34 36 255 57 35 42 255 88 37 53 255 135 39 69 255 162 43 76 255 170 47 73 255 173 50 72 255 173 50 72 255 184 57 68 255 206 71 60 255 218 78 56 255 218 78 56 255 218 78 56 255 218 78 56 255 218 78 56 255 218 78 56 255 217 78 56 255 218 78 56 255 217 78 56 255 218 78 56 255 218 78 56 255 217 78 56 255 218 78 56 255 217 78 56 255 218 78 56 255 217 78 56 255 218 78 56 255 217 78 56 255 218 78 56 255 217 78 56 255 218 78 56 255 217 78 56 255 217 78 56 255 218 78 56 255 217 78 56 255 218 78 56 255 172 67 50 255 80 45 39 255 31 31 31 239 27 27 27 207 19 19 19 143 6 6 6 47 0 0 0 0 0 0 0 0 0 0 0 0 0 0 0 0 0 0 0 0 0 0 0 0 0 0 0 0 0 0 0 0 0 0 0 0 
0 0 0 0 0 0 0 0 0 0 0 0 0 0 0 0 0 0 0 0 0 0 0 0 0 0 0 0 0 0 0 0 0 0 0 0 8 8 8 63 25 25 25 191 34 34 34 255 34 34 34 255 57 35 42 255 104 37 58 255 135 39 69 255 151 40 75 255 170 47 73 255 192 61 65 255 203 68 61 255 203 68 61 255 206 71 60 255 214 75 57 255 218 78 56 255 218 78 56 255 218 78 56 255 218 78 56 255 218 78 56 255 218 78 56 255 217 78 56 255 218 78 56 255 217 78 56 255 218 78 56 255 218 78 56 255 217 78 56 255 218 78 56 255 217 78 56 255 218 78 56 255 217 78 56 255 218 78 56 255 217 78 56 255 218 78 56 255 217 78 56 255 218 78 56 255 217 78 56 255 217 78 56 255 218 78 56 255 217 78 56 255 218 78 56 255 172 67 50 255 80 45 39 255 27 27 27 207 14 14 14 111 6 6 6 47 2 2 2 15 0 0 0 0 0 0 0 0 0 0 0 0 0 0 0 0 0 0 0 0 0 0 0 0 0 0 0 0 0 0 0 0 0 0 0 0 
0 0 0 0 0 0 0 0 0 0 0 0 0 0 0 0 0 0 0 0 0 0 0 0 0 0 0 0 0 0 0 0 0 0 0 0 8 8 8 63 25 25 25 191 34 34 34 255 34 34 34 255 57 35 42 255 104 37 58 255 135 39 69 255 151 40 75 255 162 47 71 255 168 60 57 255 171 66 50 255 171 66 50 255 183 69 51 255 206 75 54 255 206 75 54 255 183 69 51 255 183 69 51 255 206 75 54 255 206 75 54 255 183 69 51 255 183 69 51 255 206 75 54 255 206 75 54 255 183 69 51 255 183 69 51 255 206 75 54 255 206 75 54 255 183 69 51 255 183 69 51 255 206 75 54 255 206 75 54 255 183 69 51 255 183 69 51 255 206 75 54 255 206 75 54 255 183 69 51 255 171 66 50 255 171 66 50 255 171 66 50 255 171 66 50 255 137 58 46 255 68 42 38 255 25 25 25 191 8 8 8 63 0 0 0 0 0 0 0 0 0 0 0 0 0 0 0 0 0 0 0 0 0 0 0 0 0 0 0 0 0 0 0 0 0 0 0 0 0 0 0 0 0 0 0 0 
0 0 0 0 0 0 0 0 0 0 0 0 0 0 0 0 0 0 0 0 0 0 0 0 0 0 0 0 0 0 0 0 0 0 0 0 8 8 8 63 25 25 25 191 34 34 34 255 34 34 34 255 41 34 36 255 57 35 42 255 88 37 53 255 135 39 69 255 139 41 68 255 99 43 49 255 79 44 39 255 79 44 39 255 114 53 43 255 183 69 51 255 183 69 51 255 114 53 43 255 114 53 43 255 183 69 51 255 183 69 51 255 114 53 43 255 114 53 43 255 183 69 51 255 183 69 51 255 114 53 43 255 114 53 43 255 183 69 51 255 183 69 51 255 114 53 43 255 114 53 43 255 183 69 51 255 183 69 51 255 114 53 43 255 114 53 43 255 183 69 51 255 183 69 51 255 114 53 43 255 79 44 39 255 79 44 39 255 79 44 39 255 79 44 39 255 68 42 38 255 45 36 35 255 25 25 25 191 8 8 8 63 0 0 0 0 0 0 0 0 0 0 0 0 0 0 0 0 0 0 0 0 0 0 0 0 0 0 0 0 0 0 0 0 0 0 0 0 0 0 0 0 0 0 0 0 
0 0 0 0 0 0 0 0 0 0 0 0 0 0 0 0 0 0 0 0 0 0 0 0 0 0 0 0 0 0 0 0 0 0 0 0 6 6 6 47 19 19 19 143 27 27 27 207 31 31 31 239 34 34 34 255 34 34 34 255 57 35 42 255 104 37 58 255 104 37 58 255 57 35 42 255 34 34 34 255 34 34 34 255 68 42 38 255 137 58 46 255 137 58 46 255 68 42 38 255 68 42 38 255 137 58 46 255 151 72 59 255 109 82 76 255 109 82 76 255 151 72 59 255 151 72 59 255 109 82 76 255 109 82 76 255 151 72 59 255 151 72 59 255 109 82 76 255 109 82 76 255 151 72 59 255 151 72 59 255 109 82 76 255 109 82 76 255 151 72 59 255 151 72 59 255 109 82 76 255 75 73 72 255 47 47 46 255 34 34 34 255 34 34 34 255 34 34 34 255 34 34 34 255 25 25 25 191 8 8 8 63 0 0 0 0 0 0 0 0 0 0 0 0 0 0 0 0 0 0 0 0 0 0 0 0 0 0 0 0 0 0 0 0 0 0 0 0 0 0 0 0 0 0 0 0 
0 0 0 0 0 0 0 0 0 0 0 0 0 0 0 0 0 0 0 0 0 0 0 0 0 0 0 0 0 0 0 0 0 0 0 0 2 2 2 15 6 6 6 47 14 14 14 111 27 27 27 207 34 34 34 255 34 34 34 255 41 34 36 255 57 35 42 255 57 35 42 255 41 34 36 255 34 34 34 255 34 34 34 255 45 36 35 255 68 42 38 255 68 42 38 255 45 36 35 255 45 36 35 255 68 42 38 255 109 82 76 255 168 156 149 255 168 156 149 255 109 82 76 255 109 82 76 255 168 156 149 255 168 156 149 255 109 82 76 255 109 82 76 255 168 156 149 255 168 156 149 255 109 82 76 255 109 82 76 255 168 156 149 255 168 156 149 255 109 82 76 255 109 82 76 255 168 156 149 255 157 153 148 255 75 73 72 255 34 34 34 255 34 34 34 255 34 34 34 255 34 34 34 255 25 25 25 191 8 8 8 63 0 0 0 0 0 0 0 0 0 0 0 0 0 0 0 0 0 0 0 0 0 0 0 0 0 0 0 0 0 0 0 0 0 0 0 0 0 0 0 0 0 0 0 0 
0 0 0 0 0 0 0 0 0 0 0 0 0 0 0 0 0 0 0 0 0 0 0 0 0 0 0 0 2 2 2 15 6 6 6 47 8 8 8 63 8 8 8 63 12 12 12 95 21 21 21 159 25 25 25 191 25 25 25 191 27 27 27 207 31 31 31 239 34 34 34 255 34 34 34 255 34 34 34 255 34 34 34 255 34 34 34 255 34 34 34 255 34 34 34 255 34 34 34 255 34 34 34 255 34 34 34 255 75 73 72 255 157 153 148 255 157 153 148 255 75 73 72 255 88 87 84 255 198 193 186 255 198 193 186 255 88 87 84 255 75 73 72 255 157 153 148 255 157 153 148 255 75 73 72 255 88 87 84 255 198 193 186 255 198 193 186 255 88 87 84 255 75 73 72 255 157 153 148 255 157 153 148 255 75 73 72 255 34 34 34 255 34 34 34 255 31 31 31 239 27 27 27 207 19 19 19 143 6 6 6 47 0 0 0 0 0 0 0 0 0 0 0 0 0 0 0 0 0 0 0 0 0 0 0 0 0 0 0 0 0 0 0 0 0 0 0 0 0 0 0 0 0 0 0 0 
0 0 0 0 0 0 0 0 0 0 0 0 0 0 0 0 0 0 0 0 0 0 0 0 0 0 0 0 6 6 6 47 19 19 19 143 25 25 25 191 25 25 25 191 21 21 21 159 12 12 12 95 8 8 8 63 8 8 8 63 14 14 14 111 27 27 27 207 34 34 34 255 34 34 34 255 34 34 34 255 34 34 34 255 34 34 34 255 34 34 34 255 34 34 34 255 34 34 34 255 34 34 34 255 34 34 34 255 47 47 46 255 75 73 72 255 75 73 72 255 47 47 46 255 88 87 84 255 198 193 186 255 198 193 186 255 88 87 84 255 47 47 46 255 75 73 72 255 75 73 72 255 47 47 46 255 88 87 84 255 198 193 186 255 198 193 186 255 88 87 84 255 47 47 46 255 75 73 72 255 75 73 72 255 47 47 46 255 34 34 34 255 34 34 34 255 27 27 27 207 14 14 14 111 6 6 6 47 2 2 2 15 0 0 0 0 0 0 0 0 0 0 0 0 0 0 0 0 0 0 0 0 0 0 0 0 0 0 0 0 0 0 0 0 0 0 0 0 0 0 0 0 0 0 0 0 
0 0 0 0 0 0 0 0 0 0 0 0 0 0 0 0 0 0 0 0 0 0 0 0 0 0 0 0 6 6 6 47 19 19 19 143 27 27 27 207 31 31 31 239 27 27 27 207 14 14 14 111 8 8 8 63 8 8 8 63 14 14 14 111 27 27 27 207 34 34 34 255 34 34 34 255 34 34 34 255 34 34 34 255 34 34 34 255 34 34 34 255 34 34 34 255 34 34 34 255 34 34 34 255 34 34 34 255 34 34 34 255 34 34 34 255 47 47 46 255 75 73 72 255 116 113 110 255 170 167 160 255 157 153 148 255 75 73 72 255 34 34 34 255 34 34 34 255 34 34 34 255 34 34 34 255 75 73 72 255 157 153 148 255 170 167 160 255 116 113 110 255 75 73 72 255 47 47 46 255 34 34 34 255 34 34 34 255 34 34 34 255 34 34 34 255 25 25 25 191 8 8 8 63 0 0 0 0 0 0 0 0 0 0 0 0 0 0 0 0 0 0 0 0 0 0 0 0 0 0 0 0 0 0 0 0 0 0 0 0 0 0 0 0 0 0 0 0 0 0 0 0 0 0 0 0 
0 0 0 0 0 0 0 0 0 0 0 0 0 0 0 0 0 0 0 0 0 0 0 0 0 0 0 0 2 2 2 15 6 6 6 47 14 14 14 111 27 27 27 207 31 31 31 239 27 27 27 207 25 25 25 191 25 25 25 191 27 27 27 207 31 31 31 239 34 34 34 255 34 34 34 255 34 34 34 255 34 34 34 255 34 34 34 255 34 34 34 255 34 34 34 255 34 34 34 255 34 34 34 255 34 34 34 255 34 34 34 255 34 34 34 255 75 73 72 255 157 153 148 255 170 167 160 255 116 113 110 255 75 73 72 255 47 47 46 255 34 34 34 255 34 34 34 255 34 34 34 255 34 34 34 255 47 47 46 255 75 73 72 255 116 113 110 255 170 167 160 255 157 153 148 255 75 73 72 255 34 34 34 255 34 34 34 255 34 34 34 255 34 34 34 255 25 25 25 191 8 8 8 63 0 0 0 0 0 0 0 0 0 0 0 0 0 0 0 0 0 0 0 0 0 0 0 0 0 0 0 0 0 0 0 0 0 0 0 0 0 0 0 0 0 0 0 0 0 0 0 0 0 0 0 0 
0 0 0 0 0 0 0 0 0 0 0 0 0 0 0 0 0 0 0 0 0 0 0 0 0 0 0 0 0 0 0 0 0 0 0 0 8 8 8 63 25 25 25 191 34 34 34 255 34 34 34 255 34 34 34 255 34 34 34 255 34 34 34 255 34 34 34 255 34 34 34 255 34 34 34 255 34 34 34 255 34 34 34 255 34 34 34 255 34 34 34 255 34 34 34 255 34 34 34 255 47 47 46 255 75 73 72 255 75 73 72 255 47 47 46 255 88 87 84 255 198 193 186 255 198 193 186 255 88 87 84 255 47 47 46 255 75 73 72 255 75 73 72 255 47 47 46 255 47 47 46 255 75 73 72 255 75 73 72 255 47 47 46 255 88 87 84 255 198 193 186 255 198 193 186 255 88 87 84 255 47 47 46 255 75 73 72 255 75 73 72 255 47 47 46 255 27 27 27 207 14 14 14 111 6 6 6 47 2 2 2 15 0 0 0 0 0 0 0 0 2 2 2 15 6 6 6 47 6 6 6 47 2 2 2 15 0 0 0 0 0 0 0 0 0 0 0 0 0 0 0 0 0 0 0 0 
0 0 0 0 0 0 0 0 0 0 0 0 0 0 0 0 0 0 0 0 0 0 0 0 0 0 0 0 0 0 0 0 0 0 0 0 8 8 8 63 25 25 25 191 34 34 34 255 34 34 34 255 34 34 34 255 34 34 34 255 34 34 34 255 34 34 34 255 34 34 34 255 34 34 34 255 34 34 34 255 34 34 34 255 34 34 34 255 34 34 34 255 34 34 34 255 34 34 34 255 75 73 72 255 157 153 148 255 157 153 148 255 75 73 72 255 88 87 84 255 198 193 186 255 198 193 186 255 88 87 84 255 75 73 72 255 157 153 148 255 157 153 148 255 75 73 72 255 75 73 72 255 157 153 148 255 157 153 148 255 75 73 72 255 88 87 84 255 198 193 186 255 198 193 186 255 88 87 84 255 75 73 72 255 157 153 148 255 157 153 148 255 75 73 72 255 31 31 31 239 27 27 27 207 19 19 19 143 6 6 6 47 0 0 0 0 0 0 0 0 6 6 6 47 19 19 19 143 19 19 19 143 6 6 6 47 0 0 0 0 0 0 0 0 0 0 0 0 0 0 0 0 0 0 0 0 
0 0 0 0 0 0 0 0 0 0 0 0 0 0 0 0 0 0 0 0 2 2 2 15 6 6 6 47 8 8 8 63 8 8 8 63 14 14 14 111 27 27 27 207 34 34 34 255 34 34 34 255 34 34 34 255 34 34 34 255 34 34 34 255 34 34 34 255 41 34 36 255 57 35 42 255 65 35 45 255 65 35 45 255 57 35 42 255 41 34 36 255 41 34 36 255 57 35 42 255 98 75 80 255 164 154 150 255 168 156 149 255 109 82 76 255 109 82 76 255 168 156 149 255 168 156 149 255 109 82 76 255 109 82 76 255 168 156 149 255 168 156 149 255 109 82 76 255 109 82 76 255 168 156 149 255 168 156 149 255 109 82 76 255 109 82 76 255 168 156 149 255 165 154 150 255 98 75 80 255 98 75 80 255 164 154 150 255 157 153 148 255 75 73 72 255 34 34 34 255 34 34 34 255 27 27 27 207 14 14 14 111 8 8 8 63 8 8 8 63 14 14 14 111 27 27 27 207 25 25 25 191 8 8 8 63 0 0 0 0 0 0 0 0 0 0 0 0 0 0 0 0 0 0 0 0 
0 0 0 0 0 0 0 0 0 0 0 0 0 0 0 0 0 0 0 0 6 6 6 47 19 19 19 143 25 25 25 191 25 25 25 191 27 27 27 207 31 31 31 239 34 34 34 255 34 34 34 255 34 34 34 255 34 34 34 255 34 34 34 255 34 34 34 255 57 35 42 255 104 37 58 255 127 39 67 255 127 39 67 255 104 37 58 255 57 35 42 255 57 35 42 255 104 37 58 255 118 51 71 255 98 75 80 255 109 82 76 255 151 72 59 255 151 72 59 255 109 82 76 255 109 82 76 255 151 72 59 255 151 72 59 255 109 82 76 255 109 82 76 255 151 72 59 255 151 72 59 255 109 82 76 255 109 82 76 255 151 72 59 255 151 72 59 255 109 82 76 255 98 75 80 255 117 51 71 255 118 51 71 255 98 75 80 255 75 73 72 255 47 47 46 255 34 34 34 255 34 34 34 255 31 31 31 239 27 27 27 207 25 25 25 191 25 25 25 191 27 27 27 207 31 31 31 239 25 25 25 191 8 8 8 63 0 0 0 0 0 0 0 0 0 0 0 0 0 0 0 0 0 0 0 0 
0 0 0 0 0 0 0 0 0 0 0 0 0 0 0 0 0 0 0 0 6 6 6 47 19 19 19 143 27 27 27 207 31 31 31 239 34 34 34 255 34 34 34 255 41 34 36 255 57 35 42 255 65 35 45 255 65 35 45 255 57 35 42 255 41 34 36 255 68 38 43 255 138 46 62 255 173 50 72 255 173 50 72 255 150 48 64 255 103 46 47 255 103 46 47 255 150 48 64 255 150 48 64 255 103 46 47 255 114 53 43 255 183 69 51 255 183 69 51 255 114 53 43 255 114 53 43 255 183 69 51 255 183 69 51 255 114 53 43 255 114 53 43 255 183 69 51 255 183 69 51 255 114 53 43 255 114 53 43 255 183 69 51 255 183 69 51 255 114 53 43 255 103 46 47 255 150 48 64 255 146 46 65 255 92 39 51 255 65 35 45 255 65 35 45 255 65 35 45 255 65 35 45 255 57 35 42 255 41 34 36 255 34 34 34 255 34 34 34 255 31 31 31 239 27 27 27 207 19 19 19 143 6 6 6 47 0 0 0 0 0 0 0 0 0 0 0 0 0 0 0 0 0 0 0 0 
0 0 0 0 0 0 0 0 0 0 0 0 0 0 0 0 0 0 0 0 2 2 2 15 6 6 6 47 14 14 14 111 27 27 27 207 34 34 34 255 34 34 34 255 57 35 42 255 104 37 58 255 127 39 67 255 127 39 67 255 104 37 58 255 57 35 42 255 76 42 40 255 160 60 54 255 203 68 61 255 203 68 61 255 195 68 58 255 179 67 53 255 179 67 53 255 195 68 58 255 195 68 58 255 179 67 53 255 183 69 51 255 206 75 54 255 206 75 54 255 183 69 51 255 183 69 51 255 206 75 54 255 206 75 54 255 183 69 51 255 183 69 51 255 206 75 54 255 206 75 54 255 183 69 51 255 183 69 51 255 206 75 54 255 206 75 54 255 183 69 51 255 179 67 53 255 195 68 58 255 184 61 62 255 146 46 65 255 127 39 67 255 127 39 67 255 127 39 67 255 127 39 67 255 104 37 58 255 57 35 42 255 34 34 34 255 34 34 34 255 27 27 27 207 14 14 14 111 6 6 6 47 2 2 2 15 0 0 0 0 0 0 0 0 0 0 0 0 0 0 0 0 0 0 0 0 
0 0 0 0 0 0 0 0 0 0 0 0 0 0 0 0 0 0 0 0 0 0 0 0 0 0 0 0 6 6 6 47 19 19 19 143 27 27 27 207 31 31 31 239 65 35 44 255 127 39 66 255 159 40 78 255 159 40 78 255 135 39 69 255 88 37 53 255 99 43 49 255 168 60 57 255 203 68 61 255 203 68 61 255 203 68 61 255 203 68 61 255 206 71 60 255 214 75 57 255 218 78 56 255 218 78 56 255 218 78 56 255 218 78 56 255 217 78 56 255 218 78 56 255 217 78 56 255 218 78 56 255 218 78 56 255 217 78 56 255 218 78 56 255 217 78 56 255 218 78 56 255 217 78 56 255 218 78 56 255 217 78 56 255 218 78 56 255 217 78 56 255 218 78 56 255 217 78 56 255 206 71 60 255 184 57 68 255 173 50 72 255 173 50 72 255 173 50 72 255 173 50 72 255 138 46 62 255 68 38 43 255 31 31 31 239 27 27 27 207 21 21 21 159 12 12 12 95 6 6 6 47 2 2 2 15 0 0 0 0 0 0 0 0 0 0 0 0 0 0 0 0 0 0 0 0 
0 0 0 0 0 0 0 0 0 0 0 0 0 0 0 0 0 0 0 0 0 0 0 0 0 0 0 0 2 2 2 15 6 6 6 47 14 14 14 111 27 27 27 207 65 35 44 255 127 39 66 255 159 40 78 255 159 40 78 255 151 40 75 255 135 39 69 255 139 41 68 255 162 47 71 255 173 50 72 255 173 50 72 255 173 50 72 255 173 50 72 255 184 57 68 255 206 71 60 255 218 78 56 255 218 78 56 255 218 78 56 255 218 78 56 255 217 78 56 255 218 78 56 255 217 78 56 255 218 78 56 255 218 78 56 255 217 78 56 255 218 78 56 255 217 78 56 255 218 78 56 255 217 78 56 255 218 78 56 255 217 78 56 255 218 78 56 255 217 78 56 255 218 78 56 255 217 78 56 255 214 75 57 255 206 71 60 255 203 68 61 255 203 68 61 255 203 68 61 255 203 68 61 255 160 60 54 255 76 42 40 255 27 27 27 207 14 14 14 111 12 12 12 95 21 21 21 159 19 19 19 143 6 6 6 47 0 0 0 0 0 0 0 0 0 0 0 0 0 0 0 0 0 0 0 0 
0 0 0 0 0 0 0 0 0 0 0 0 0 0 0 0 0 0 0 0 2 2 2 15 6 6 6 47 6 6 6 47 2 2 2 15 8 8 8 63 25 25 25 191 57 35 42 255 104 37 58 255 135 39 69 255 151 40 75 255 159 40 78 255 159 40 78 255 159 40 78 255 159 40 78 255 159 40 78 255 159 40 78 255 162 43 76 255 170 47 73 255 184 57 68 255 206 71 60 255 218 78 56 255 218 78 56 255 218 78 56 255 218 78 56 255 214 75 57 255 206 71 60 255 206 71 60 255 214 75 57 255 218 78 56 255 217 78 56 255 218 78 56 255 217 78 56 255 218 78 56 255 217 78 56 255 218 78 56 255 217 78 56 255 218 78 56 255 217 78 56 255 218 78 56 255 217 78 56 255 217 78 56 255 218 78 56 255 217 78 56 255 218 78 56 255 217 78 56 255 218 78 56 255 172 67 50 255 80 45 39 255 27 27 27 207 14 14 14 111 14 14 14 111 27 27 27 207 25 25 25 191 8 8 8 63 0 0 0 0 0 0 0 0 0 0 0 0 0 0 0 0 0 0 0 0 
0 0 0 0 0 0 0 0 0 0 0 0 0 0 0 0 0 0 0 0 6 6 6 47 19 19 19 143 19 19 19 143 6 6 6 47 8 8 8 63 25 25 25 191 41 34 36 255 57 35 42 255 88 37 53 255 135 39 69 255 159 40 78 255 159 40 78 255 159 40 78 255 159 40 78 255 159 40 78 255 159 40 78 255 170 47 73 255 192 61 65 255 206 71 60 255 214 75 57 255 218 78 56 255 218 78 56 255 218 78 56 255 218 78 56 255 206 71 60 255 184 57 68 255 184 57 68 255 206 71 60 255 218 78 56 255 217 78 56 255 218 78 56 255 217 78 56 255 218 78 56 255 217 78 56 255 218 78 56 255 217 78 56 255 218 78 56 255 217 78 56 255 218 78 56 255 217 78 56 255 217 78 56 255 218 78 56 255 217 78 56 255 218 78 56 255 217 78 56 255 218 78 56 255 172 67 50 255 80 45 39 255 31 31 31 239 27 27 27 207 27 27 27 207 31 31 31 239 25 25 25 191 8 8 8 63 0 0 0 0 0 0 0 0 0 0 0 0 0 0 0 0 0 0 0 0 
0 0 0 0 0 0 0 0 0 0 0 0 0 0 0 0 0 0 0 0 8 8 8 63 25 25 25 191 27 27 27 207 14 14 14 111 14 14 14 111 27 27 27 207 41 34 36 255 57 35 42 255 88 37 53 255 135 39 69 255 159 40 78 255 159 40 78 255 159 40 78 255 159 40 78 255 159 40 78 255 159 40 78 255 170 47 73 255 192 61 65 255 203 68 61 255 203 68 61 255 203 68 61 255 203 68 61 255 203 68 61 255 203 68 61 255 192 61 65 255 170 47 73 255 170 47 73 255 192 61 65 255 203 68 61 255 203 68 61 255 206 71 60 255 214 75 57 255 218 78 56 255 217 78 56 255 214 75 57 255 206 71 60 255 203 68 61 255 203 68 61 255 206 71 60 255 214 75 57 255 217 78 56 255 218 78 56 255 217 78 56 255 218 78 56 255 217 78 56 255 218 78 56 255 172 67 50 255 80 45 39 255 34 34 34 255 34 34 34 255 31 31 31 239 27 27 27 207 19 19 19 143 6 6 6 47 0 0 0 0 0 0 0 0 0 0 0 0 0 0 0 0 0 0 0 0 
0 0 0 0 0 0 0 0 0 0 0 0 0 0 0 0 0 0 0 0 8 8 8 63 25 25 25 191 31 31 31 239 27 27 27 207 27 27 27 207 31 31 31 239 57 35 42 255 104 37 58 255 135 39 69 255 151 40 75 255 159 40 78 255 159 40 78 255 159 40 78 255 159 40 78 255 159 40 78 255 159 40 78 255 162 43 76 255 170 47 73 255 173 50 72 255 173 50 72 255 173 50 72 255 173 50 72 255 173 50 72 255 173 50 72 255 170 47 73 255 162 43 76 255 162 43 76 255 170 47 73 255 173 50 72 255 173 50 72 255 184 57 68 255 206 71 60 255 218 78 56 255 217 78 56 255 206 71 60 255 184 57 68 255 173 50 72 255 173 50 72 255 184 57 68 255 206 71 60 255 217 78 56 255 218 78 56 255 217 78 56 255 218 78 56 255 217 78 56 255 218 78 56 255 172 67 50 255 80 45 39 255 34 34 34 255 34 34 34 255 27 27 27 207 14 14 14 111 6 6 6 47 2 2 2 15 0 0 0 0 0 0 0 0 0 0 0 0 0 0 0 0 0 0 0 0 
0 0 0 0 0 0 0 0 0 0 0 0 0 0 0 0 0 0 0 0 6 6 6 47 19 19 19 143 27 27 27 207 31 31 31 239 34 34 34 255 34 34 34 255 65 35 44 255 127 39 66 255 159 40 78 255 159 40 78 255 159 40 78 255 159 40 78 255 159 40 78 255 159 40 78 255 159 40 78 255 159 40 78 255 159 40 78 255 159 40 78 255 159 40 78 255 159 40 78 255 159 40 78 255 159 40 78 255 159 40 78 255 159 40 78 255 159 40 78 255 159 40 78 255 159 40 78 255 159 40 78 255 159 40 78 255 159 40 78 255 170 47 73 255 192 61 65 255 203 68 61 255 203 68 61 255 192 61 65 255 170 47 73 255 159 40 78 255 159 40 78 255 170 47 73 255 192 61 65 255 203 68 61 255 203 68 61 255 203 68 61 255 203 68 61 255 203 68 61 255 203 68 61 255 160 60 54 255 76 42 40 255 31 31 31 239 27 27 27 207 19 19 19 143 6 6 6 47 0 0 0 0 0 0 0 0 0 0 0 0 0 0 0 0 0 0 0 0 0 0 0 0 0 0 0 0 
0 0 0 0 0 0 0 0 0 0 0 0 0 0 0 0 0 0 0 0 2 2 2 15 6 6 6 47 14 14 14 111 27 27 27 207 34 34 34 255 34 34 34 255 65 35 44 255 127 39 66 255 159 40 78 255 159 40 78 255 159 40 78 255 159 40 78 255 159 40 78 255 159 40 78 255 159 40 78 255 159 40 78 255 159 40 78 255 159 40 78 255 159 40 78 255 159 40 78 255 159 40 78 255 159 40 78 255 159 40 78 255 159 40 78 255 159 40 78 255 159 40 78 255 159 40 78 255 159 40 78 255 159 40 78 255 159 40 78 255 162 43 76 255 170 47 73 255 173 50 72 255 173 50 72 255 170 47 73 255 162 43 76 255 159 40 78 255 159 40 78 255 162 43 76 255 170 47 73 255 173 50 72 255 173 50 72 255 173 50 72 255 173 50 72 255 173 50 72 255 173 50 72 255 138 46 62 255 68 38 43 255 27 27 27 207 14 14 14 111 6 6 6 47 2 2 2 15 0 0 0 0 0 0 0 0 0 0 0 0 0 0 0 0 0 0 0 0 0 0 0 0 0 0 0 0 
0 0 0 0 0 0 0 0 0 0 0 0 0 0 0 0 0 0 0 0 0 0 0 0 0 0 0 0 6 6 6 47 19 19 19 143 27 27 27 207 31 31 31 239 57 35 42 255 104 37 58 255 127 39 66 255 127 39 66 255 135 39 69 255 151 40 75 255 159 40 78 255 159 40 78 255 159 40 78 255 159 40 78 255 159 40 78 255 159 40 78 255 159 40 78 255 159 40 78 255 151 40 75 255 135 39 69 255 127 39 66 255 127 39 66 255 127 39 66 255 127 39 66 255 127 39 66 255 127 39 66 255 127 39 66 255 127 39 66 255 127 39 66 255 127 39 66 255 135 39 69 255 151 40 75 255 159 40 78 255 159 40 78 255 159 40 78 255 159 40 78 255 159 40 78 255 159 40 78 255 159 40 78 255 159 40 78 255 151 40 75 255 135 39 69 255 127 39 66 255 127 39 66 255 104 37 58 255 57 35 42 255 25 25 25 191 8 8 8 63 0 0 0 0 0 0 0 0 0 0 0 0 0 0 0 0 0 0 0 0 0 0 0 0 0 0 0 0 0 0 0 0 0 0 0 0 
0 0 0 0 0 0 0 0 0 0 0 0 0 0 0 0 0 0 0 0 0 0 0 0 0 0 0 0 2 2 2 15 6 6 6 47 14 14 14 111 27 27 27 207 41 34 36 255 57 35 42 255 65 35 44 255 65 35 44 255 88 37 53 255 135 39 69 255 159 40 78 255 159 40 78 255 159 40 78 255 159 40 78 255 159 40 78 255 159 40 78 255 159 40 78 255 159 40 78 255 135 39 69 255 88 37 53 255 65 35 44 255 65 35 44 255 65 35 44 255 65 35 44 255 65 35 44 255 65 35 44 255 65 35 44 255 65 35 44 255 65 35 44 255 65 35 44 255 88 37 53 255 135 39 69 255 159 40 78 255 159 40 78 255 159 40 78 255 159 40 78 255 159 40 78 255 159 40 78 255 159 40 78 255 159 40 78 255 135 39 69 255 88 37 53 255 65 35 44 255 65 35 44 255 57 35 42 255 41 34 36 255 25 25 25 191 8 8 8 63 0 0 0 0 0 0 0 0 0 0 0 0 0 0 0 0 0 0 0 0 0 0 0 0 0 0 0 0 0 0 0 0 0 0 0 0 
0 0 0 0 0 0 0 0 0 0 0 0 0 0 0 0 0 0 0 0 0 0 0 0 0 0 0 0 2 2 2 15 6 6 6 47 14 14 14 111 27 27 27 207 41 34 36 255 57 35 42 255 65 35 45 255 65 35 45 255 88 37 53 255 135 39 69 255 159 40 78 255 159 40 78 255 159 40 78 255 159 40 78 255 159 40 78 255 159 40 78 255 159 40 78 255 159 40 78 255 135 39 69 255 88 37 53 255 65 35 45 255 65 35 45 255 65 35 45 255 65 35 45 255 65 35 45 255 65 35 45 255 65 35 45 255 65 35 45 255 65 35 45 255 65 35 45 255 88 37 53 255 135 39 69 255 159 40 78 255 159 40 78 255 159 40 78 255 159 40 78 255 159 40 78 255 159 40 78 255 159 40 78 255 159 40 78 255 135 39 69 255 88 37 53 255 65 35 45 255 65 35 45 255 57 35 42 255 41 34 36 255 25 25 25 191 8 8 8 63 0 0 0 0 0 0 0 0 0 0 0 0 0 0 0 0 0 0 0 0 0 0 0 0 0 0 0 0 0 0 0 0 0 0 0 0 
