0 0 0 0 0 0 0 0 0 0 0 0 0 0 0 0 0 0 0 0 0 0 0 0 0 0 0 0 0 0 0 0 0 0 0 0 0 0 0 0 0 0 0 0 0 0 0 0 0 0 0 0 0 0 0 0 0 0 0 0 0 0 0 0 0 0 0 0 0 0 0 0 0 0 0 0 0 0 0 0 0 0 0 0 0 0 0 0 0 0 0 0 0 0 0 0 0 0 0 0 0 0 0 0 0 0 0 0 0 0 0 0 0 0 0 0 0 0 0 0 0 0 0 0 0 0 0 0 
0 0 0 0 0 0 0 0 0 0 0 0 0 0 0 0 0 0 0 0 0 0 0 0 0 0 0 0 0 0 0 0 0 0 0 0 0 0 0 0 0 0 0 0 0 0 0 0 0 0 0 0 0 0 0 0 0 0 0 0 0 0 0 0 0 0 0 0 0 0 0 0 0 0 0 0 0 0 0 0 0 0 0 0 0 0 0 0 0 0 0 0 0 0 0 0 0 0 0 0 0 0 0 0 0 0 0 0 0 0 0 0 0 0 0 0 0 0 0 0 0 0 0 0 0 0 0 0 
0 0 0 0 0 0 0 0 0 0 0 0 0 0 0 0 0 0 0 0 0 0 0 0 0 0 0 0 0 0 0 0 0 0 0 0 0 0 0 0 0 0 0 0 0 0 0 0 0 0 0 0 0 0 0 0 0 0 0 0 0 0 0 0 0 0 0 0 0 0 0 0 0 0 0 0 0 0 0 0 0 0 0 0 0 0 0 0 0 0 0 0 0 0 0 0 0 0 0 0 0 0 0 0 0 0 0 0 0 0 0 0 0 0 0 0 0 0 0 0 0 0 0 0 0 0 0 0 
0 0 0 0 0 0 0 0 0 0 0 0 2 2 2 15 6 6 6 47 8 8 8 63 8 8 8 63 6 6 6 47 2 2 2 15 0 0 0 0 0 0 0 0 0 0 0 0 0 0 0 0 0 0 0 0 0 0 0 0 0 0 0 0 0 0 0 0 0 0 0 0 0 0 0 0 0 0 0 0 0 0 0 0 0 0 0 0 0 0 0 0 2 2 2 15 6 6 6 47 8 8 8 63 8 8 8 63 6 6 6 47 2 2 2 15 0 0 0 0 0 0 0 0 0 0 0 0 
0 0 0 0 0 0 0 0 0 0 0 0 6 6 6 47 19 19 19 143 25 25 25 191 25 25 25 191 19 19 19 143 6 6 6 47 0 0 0 0 0 0 0 0 0 0 0 0 0 0 0 0 0 0 0 0 0 0 0 0 0 0 0 0 0 0 0 0 0 0 0 0 0 0 0 0 0 0 0 0 0 0 0 0 0 0 0 0 0 0 0 0 6 6 6 47 19 19 19 143 25 25 25 191 25 25 25 191 19 19 19 143 6 6 6 47 0 0 0 0 0 0 0 0 0 0 0 0 
8 8 8 63 8 8 8 63 8 8 8 63 28 25 16 111 68 59 32 207 78 65 40 255 59 44 38 255 39 27 30 207 18 14 15 111 8 8 8 63 8 8 8 63 8 8 8 63 8 8 8 63 8 8 8 63 8 8 8 63 8 8 8 63 8 8 8 63 8 8 8 63 8 8 8 63 8 8 8 63 8 8 8 63 8 8 8 63 8 8 8 63 18 14 15 111 39 27 30 207 59 44 38 255 78 65 40 255 68 59 32 207 28 25 16 111 8 8 8 63 8 8 8 63 8 8 8 63 
25 25 25 191 25 25 25 191 25 25 25 191 68 59 32 207 153 126 47 239 167 129 52 255 110 66 46 255 67 32 39 239 39 27 30 207 25 25 25 191 25 25 25 191 25 25 25 191 25 25 25 191 25 25 25 191 25 25 25 191 25 25 25 191 25 25 25 191 25 25 25 191 25 25 25 191 25 25 25 191 25 25 25 191 25 25 25 191 25 25 25 191 39 27 30 207 67 32 39 239 110 66 46 255 167 129 52 255 153 126 47 239 68 59 32 207 25 25 25 191 25 25 25 191 25 25 25 191 
46 40 34 255 46 40 34 255 72 54 36 255 125 92 42 255 206 156 52 255 212 151 54 255 143 78 48 255 103 46 43 255 91 56 39 255 85 61 37 255 85 61 36 255 85 61 37 255 85 61 36 255 85 61 37 255 85 61 36 255 85 61 37 255 85 61 36 255 85 61 37 255 85 61 37 255 85 61 37 255 85 61 37 255 85 61 37 255 85 61 37 255 91 56 39 255 103 46 43 255 143 78 48 255 212 151 54 255 206 156 52 255 125 92 42 255 72 54 36 255 46 40 34 255 46 40 34 255 
72 54 36 255 72 54 36 255 148 94 40 255 200 125 44 255 227 146 48 255 213 132 48 255 159 81 44 255 145 71 42 255 173 100 42 255 187 115 42 255 187 115 42 255 187 115 42 255 187 115 42 255 187 115 42 255 187 115 42 255 187 115 42 255 187 115 42 255 187 115 42 255 187 115 42 255 187 115 42 255 187 115 42 255 187 115 42 255 187 115 42 255 173 100 42 255 145 71 42 255 159 81 44 255 213 132 48 255 227 146 48 255 200 125 44 255 148 94 40 255 72 54 36 255 72 54 36 255 
82 58 36 255 82 58 36 255 179 106 41 255 231 137 45 255 237 150 48 255 213 132 48 255 159 81 44 255 155 75 42 255 203 112 43 255 227 130 43 255 227 130 43 255 227 130 43 255 227 130 43 255 227 130 43 255 227 130 43 255 227 130 43 255 227 130 43 255 227 130 43 255 227 130 43 255 227 130 43 255 227 130 43 255 227 130 43 255 227 130 43 255 203 112 43 255 155 75 42 255 159 81 44 255 213 132 48 255 237 150 48 255 231 137 45 255 179 106 41 255 82 58 36 255 82 58 36 255 
77 52 35 255 77 52 35 255 163 89 37 255 217 127 43 255 237 167 53 255 212 151 54 255 143 78 48 255 133 58 43 255 182 91 40 255 207 107 39 255 207 107 39 255 207 107 39 255 207 107 39 255 207 107 39 255 207 107 39 255 207 107 39 255 207 107 39 255 207 107 39 255 207 107 39 255 207 107 39 255 207 107 39 255 207 107 39 255 207 107 39 255 182 91 40 255 133 58 43 255 143 78 48 255 212 151 54 255 237 167 53 255 217 127 43 255 163 89 37 255 77 52 35 255 77 52 35 255 
74 49 34 255 74 49 34 255 156 80 36 255 209 118 42 255 234 164 52 255 212 151 54 255 143 78 48 255 131 55 43 255 175 82 39 255 197 96 36 255 197 96 36 255 197 96 36 255 197 96 36 255 197 96 36 255 197 96 36 255 197 96 36 255 197 96 36 255 197 96 36 255 197 96 36 255 197 96 36 255 197 96 36 255 197 96 36 255 197 96 36 255 175 82 39 255 131 55 43 255 143 78 48 255 212 151 54 255 234 164 52 255 209 118 42 255 156 80 36 255 74 49 34 255 74 49 34 255 
74 49 34 255 74 49 34 255 156 80 36 255 207 111 40 255 229 141 46 255 213 132 48 255 159 81 44 255 148 66 41 255 180 86 38 255 197 96 36 255 197 96 36 255 197 96 36 255 197 96 36 255 197 96 36 255 197 96 36 255 197 96 36 255 197 96 36 255 197 96 36 255 197 96 36 255 197 96 36 255 197 96 36 255 197 96 36 255 197 96 36 255 180 86 38 255 148 66 41 255 159 81 44 255 213 132 48 255 229 141 46 255 208 111 40 255 156 80 36 255 74 49 34 255 74 49 34 255 
74 49 34 255 74 49 34 255 156 80 36 255 207 111 40 255 229 141 46 255 213 132 48 255 159 81 44 255 148 66 41 255 180 86 38 255 197 96 36 255 197 96 36 255 197 96 36 255 197 96 36 255 197 96 36 255 197 96 36 255 197 96 36 255 197 96 36 255 197 96 36 255 197 96 36 255 197 96 36 255 197 96 36 255 197 96 36 255 197 96 36 255 180 86 38 255 148 66 41 255 159 81 44 255 213 132 48 255 229 141 46 255 208 111 40 255 156 80 36 255 74 49 34 255 74 49 34 255 
74 49 34 255 74 49 34 255 156 80 36 255 209 118 42 255 234 164 52 255 212 151 54 255 143 78 48 255 131 55 43 255 175 82 39 255 197 96 36 255 197 96 36 255 197 96 36 255 197 96 36 255 197 96 36 255 197 96 36 255 197 96 36 255 197 96 36 255 197 96 36 255 197 96 36 255 197 96 36 255 197 96 36 255 197 96 36 255 197 96 36 255 175 82 39 255 131 55 43 255 143 78 48 255 212 151 54 255 234 164 52 255 209 118 42 255 156 80 36 255 74 49 34 255 74 49 34 255 
74 49 34 255 74 49 34 255 156 80 36 255 209 118 42 255 234 164 52 255 212 151 54 255 143 78 48 255 131 55 43 255 175 82 39 255 197 96 36 255 197 96 36 255 193 94 37 255 186 90 37 255 180 86 38 255 175 82 39 255 172 80 39 255 172 80 39 255 175 82 39 255 180 86 38 255 186 89 37 255 193 94 37 255 197 96 36 255 197 96 36 255 175 82 39 255 131 55 43 255 143 78 48 255 212 151 54 255 234 164 52 255 209 118 42 255 156 80 36 255 74 49 34 255 74 49 34 255 
74 49 34 255 74 49 34 255 156 80 36 255 207 111 40 255 229 141 46 255 213 132 48 255 159 81 44 255 148 66 41 255 180 86 38 255 197 96 36 255 197 96 36 255 186 90 37 255 166 78 39 255 148 66 41 255 131 55 43 255 122 50 44 255 122 50 44 255 131 55 43 255 148 66 41 255 166 78 39 255 186 89 37 255 197 96 36 255 197 96 36 255 180 86 38 255 148 66 41 255 159 81 44 255 213 132 48 255 229 141 46 255 208 111 40 255 156 80 36 255 74 49 34 255 74 49 34 255 
78 56 36 255 78 56 36 255 166 100 40 255 217 131 44 255 233 148 48 255 213 132 48 255 159 81 44 255 151 73 42 255 190 106 43 255 210 122 43 255 210 122 43 255 190 106 43 255 151 73 42 255 132 61 44 255 134 71 48 255 136 77 50 255 135 77 50 255 134 71 48 255 132 61 44 255 151 73 42 255 190 106 43 255 210 122 43 255 210 122 43 255 190 106 43 255 151 73 42 255 159 81 44 255 213 132 48 255 233 148 48 255 217 131 44 255 166 100 40 255 78 56 36 255 78 56 36 255 
84 69 39 255 84 69 39 255 186 140 50 255 239 179 56 255 244 184 57 255 212 151 54 255 143 78 48 255 141 75 48 255 204 142 53 255 236 176 55 255 236 176 55 255 204 142 53 255 141 75 48 255 134 71 48 255 186 131 55 255 211 161 58 255 211 160 58 255 186 131 55 255 134 71 48 255 141 75 48 255 204 142 53 255 236 176 55 255 236 176 55 255 204 142 53 255 141 75 48 255 143 78 48 255 212 151 54 255 244 184 57 255 239 179 56 255 186 140 50 255 84 69 39 255 84 69 39 255 
74 65 39 255 74 65 39 255 155 129 49 255 208 167 55 255 234 180 57 255 212 151 54 255 143 78 48 255 130 71 47 255 174 131 52 255 195 160 54 255 195 160 54 255 171 129 53 255 122 66 49 255 135 73 49 255 209 149 55 255 247 191 58 255 249 199 60 255 211 161 58 255 136 77 50 255 122 66 49 255 171 129 53 255 195 160 54 255 195 160 54 255 174 131 52 255 130 71 47 255 143 78 48 255 212 151 54 255 234 181 57 255 208 167 55 255 155 129 49 255 74 65 39 255 74 65 39 255 
47 44 35 255 47 44 35 255 74 65 39 255 126 96 43 255 202 136 47 255 213 132 48 255 159 81 44 255 120 61 42 255 98 71 41 255 88 76 41 255 88 76 40 255 90 65 42 255 95 45 45 255 133 65 47 255 205 126 49 255 243 168 52 255 247 191 58 255 211 161 58 255 136 77 50 255 95 45 45 255 90 65 42 255 88 76 41 255 88 76 41 255 98 71 41 255 120 61 42 255 159 81 44 255 213 132 48 255 202 137 47 255 126 96 43 255 74 65 39 255 47 44 35 255 47 44 35 255 
38 34 34 255 37 34 34 255 45 34 36 255 84 54 38 255 152 94 41 255 169 100 42 255 133 71 40 255 99 50 38 255 66 39 37 255 50 34 37 255 50 34 37 255 57 34 38 255 73 34 42 255 108 54 43 255 160 94 43 255 189 126 45 255 193 149 51 255 167 129 52 255 110 66 46 255 73 34 42 255 58 34 38 255 50 34 37 255 50 34 37 255 66 39 37 255 99 50 38 255 133 71 40 255 169 100 42 255 152 94 41 255 84 54 38 255 46 34 36 255 38 34 34 255 38 34 34 255 
46 34 36 255 45 34 36 255 69 34 41 255 82 41 42 255 84 54 38 255 79 56 36 255 67 46 36 255 66 39 37 255 76 36 41 255 81 34 43 255 81 34 43 255 74 34 42 255 58 34 38 255 58 40 37 255 76 54 37 255 85 64 38 255 87 72 40 255 78 65 40 255 59 44 38 255 58 34 38 255 73 34 42 255 81 34 43 255 81 34 43 255 76 36 41 255 66 39 37 255 67 46 36 255 79 56 36 255 84 54 38 255 82 41 42 255 69 34 41 255 46 34 36 255 46 34 36 255 
52 36 36 255 52 36 36 255 90 40 42 255 94 40 43 255 64 36 39 255 50 34 37 255 50 34 37 255 64 36 39 255 94 40 43 255 109 42 45 255 109 42 45 255 94 40 43 255 64 36 39 255 50 34 37 255 50 34 37 255 50 34 37 255 50 34 37 255 50 34 37 255 50 34 37 255 64 36 39 255 94 40 43 255 109 42 45 255 109 42 45 255 94 40 43 255 64 36 39 255 50 34 37 255 50 34 37 255 64 36 39 255 94 40 43 255 90 40 42 255 52 36 36 255 52 36 36 255 
58 39 36 255 58 39 36 255 107 51 40 255 119 51 42 255 94 40 43 255 81 34 43 255 81 34 43 255 94 40 43 255 119 51 42 255 131 56 42 255 131 56 42 255 119 51 42 255 94 40 43 255 81 34 43 255 81 34 43 255 81 34 43 255 81 34 43 255 81 34 43 255 81 34 43 255 94 40 43 255 119 51 42 255 131 56 42 255 131 56 42 255 119 51 42 255 94 40 43 255 81 34 43 255 81 34 43 255 94 40 43 255 119 51 42 255 107 51 40 255 58 39 36 255 58 39 36 255 
58 39 36 255 58 39 36 255 107 51 40 255 126 53 43 255 114 45 44 255 109 42 45 255 109 42 45 255 117 47 44 255 134 58 42 255 143 64 40 255 143 64 40 255 134 58 42 255 117 47 44 255 109 42 45 255 109 42 45 255 109 42 45 255 109 42 45 255 109 42 45 255 109 42 45 255 117 47 44 255 134 58 42 255 143 64 40 255 143 64 40 255 134 58 42 255 117 47 44 255 109 42 45 255 109 42 45 255 114 45 44 255 126 53 43 255 107 51 40 255 58 39 36 255 58 39 36 255 
52 36 36 255 52 36 36 255 90 40 42 255 114 45 44 255 126 53 43 255 131 56 42 255 131 56 42 255 134 58 42 255 140 62 41 255 143 64 40 255 143 64 40 255 140 62 41 255 134 58 42 255 131 56 42 255 131 56 42 255 131 56 42 255 131 56 42 255 131 56 42 255 131 56 42 255 134 58 42 255 140 62 41 255 143 64 40 255 143 64 40 255 140 62 41 255 134 58 42 255 131 56 42 255 131 56 42 255 126 53 43 255 114 45 44 255 90 40 42 255 52 36 36 255 52 36 36 255 
50 34 37 255 49 34 37 255 81 34 43 255 106 40 45 255 123 51 43 255 131 56 42 255 131 56 42 255 131 56 42 255 131 56 42 255 131 56 42 255 131 56 42 255 131 56 42 255 131 56 42 255 131 56 42 255 131 56 42 255 131 56 42 255 131 56 42 255 131 56 42 255 131 56 42 255 131 56 42 255 131 56 42 255 131 56 42 255 131 56 42 255 131 56 42 255 131 56 42 255 131 56 42 255 131 56 42 255 123 51 43 255 106 40 45 255 81 34 43 255 50 34 37 255 50 34 37 255 
50 34 37 255 49 34 37 255 81 34 43 255 100 36 46 255 106 40 45 255 109 42 45 255 109 42 45 255 109 42 45 255 109 42 45 255 109 42 45 255 109 42 45 255 109 42 45 255 109 42 45 255 109 42 45 255 109 42 45 255 109 42 45 255 109 42 45 255 109 42 45 255 109 42 45 255 109 42 45 255 109 42 45 255 109 42 45 255 109 42 45 255 109 42 45 255 109 42 45 255 109 42 45 255 109 42 45 255 106 40 45 255 100 36 46 255 81 34 43 255 50 34 37 255 50 34 37 255 
46 34 36 255 45 34 36 255 69 34 41 255 81 34 43 255 81 34 43 255 81 34 43 255 81 34 43 255 81 34 43 255 81 34 43 255 81 34 43 255 81 34 43 255 81 34 43 255 81 34 43 255 81 34 43 255 81 34 43 255 81 34 43 255 81 34 43 255 81 34 43 255 81 34 43 255 81 34 43 255 81 34 43 255 81 34 43 255 81 34 43 255 81 34 43 255 81 34 43 255 81 34 43 255 81 34 43 255 81 34 43 255 81 34 43 255 69 34 41 255 46 34 36 255 46 34 36 255 
38 34 34 255 37 34 34 255 45 34 36 255 50 34 37 255 50 34 37 255 50 34 37 255 50 34 37 255 50 34 37 255 50 34 37 255 50 34 37 255 50 34 37 255 50 34 37 255 50 34 37 255 50 34 37 255 50 34 37 255 50 34 37 255 50 34 37 255 50 34 37 255 50 34 37 255 50 34 37 255 50 34 37 255 50 34 37 255 50 34 37 255 50 34 37 255 50 34 37 255 50 34 37 255 50 34 37 255 50 34 37 255 50 34 37 255 46 34 36 255 38 34 34 255 38 34 34 255 
38 34 34 255 37 34 34 255 45 34 36 255 50 34 37 255 50 34 37 255 50 34 37 255 50 34 37 255 50 34 37 255 50 34 37 255 50 34 37 255 50 34 37 255 50 34 37 255 50 34 37 255 50 34 37 255 50 34 37 255 50 34 37 255 50 34 37 255 50 34 37 255 50 34 37 255 50 34 37 255 50 34 37 255 50 34 37 255 50 34 37 255 50 34 37 255 50 34 37 255 50 34 37 255 50 34 37 255 50 34 37 255 50 34 37 255 46 34 36 255 38 34 34 255 38 34 34 255 
