0 0 0 0 0 0 0 0 0 0 0 0 2 2 2 15 6 6 6 47 8 8 8 63 8 8 8 63 6 6 6 47 2 2 2 15 0 0 0 0 0 0 0 0 0 0 0 0 0 0 0 0 0 0 0 0 0 0 0 0 0 0 0 0 0 0 0 0 0 0 0 0 0 0 0 0 0 0 0 0 0 0 0 0 0 0 0 0 0 0 0 0 2 2 2 15 6 6 6 47 8 8 8 63 8 8 8 63 6 6 6 47 2 2 2 15 0 0 0 0 0 0 0 0 0 0 0 0 
0 0 0 0 0 0 0 0 0 0 0 0 2 2 2 15 6 6 6 47 8 8 8 63 8 8 8 63 6 6 6 47 2 2 2 15 0 0 0 0 0 0 0 0 0 0 0 0 0 0 0 0 0 0 0 0 0 0 0 0 0 0 0 0 0 0 0 0 0 0 0 0 0 0 0 0 0 0 0 0 0 0 0 0 0 0 0 0 0 0 0 0 2 2 2 15 6 6 6 47 8 8 8 63 8 8 8 63 6 6 6 47 2 2 2 15 0 0 0 0 0 0 0 0 0 0 0 0 
0 0 0 0 0 0 0 0 0 0 0 0 6 6 6 47 19 19 19 143 25 25 25 191 25 25 25 191 19 19 19 143 6 6 6 47 0 0 0 0 0 0 0 0 0 0 0 0 0 0 0 0 0 0 0 0 0 0 0 0 0 0 0 0 0 0 0 0 0 0 0 0 0 0 0 0 0 0 0 0 0 0 0 0 0 0 0 0 0 0 0 0 6 6 6 47 19 19 19 143 25 25 25 191 25 25 25 191 19 19 19 143 6 6 6 47 0 0 0 0 0 0 0 0 0 0 0 0 
8 8 8 63 8 8 8 63 8 8 8 63 27 21 15 111 65 47 29 207 76 54 37 255 58 40 37 255 39 27 30 207 18 14 15 111 8 8 8 63 8 8 8 63 8 8 8 63 8 8 8 63 8 8 8 63 8 8 8 63 8 8 8 63 8 8 8 63 8 8 8 63 8 8 8 63 8 8 8 63 8 8 8 63 8 8 8 63 8 8 8 63 18 14 15 111 39 27 30 207 58 40 37 255 76 54 37 255 65 47 29 207 27 21 15 111 8 8 8 63 8 8 8 63 8 8 8 63 
25 25 25 191 25 25 25 191 25 25 25 191 65 47 29 207 146 92 38 239 160 94 43 255 108 54 43 255 67 32 39 239 39 27 30 207 25 25 25 191 25 25 25 191 25 25 25 191 25 25 25 191 25 25 25 191 25 25 25 191 25 25 25 191 25 25 25 191 25 25 25 191 25 25 25 191 25 25 25 191 25 25 25 191 25 25 25 191 25 25 25 191 39 27 30 207 67 32 39 239 108 54 43 255 160 94 43 255 146 92 38 239 65 47 29 207 25 25 25 191 25 25 25 191 25 25 25 191 
46 40 34 255 46 40 34 255 72 54 36 255 123 85 40 255 201 133 46 255 208 128 48 255 142 71 46 255 103 46 43 255 91 56 39 255 85 61 37 255 85 61 36 255 85 61 37 255 85 61 36 255 85 61 37 255 85 61 36 255 85 61 37 255 85 61 36 255 85 61 37 255 85 61 37 255 85 61 37 255 85 61 37 255 85 61 37 255 85 61 37 255 91 56 39 255 103 46 43 255 142 71 46 255 208 128 48 255 201 133 46 255 124 85 40 255 72 54 36 255 46 40 34 255 46 40 34 255 
72 54 36 255 72 54 36 255 148 94 40 255 201 133 46 255 231 169 54 255 218 155 54 255 160 89 46 255 145 71 42 255 173 100 42 255 187 115 42 255 187 115 42 255 187 115 42 255 187 115 42 255 187 115 42 255 187 115 42 255 187 115 42 255 187 115 42 255 187 115 42 255 187 115 42 255 187 115 42 255 187 115 42 255 187 115 42 255 187 115 42 255 173 100 42 255 145 71 42 255 160 89 46 255 218 155 54 255 231 169 54 255 202 133 46 255 148 94 40 255 72 54 36 255 72 54 36 255 
82 58 36 255 82 58 36 255 179 106 41 255 232 144 47 255 242 173 54 255 221 156 53 255 169 94 45 255 164 80 41 255 206 113 43 255 227 130 43 255 227 130 43 255 227 130 43 255 227 130 43 255 227 130 43 255 227 130 43 255 227 130 43 255 227 130 43 255 227 130 43 255 227 130 43 255 227 130 43 255 227 130 43 255 227 130 43 255 227 130 43 255 206 113 43 255 164 80 41 255 169 94 45 255 221 156 53 255 242 173 54 255 232 144 47 255 179 106 41 255 82 58 36 255 82 58 36 255 
77 52 35 255 77 52 35 255 163 89 37 255 215 119 41 255 232 144 47 255 216 133 47 255 167 87 43 255 159 74 40 255 191 96 39 255 207 107 39 255 207 107 39 255 207 107 39 255 207 107 39 255 207 107 39 255 207 107 39 255 207 107 39 255 207 107 39 255 207 107 39 255 207 107 39 255 207 107 39 255 207 107 39 255 207 107 39 255 207 107 39 255 191 96 39 255 159 74 40 255 167 87 43 255 216 133 47 255 232 144 47 255 215 119 41 255 163 89 37 255 77 52 35 255 77 52 35 255 
74 49 34 255 74 49 34 255 156 80 36 255 207 107 39 255 227 130 43 255 214 122 44 255 166 83 42 255 156 71 40 255 183 87 38 255 197 96 36 255 197 96 36 255 193 94 37 255 186 90 37 255 180 86 38 255 175 82 39 255 172 80 39 255 172 80 39 255 175 82 39 255 180 86 38 255 186 89 37 255 193 94 37 255 197 96 36 255 197 96 36 255 183 88 37 255 156 72 40 255 166 83 42 255 214 122 44 255 227 130 43 255 207 107 39 255 156 80 36 255 74 49 34 255 74 49 34 255 
74 49 34 255 74 49 34 255 156 80 36 255 207 107 39 255 227 130 43 255 214 122 44 255 166 83 42 255 156 71 40 255 183 87 38 255 197 96 36 255 197 96 36 255 186 90 37 255 166 78 39 255 148 66 41 255 131 55 43 255 122 50 44 255 122 50 44 255 131 55 43 255 148 66 41 255 166 78 39 255 186 89 37 255 197 96 36 255 197 96 36 255 183 88 37 255 156 72 40 255 166 83 42 255 214 122 44 255 227 130 43 255 207 107 39 255 156 80 36 255 74 49 34 255 74 49 34 255 
78 56 36 255 78 56 36 255 166 100 40 255 217 131 44 255 233 148 48 255 213 132 48 255 159 81 44 255 151 73 42 255 190 106 43 255 210 122 43 255 210 122 43 255 190 106 43 255 151 73 42 255 132 61 44 255 134 71 48 255 136 77 50 255 135 77 50 255 134 71 48 255 132 61 44 255 151 73 42 255 190 106 43 255 210 122 43 255 210 122 43 255 190 106 43 255 151 73 42 255 159 81 44 255 213 132 48 255 233 148 48 255 217 131 44 255 166 100 40 255 78 56 36 255 78 56 36 255 
84 69 39 255 84 69 39 255 186 140 50 255 239 179 56 255 244 184 57 255 212 151 54 255 143 78 48 255 141 75 48 255 204 142 53 255 236 176 55 255 236 176 55 255 204 142 53 255 141 75 48 255 134 71 48 255 186 131 55 255 211 161 58 255 211 160 58 255 186 131 55 255 134 71 48 255 141 75 48 255 204 142 53 255 236 176 55 255 236 176 55 255 204 142 53 255 141 75 48 255 143 78 48 255 212 151 54 255 244 184 57 255 239 179 56 255 186 140 50 255 84 69 39 255 84 69 39 255 
74 65 39 255 74 65 39 255 155 129 49 255 208 167 55 255 234 180 57 255 212 151 54 255 143 78 48 255 130 71 47 255 174 131 52 255 195 160 54 255 195 160 54 255 171 129 53 255 122 66 49 255 135 73 49 255 209 149 55 255 247 191 58 255 249 199 60 255 211 161 58 255 136 77 50 255 122 66 49 255 171 129 53 255 195 160 54 255 195 160 54 255 174 131 52 255 130 71 47 255 143 78 48 255 212 151 54 255 234 181 57 255 208 167 55 255 155 129 49 255 74 65 39 255 74 65 39 255 
47 44 35 255 47 44 35 255 74 65 39 255 126 96 43 255 202 136 47 255 213 132 48 255 159 81 44 255 120 61 42 255 98 71 41 255 88 76 41 255 88 76 40 255 90 65 42 255 95 45 45 255 133 65 47 255 205 126 49 255 243 168 52 255 247 191 58 255 211 161 58 255 136 77 50 255 95 45 45 255 90 65 42 255 88 76 41 255 88 76 41 255 98 71 41 255 120 61 42 255 159 81 44 255 213 132 48 255 202 137 47 255 126 96 43 255 74 65 39 255 47 44 35 255 47 44 35 255 
44 37 34 255 44 37 34 255 64 45 34 255 102 65 36 255 158 98 40 255 182 113 54 255 174 111 78 255 143 102 77 255 90 87 53 255 63 80 41 255 63 80 41 255 81 79 43 255 117 77 48 255 152 86 49 255 186 105 47 255 205 126 49 255 209 149 55 255 193 138 56 255 155 92 52 255 116 71 56 255 74 76 70 255 62 81 78 255 80 85 82 255 109 88 74 255 150 90 55 255 175 97 44 255 183 109 43 255 158 98 40 255 102 65 36 255 64 45 34 255 44 37 34 255 44 37 34 255 
64 45 34 255 64 45 34 255 125 68 35 255 138 75 36 255 102 65 36 255 120 96 74 255 190 166 150 255 199 193 154 255 147 179 88 255 121 171 55 255 121 171 55 255 144 169 56 255 189 163 57 255 192 136 55 255 152 86 49 255 133 65 47 255 135 73 49 255 155 92 52 255 195 123 54 255 185 146 82 255 124 161 136 255 120 175 168 255 172 187 180 255 205 181 153 255 219 157 87 255 191 124 50 255 120 82 41 255 102 65 36 255 138 75 36 255 125 68 35 255 64 45 34 255 64 45 34 255 
74 49 34 255 74 49 34 255 156 80 36 255 169 93 48 255 115 89 72 255 129 124 111 255 211 198 166 255 233 230 160 255 194 219 95 255 176 212 62 255 176 208 62 255 195 203 61 255 232 198 61 255 212 155 57 255 136 75 50 255 97 35 47 255 97 35 47 255 137 74 61 255 215 152 89 255 219 197 129 255 149 208 180 255 140 220 211 255 192 232 223 255 227 224 186 255 244 195 102 255 212 157 65 255 130 110 78 255 115 89 72 255 169 93 48 255 156 80 36 255 74 49 34 255 74 49 34 255 
74 49 34 255 74 49 34 255 156 80 36 255 197 120 74 255 197 169 148 255 211 198 166 255 237 208 125 255 244 212 94 255 231 208 73 255 226 201 61 255 228 189 60 255 235 183 59 255 247 181 59 255 214 144 56 255 136 71 50 255 97 35 47 255 97 35 47 255 136 83 83 255 214 180 156 255 218 224 195 255 148 217 202 255 122 216 207 255 140 220 211 255 174 215 175 255 225 202 99 255 237 195 92 255 211 194 155 255 197 169 148 255 197 120 74 255 156 80 36 255 74 49 34 255 74 49 34 255 
74 49 34 255 74 49 34 255 156 80 36 255 207 124 74 255 228 180 149 255 238 201 154 255 237 184 88 255 236 176 55 255 236 176 55 255 237 170 55 255 239 159 54 255 240 153 53 255 240 153 53 255 211 127 51 255 152 76 46 255 122 50 44 255 122 50 44 255 151 89 80 255 209 169 151 255 212 203 181 255 160 190 169 255 134 184 163 255 134 184 163 255 160 182 136 255 211 178 82 255 237 184 88 255 238 201 154 255 228 180 149 255 207 124 74 255 156 80 36 255 74 49 34 255 74 49 34 255 
74 49 34 255 74 49 34 255 156 80 36 255 200 105 49 255 207 124 74 255 210 131 76 255 210 125 54 255 210 122 43 255 210 122 43 255 210 120 43 255 211 117 42 255 211 115 42 255 211 115 42 255 201 106 41 255 182 89 40 255 172 80 39 255 172 80 39 255 181 94 51 255 201 120 75 255 202 131 85 255 184 127 81 255 176 125 79 255 176 125 79 255 184 124 70 255 201 123 52 255 210 125 54 255 210 131 76 255 207 124 74 255 200 105 49 255 156 80 36 255 74 49 34 255 74 49 34 255 
68 45 35 255 68 45 35 255 137 69 38 255 172 80 39 255 172 80 39 255 172 80 39 255 172 80 39 255 172 80 39 255 172 80 39 255 172 80 39 255 172 80 39 255 172 80 39 255 172 80 39 255 172 80 39 255 172 80 39 255 172 80 39 255 172 80 39 255 172 80 39 255 172 80 39 255 172 80 39 255 172 80 39 255 172 80 39 255 172 80 39 255 172 80 39 255 172 80 39 255 172 80 39 255 172 80 39 255 172 80 39 255 172 80 39 255 137 69 38 255 68 45 35 255 68 45 35 255 
56 38 36 255 56 38 36 255 100 46 41 255 122 50 44 255 122 50 44 255 122 50 44 255 122 50 44 255 122 50 44 255 122 50 44 255 122 50 44 255 122 50 44 255 122 50 44 255 122 50 44 255 122 50 44 255 122 50 44 255 122 50 44 255 122 50 44 255 122 50 44 255 122 50 44 255 122 50 44 255 122 50 44 255 122 50 44 255 122 50 44 255 122 50 44 255 122 50 44 255 122 50 44 255 122 50 44 255 122 50 44 255 122 50 44 255 100 46 41 255 56 38 36 255 56 38 36 255 
52 36 36 255 52 36 36 255 90 40 42 255 109 42 45 255 109 42 45 255 109 42 45 255 109 42 45 255 109 42 45 255 109 42 45 255 109 42 45 255 109 42 45 255 109 42 45 255 109 42 45 255 109 42 45 255 109 42 45 255 109 42 45 255 109 42 45 255 109 42 45 255 109 42 45 255 109 42 45 255 109 42 45 255 109 42 45 255 109 42 45 255 109 42 45 255 109 42 45 255 109 42 45 255 109 42 45 255 109 42 45 255 109 42 45 255 90 40 42 255 52 36 36 255 52 36 36 255 
58 39 36 255 58 39 36 255 107 51 40 255 131 56 42 255 131 56 42 255 131 56 42 255 131 56 42 255 131 56 42 255 131 56 42 255 131 56 42 255 131 56 42 255 131 56 42 255 131 56 42 255 131 56 42 255 131 56 42 255 131 56 42 255 131 56 42 255 131 56 42 255 131 56 42 255 131 56 42 255 131 56 42 255 131 56 42 255 131 56 42 255 131 56 42 255 131 56 42 255 131 56 42 255 131 56 42 255 131 56 42 255 131 56 42 255 107 51 40 255 58 39 36 255 58 39 36 255 
58 39 36 255 58 39 36 255 107 51 40 255 134 58 42 255 140 62 41 255 143 64 40 255 143 64 40 255 143 64 40 255 143 64 40 255 143 64 40 255 143 64 40 255 143 64 40 255 143 64 40 255 143 64 40 255 143 64 40 255 143 64 40 255 143 64 40 255 143 64 40 255 143 64 40 255 143 64 40 255 143 64 40 255 143 64 40 255 143 64 40 255 143 64 40 255 143 64 40 255 143 64 40 255 143 64 40 255 140 62 41 255 134 58 42 255 107 51 40 255 58 39 36 255 58 39 36 255 
52 36 36 255 52 36 36 255 90 40 42 255 117 47 44 255 134 58 42 255 143 64 40 255 143 64 40 255 143 64 40 255 143 64 40 255 143 64 40 255 143 64 40 255 143 64 40 255 143 64 40 255 143 64 40 255 143 64 40 255 143 64 40 255 143 64 40 255 143 64 40 255 143 64 40 255 143 64 40 255 143 64 40 255 143 64 40 255 143 64 40 255 143 64 40 255 143 64 40 255 143 64 40 255 143 64 40 255 134 58 42 255 117 47 44 255 90 40 42 255 52 36 36 255 52 36 36 255 
50 34 37 255 49 34 37 255 81 34 43 255 106 40 45 255 123 51 43 255 131 56 42 255 131 56 42 255 131 56 42 255 131 56 42 255 131 56 42 255 131 56 42 255 131 56 42 255 131 56 42 255 131 56 42 255 131 56 42 255 131 56 42 255 131 56 42 255 131 56 42 255 131 56 42 255 131 56 42 255 131 56 42 255 131 56 42 255 131 56 42 255 131 56 42 255 131 56 42 255 131 56 42 255 131 56 42 255 123 51 43 255 106 40 45 255 81 34 43 255 50 34 37 255 50 34 37 255 
50 34 37 255 49 34 37 255 81 34 43 255 100 36 46 255 106 40 45 255 109 42 45 255 109 42 45 255 109 42 45 255 109 42 45 255 109 42 45 255 109 42 45 255 109 42 45 255 109 42 45 255 109 42 45 255 109 42 45 255 109 42 45 255 109 42 45 255 109 42 45 255 109 42 45 255 109 42 45 255 109 42 45 255 109 42 45 255 109 42 45 255 109 42 45 255 109 42 45 255 109 42 45 255 109 42 45 255 106 40 45 255 100 36 46 255 81 34 43 255 50 34 37 255 50 34 37 255 
46 34 36 255 45 34 36 255 69 34 41 255 81 34 43 255 81 34 43 255 81 34 43 255 81 34 43 255 81 34 43 255 81 34 43 255 81 34 43 255 81 34 43 255 81 34 43 255 81 34 43 255 81 34 43 255 81 34 43 255 81 34 43 255 81 34 43 255 81 34 43 255 81 34 43 255 81 34 43 255 81 34 43 255 81 34 43 255 81 34 43 255 81 34 43 255 81 34 43 255 81 34 43 255 81 34 43 255 81 34 43 255 81 34 43 255 69 34 41 255 46 34 36 255 46 34 36 255 
38 34 34 255 37 34 34 255 45 34 36 255 50 34 37 255 50 34 37 255 50 34 37 255 50 34 37 255 50 34 37 255 50 34 37 255 50 34 37 255 50 34 37 255 50 34 37 255 50 34 37 255 50 34 37 255 50 34 37 255 50 34 37 255 50 34 37 255 50 34 37 255 50 34 37 255 50 34 37 255 50 34 37 255 50 34 37 255 50 34 37 255 50 34 37 255 50 34 37 255 50 34 37 255 50 34 37 255 50 34 37 255 50 34 37 255 46 34 36 255 38 34 34 255 38 34 34 255 
38 34 34 255 37 34 34 255 45 34 36 255 50 34 37 255 50 34 37 255 50 34 37 255 50 34 37 255 50 34 37 255 50 34 37 255 50 34 37 255 50 34 37 255 50 34 37 255 50 34 37 255 50 34 37 255 50 34 37 255 50 34 37 255 50 34 37 255 50 34 37 255 50 34 37 255 50 34 37 255 50 34 37 255 50 34 37 255 50 34 37 255 50 34 37 255 50 34 37 255 50 34 37 255 50 34 37 255 50 34 37 255 50 34 37 255 46 34 36 255 38 34 34 255 38 34 34 255 
