8 8 8 63 8 8 8 63 8 8 8 63 27 21 15 111 65 47 29 207 76 54 37 255 58 40 37 255 39 27 30 207 18 14 15 111 8 8 8 63 8 8 8 63 8 8 8 63 8 8 8 63 8 8 8 63 8 8 8 63 8 8 8 63 8 8 8 63 8 8 8 63 8 8 8 63 8 8 8 63 8 8 8 63 8 8 8 63 8 8 8 63 18 14 15 111 39 27 30 207 58 40 37 255 76 54 37 255 65 47 29 207 27 21 15 111 8 8 8 63 8 8 8 63 8 8 8 63 
8 8 8 63 8 8 8 63 8 8 8 63 27 21 15 111 65 47 29 207 76 54 37 255 58 40 37 255 39 27 30 207 18 14 15 111 8 8 8 63 8 8 8 63 8 8 8 63 8 8 8 63 8 8 8 63 8 8 8 63 8 8 8 63 8 8 8 63 8 8 8 63 8 8 8 63 8 8 8 63 8 8 8 63 8 8 8 63 8 8 8 63 18 14 15 111 39 27 30 207 58 40 37 255 76 54 37 255 65 47 29 207 27 21 15 111 8 8 8 63 8 8 8 63 8 8 8 63 
25 25 25 191 25 25 25 191 25 25 25 191 65 47 29 207 146 92 38 239 160 94 43 255 108 54 43 255 67 32 39 239 39 27 30 207 25 25 25 191 25 25 25 191 25 25 25 191 25 25 25 191 25 25 25 191 25 25 25 191 25 25 25 191 25 25 25 191 25 25 25 191 25 25 25 191 25 25 25 191 25 25 25 191 25 25 25 191 25 25 25 191 39 27 30 207 67 32 39 239 108 54 43 255 160 94 43 255 146 92 38 239 65 47 29 207 25 25 25 191 25 25 25 191 25 25 25 191 
46 40 34 255 46 40 34 255 72 54 36 255 123 85 40 255 201 133 46 255 208 128 48 255 142 71 46 255 103 46 43 255 91 56 39 255 85 61 37 255 85 61 36 255 85 61 37 255 85 61 36 255 85 61 37 255 85 61 36 255 85 61 37 255 85 61 36 255 85 61 37 255 85 61 37 255 85 61 37 255 85 61 37 255 85 61 37 255 85 61 37 255 91 56 39 255 103 46 43 255 142 71 46 255 208 128 48 255 201 133 46 255 124 85 40 255 72 54 36 255 46 40 34 255 46 40 34 255 
72 54 36 255 72 54 36 255 148 94 40 255 201 133 46 255 231 169 54 255 218 155 54 255 160 89 46 255 145 71 42 255 173 100 42 255 187 115 42 255 187 115 42 255 187 115 42 255 187 115 42 255 187 115 42 255 187 115 42 255 187 115 42 255 187 115 42 255 187 115 42 255 187 115 42 255 187 115 42 255 187 115 42 255 187 115 42 255 187 115 42 255 173 100 42 255 145 71 42 255 160 89 46 255 218 155 54 255 231 169 54 255 202 133 46 255 148 94 40 255 72 54 36 255 72 54 36 255 
82 58 36 255 82 58 36 255 179 106 41 255 232 144 47 255 242 173 54 255 221 156 53 255 169 94 45 255 164 80 41 255 206 113 43 255 227 130 43 255 227 130 43 255 224 128 44 255 217 124 44 255 211 120 45 255 205 117 45 255 203 115 46 255 203 115 46 255 205 117 45 255 211 120 45 255 217 124 44 255 224 128 44 255 227 130 43 255 227 130 43 255 206 113 43 255 164 80 41 255 169 94 45 255 221 156 53 255 242 173 54 255 232 144 47 255 179 106 41 255 82 58 36 255 82 58 36 255 
77 52 35 255 77 52 35 255 163 89 37 255 215 119 41 255 232 144 47 255 216 133 47 255 167 87 43 255 159 74 40 255 191 96 39 255 207 107 39 255 207 107 39 255 197 101 39 255 176 89 41 255 158 78 43 255 141 67 45 255 132 61 46 255 132 61 46 255 141 67 45 255 158 78 43 255 176 89 41 255 197 101 39 255 207 107 39 255 207 107 39 255 191 96 39 255 159 74 40 255 167 87 43 255 216 133 47 255 232 144 47 255 215 119 41 255 163 89 37 255 77 52 35 255 77 52 35 255 
78 56 36 255 78 56 36 255 166 100 40 255 217 131 44 255 233 148 48 255 213 132 48 255 159 81 44 255 151 73 42 255 190 106 43 255 210 122 43 255 210 122 43 255 190 106 43 255 151 73 42 255 132 61 44 255 134 71 48 255 136 77 50 255 135 77 50 255 134 71 48 255 132 61 44 255 151 73 42 255 190 106 43 255 210 122 43 255 210 122 43 255 190 106 43 255 151 73 42 255 159 81 44 255 213 132 48 255 233 148 48 255 217 131 44 255 166 100 40 255 78 56 36 255 78 56 36 255 
84 69 39 255 84 69 39 255 186 140 50 255 239 179 56 255 244 184 57 255 212 151 54 255 143 78 48 255 141 75 48 255 204 142 53 255 236 176 55 255 236 176 55 255 204 142 53 255 141 75 48 255 134 71 48 255 186 131 55 255 211 161 58 255 211 160 58 255 186 131 55 255 134 71 48 255 141 75 48 255 204 142 53 255 236 176 55 255 236 176 55 255 204 142 53 255 141 75 48 255 143 78 48 255 212 151 54 255 244 184 57 255 239 179 56 255 186 140 50 255 84 69 39 255 84 69 39 255 
74 65 39 255 74 65 39 255 155 129 49 255 208 167 55 255 234 180 57 255 212 151 54 255 143 78 48 255 130 71 47 255 174 131 52 255 195 160 54 255 195 160 54 255 171 129 53 255 122 66 49 255 135 73 49 255 209 149 55 255 247 191 58 255 249 199 60 255 211 161 58 255 136 77 50 255 122 66 49 255 171 129 53 255 195 160 54 255 195 160 54 255 174 131 52 255 130 71 47 255 143 78 48 255 212 151 54 255 234 181 57 255 208 167 55 255 155 129 49 255 74 65 39 255 74 65 39 255 
47 44 35 255 47 44 35 255 74 65 39 255 126 96 43 255 202 136 47 255 213 132 48 255 159 81 44 255 120 61 42 255 98 71 41 255 88 76 41 255 88 76 40 255 90 65 42 255 95 45 45 255 133 65 47 255 205 126 49 255 243 168 52 255 247 191 58 255 211 161 58 255 136 77 50 255 95 45 45 255 90 65 42 255 88 76 41 255 88 76 41 255 98 71 41 255 120 61 42 255 159 81 44 255 213 132 48 255 202 137 47 255 126 96 43 255 74 65 39 255 47 44 35 255 47 44 35 255 
44 37 34 255 44 37 34 255 64 45 34 255 102 65 36 255 158 98 40 255 169 100 42 255 133 71 40 255 95 50 37 255 54 39 35 255 34 34 34 255 34 34 34 255 45 34 36 255 69 34 41 255 112 54 44 255 172 95 45 255 205 126 49 255 209 149 55 255 179 129 54 255 114 66 47 255 69 34 41 255 46 34 36 255 34 34 34 255 34 34 34 255 54 39 35 255 95 50 37 255 133 71 40 255 169 100 42 255 158 98 40 255 102 65 36 255 64 45 34 255 44 37 34 255 44 37 34 255 
64 45 34 255 64 45 34 255 125 68 35 255 138 75 36 255 102 65 36 255 79 56 36 255 67 46 36 255 54 39 35 255 40 35 34 255 34 34 34 255 34 34 34 255 37 34 34 255 45 34 36 255 70 41 39 255 112 54 44 255 133 65 47 255 135 73 49 255 114 66 47 255 71 44 40 255 46 34 36 255 38 34 34 255 34 34 34 255 34 34 34 255 40 35 34 255 54 39 35 255 67 46 36 255 79 56 36 255 102 65 36 255 138 75 36 255 125 68 35 255 64 45 34 255 64 45 34 255 
74 49 34 255 74 49 34 255 156 80 36 255 156 80 36 255 74 49 34 255 34 34 34 255 34 34 34 255 34 34 34 255 34 34 34 255 34 34 34 255 34 34 34 255 34 34 34 255 34 34 34 255 45 34 36 255 69 34 41 255 81 34 43 255 81 34 43 255 69 34 41 255 46 34 36 255 34 34 34 255 34 34 34 255 34 34 34 255 34 34 34 255 34 34 34 255 34 34 34 255 34 34 34 255 34 34 34 255 74 49 34 255 156 80 36 255 156 80 36 255 74 49 34 255 74 49 34 255 
74 49 34 255 74 49 34 255 156 80 36 255 156 80 36 255 74 49 34 255 34 34 34 255 34 34 34 255 34 34 34 255 34 34 34 255 34 34 34 255 34 34 34 255 34 34 34 255 34 34 34 255 37 34 34 255 45 34 36 255 50 34 37 255 50 34 37 255 46 34 36 255 38 34 34 255 34 34 34 255 34 34 34 255 34 34 34 255 34 34 34 255 34 34 34 255 34 34 34 255 34 34 34 255 34 34 34 255 74 49 34 255 156 80 36 255 156 80 36 255 74 49 34 255 74 49 34 255 
74 49 34 255 74 49 34 255 156 80 36 255 156 80 36 255 74 49 34 255 34 34 34 255 34 34 34 255 34 34 34 255 34 34 34 255 34 34 34 255 34 34 34 255 34 34 34 255 34 34 34 255 34 34 34 255 34 34 34 255 34 34 34 255 34 34 34 255 34 34 34 255 34 34 34 255 34 34 34 255 34 34 34 255 34 34 34 255 34 34 34 255 34 34 34 255 34 34 34 255 34 34 34 255 34 34 34 255 74 49 34 255 156 80 36 255 156 80 36 255 74 49 34 255 74 49 34 255 
74 49 34 255 74 49 34 255 156 80 36 255 156 80 36 255 74 49 34 255 34 34 34 255 34 34 34 255 34 34 34 255 34 34 34 255 34 34 34 255 34 34 34 255 34 34 34 255 34 34 34 255 34 34 34 255 34 34 34 255 34 34 34 255 34 34 34 255 34 34 34 255 34 34 34 255 34 34 34 255 34 34 34 255 34 34 34 255 34 34 34 255 34 34 34 255 34 34 34 255 34 34 34 255 34 34 34 255 74 49 34 255 156 80 36 255 156 80 36 255 74 49 34 255 74 49 34 255 
74 49 34 255 74 49 34 255 156 80 36 255 156 80 36 255 74 49 34 255 34 34 34 255 34 34 34 255 34 34 34 255 34 34 34 255 34 34 34 255 34 34 34 255 34 34 34 255 34 34 34 255 34 34 34 255 34 34 34 255 34 34 34 255 34 34 34 255 34 34 34 255 34 34 34 255 34 34 34 255 34 34 34 255 34 34 34 255 34 34 34 255 34 34 34 255 34 34 34 255 34 34 34 255 34 34 34 255 74 49 34 255 156 80 36 255 156 80 36 255 74 49 34 255 74 49 34 255 
74 49 34 255 74 49 34 255 156 80 36 255 156 80 36 255 74 49 34 255 34 34 34 255 34 34 34 255 34 34 34 255 34 34 34 255 34 34 34 255 34 34 34 255 34 34 34 255 34 34 34 255 34 34 34 255 34 34 34 255 34 34 34 255 34 34 34 255 34 34 34 255 34 34 34 255 34 34 34 255 34 34 34 255 34 34 34 255 34 34 34 255 34 34 34 255 34 34 34 255 34 34 34 255 34 34 34 255 74 49 34 255 156 80 36 255 156 80 36 255 74 49 34 255 74 49 34 255 
74 49 34 255 74 49 34 255 156 80 36 255 166 84 36 255 105 61 35 255 74 49 34 255 74 49 34 255 74 49 34 255 74 49 34 255 74 49 34 255 74 49 34 255 74 49 34 255 74 49 34 255 74 49 34 255 74 49 34 255 74 49 34 255 74 49 34 255 74 49 34 255 74 49 34 255 74 49 34 255 74 49 34 255 74 49 34 255 74 49 34 255 74 49 34 255 74 49 34 255 74 49 34 255 74 49 34 255 105 61 35 255 166 84 36 255 156 80 36 255 74 49 34 255 74 49 34 255 
74 49 34 255 74 49 34 255 156 80 36 255 186 92 36 255 166 84 36 255 156 80 36 255 156 80 36 255 156 80 36 255 156 80 36 255 156 80 36 255 156 80 36 255 156 80 36 255 156 80 36 255 156 80 36 255 156 80 36 255 156 80 36 255 156 80 36 255 156 80 36 255 156 80 36 255 156 80 36 255 156 80 36 255 156 80 36 255 156 80 36 255 156 80 36 255 156 80 36 255 156 80 36 255 156 80 36 255 166 84 36 255 186 92 36 255 156 80 36 255 74 49 34 255 74 49 34 255 
68 45 35 255 68 45 35 255 137 69 38 255 172 80 39 255 172 80 39 255 172 80 39 255 172 80 39 255 172 80 39 255 172 80 39 255 172 80 39 255 172 80 39 255 172 80 39 255 172 80 39 255 172 80 39 255 172 80 39 255 172 80 39 255 172 80 39 255 172 80 39 255 172 80 39 255 172 80 39 255 172 80 39 255 172 80 39 255 172 80 39 255 172 80 39 255 172 80 39 255 172 80 39 255 172 80 39 255 172 80 39 255 172 80 39 255 137 69 38 255 68 45 35 255 68 45 35 255 
56 38 36 255 56 38 36 255 100 46 41 255 122 50 44 255 122 50 44 255 122 50 44 255 122 50 44 255 122 50 44 255 122 50 44 255 122 50 44 255 122 50 44 255 122 50 44 255 122 50 44 255 122 50 44 255 122 50 44 255 122 50 44 255 122 50 44 255 122 50 44 255 122 50 44 255 122 50 44 255 122 50 44 255 122 50 44 255 122 50 44 255 122 50 44 255 122 50 44 255 122 50 44 255 122 50 44 255 122 50 44 255 122 50 44 255 100 46 41 255 56 38 36 255 56 38 36 255 
52 36 36 255 52 36 36 255 90 40 42 255 109 42 45 255 109 42 45 255 109 42 45 255 109 42 45 255 109 42 45 255 109 42 45 255 109 42 45 255 109 42 45 255 109 42 45 255 109 42 45 255 109 42 45 255 109 42 45 255 109 42 45 255 109 42 45 255 109 42 45 255 109 42 45 255 109 42 45 255 109 42 45 255 109 42 45 255 109 42 45 255 109 42 45 255 109 42 45 255 109 42 45 255 109 42 45 255 109 42 45 255 109 42 45 255 90 40 42 255 52 36 36 255 52 36 36 255 
58 39 36 255 58 39 36 255 107 51 40 255 131 56 42 255 131 56 42 255 131 56 42 255 131 56 42 255 131 56 42 255 131 56 42 255 131 56 42 255 131 56 42 255 131 56 42 255 131 56 42 255 131 56 42 255 131 56 42 255 131 56 42 255 131 56 42 255 131 56 42 255 131 56 42 255 131 56 42 255 131 56 42 255 131 56 42 255 131 56 42 255 131 56 42 255 131 56 42 255 131 56 42 255 131 56 42 255 131 56 42 255 131 56 42 255 107 51 40 255 58 39 36 255 58 39 36 255 
58 39 36 255 58 39 36 255 107 51 40 255 134 58 42 255 140 62 41 255 143 64 40 255 143 64 40 255 143 64 40 255 143 64 40 255 143 64 40 255 143 64 40 255 143 64 40 255 143 64 40 255 143 64 40 255 143 64 40 255 143 64 40 255 143 64 40 255 143 64 40 255 143 64 40 255 143 64 40 255 143 64 40 255 143 64 40 255 143 64 40 255 143 64 40 255 143 64 40 255 143 64 40 255 143 64 40 255 140 62 41 255 134 58 42 255 107 51 40 255 58 39 36 255 58 39 36 255 
52 36 36 255 52 36 36 255 90 40 42 255 117 47 44 255 134 58 42 255 143 64 40 255 143 64 40 255 143 64 40 255 143 64 40 255 143 64 40 255 143 64 40 255 143 64 40 255 143 64 40 255 143 64 40 255 143 64 40 255 143 64 40 255 143 64 40 255 143 64 40 255 143 64 40 255 143 64 40 255 143 64 40 255 143 64 40 255 143 64 40 255 143 64 40 255 143 64 40 255 143 64 40 255 143 64 40 255 134 58 42 255 117 47 44 255 90 40 42 255 52 36 36 255 52 36 36 255 
50 34 37 255 49 34 37 255 81 34 43 255 106 40 45 255 123 51 43 255 131 56 42 255 131 56 42 255 131 56 42 255 131 56 42 255 131 56 42 255 131 56 42 255 131 56 42 255 131 56 42 255 131 56 42 255 131 56 42 255 131 56 42 255 131 56 42 255 131 56 42 255 131 56 42 255 131 56 42 255 131 56 42 255 131 56 42 255 131 56 42 255 131 56 42 255 131 56 42 255 131 56 42 255 131 56 42 255 123 51 43 255 106 40 45 255 81 34 43 255 50 34 37 255 50 34 37 255 
50 34 37 255 49 34 37 255 81 34 43 255 100 36 46 255 106 40 45 255 109 42 45 255 109 42 45 255 109 42 45 255 109 42 45 255 109 42 45 255 109 42 45 255 109 42 45 255 109 42 45 255 109 42 45 255 109 42 45 255 109 42 45 255 109 42 45 255 109 42 45 255 109 42 45 255 109 42 45 255 109 42 45 255 109 42 45 255 109 42 45 255 109 42 45 255 109 42 45 255 109 42 45 255 109 42 45 255 106 40 45 255 100 36 46 255 81 34 43 255 50 34 37 255 50 34 37 255 
46 34 36 255 45 34 36 255 69 34 41 255 81 34 43 255 81 34 43 255 81 34 43 255 81 34 43 255 81 34 43 255 81 34 43 255 81 34 43 255 81 34 43 255 81 34 43 255 81 34 43 255 81 34 43 255 81 34 43 255 81 34 43 255 81 34 43 255 81 34 43 255 81 34 43 255 81 34 43 255 81 34 43 255 81 34 43 255 81 34 43 255 81 34 43 255 81 34 43 255 81 34 43 255 81 34 43 255 81 34 43 255 81 34 43 255 69 34 41 255 46 34 36 255 46 34 36 255 
38 34 34 255 37 34 34 255 45 34 36 255 50 34 37 255 50 34 37 255 50 34 37 255 50 34 37 255 50 34 37 255 50 34 37 255 50 34 37 255 50 34 37 255 50 34 37 255 50 34 37 255 50 34 37 255 50 34 37 255 50 34 37 255 50 34 37 255 50 34 37 255 50 34 37 255 50 34 37 255 50 34 37 255 50 34 37 255 50 34 37 255 50 34 37 255 50 34 37 255 50 34 37 255 50 34 37 255 50 34 37 255 50 34 37 255 46 34 36 255 38 34 34 255 38 34 34 255 
38 34 34 255 37 34 34 255 45 34 36 255 50 34 37 255 50 34 37 255 50 34 37 255 50 34 37 255 50 34 37 255 50 34 37 255 50 34 37 255 50 34 37 255 50 34 37 255 50 34 37 255 50 34 37 255 50 34 37 255 50 34 37 255 50 34 37 255 50 34 37 255 50 34 37 255 50 34 37 255 50 34 37 255 50 34 37 255 50 34 37 255 50 34 37 255 50 34 37 255 50 34 37 255 50 34 37 255 50 34 37 255 50 34 37 255 46 34 36 255 38 34 34 255 38 34 34 255 
