0 0 0 0 0 0 0 0 0 0 0 0 0 0 0 0 0 0 0 0 15 12 3 15 46 38 11 47 61 46 14 63 60 39 12 63 44 26 8 47 14 8 2 15 0 0 0 0 0 0 0 0 0 0 0 0 0 0 0 0 0 0 0 0 
0 0 0 0 0 0 0 0 0 0 0 0 0 0 0 0 0 0 0 0 15 12 3 15 46 38 11 47 61 46 14 63 60 39 12 63 44 26 8 47 14 8 2 15 0 0 0 0 0 0 0 0 0 0 0 0 0 0 0 0 0 0 0 0 
0 0 0 0 0 0 0 0 0 0 0 0 0 0 0 0 0 0 0 0 46 38 11 47 140 114 34 143 185 140 43 191 180 117 37 191 133 79 25 143 44 26 8 47 0 0 0 0 0 0 0 0 0 0 0 0 0 0 0 0 0 0 0 0 
0 0 0 0 0 0 0 0 0 0 0 0 0 0 0 0 0 0 0 0 62 50 15 63 187 152 46 191 246 187 57 255 241 157 49 255 178 106 34 191 59 35 11 63 0 0 0 0 0 0 0 0 0 0 0 0 0 0 0 0 0 0 0 0 
0 0 0 0 0 0 0 0 0 0 0 0 0 0 0 0 0 0 0 0 62 50 15 63 187 152 46 191 246 187 57 255 241 157 49 255 178 106 34 191 59 35 11 63 0 0 0 0 0 0 0 0 0 0 0 0 0 0 0 0 0 0 0 0 
0 0 0 0 0 0 0 0 0 0 0 0 0 0 0 0 0 0 0 0 62 50 15 63 187 152 46 191 246 187 57 255 241 157 49 255 178 106 34 191 59 35 11 63 0 0 0 0 0 0 0 0 0 0 0 0 0 0 0 0 0 0 0 0 
0 0 0 0 0 0 0 0 0 0 0 0 0 0 0 0 0 0 0 0 62 50 15 63 187 152 46 191 246 187 57 255 241 157 49 255 178 106 34 191 59 35 11 63 0 0 0 0 0 0 0 0 0 0 0 0 0 0 0 0 0 0 0 0 
0 0 0 0 0 0 0 0 0 0 0 0 0 0 0 0 0 0 0 0 62 50 15 63 187 152 46 191 246 187 57 255 241 157 49 255 178 106 34 191 59 35 11 63 0 0 0 0 0 0 0 0 0 0 0 0 0 0 0 0 0 0 0 0 
0 0 0 0 0 0 0 0 0 0 0 0 0 0 0 0 0 0 0 0 62 50 15 63 187 152 46 191 246 187 57 255 241 157 49 255 178 106 34 191 59 35 11 63 0 0 0 0 0 0 0 0 0 0 0 0 0 0 0 0 0 0 0 0 
0 0 0 0 0 0 0 0 0 0 0 0 0 0 0 0 0 0 0 0 62 50 15 63 187 152 46 191 246 187 57 255 241 157 49 255 178 106 34 191 59 35 11 63 0 0 0 0 0 0 0 0 0 0 0 0 0 0 0 0 0 0 0 0 
0 0 0 0 0 0 0 0 0 0 0 0 0 0 0 0 0 0 0 0 62 50 15 63 187 152 46 191 246 187 57 255 241 157 49 255 178 106 34 191 59 35 11 63 0 0 0 0 0 0 0 0 0 0 0 0 0 0 0 0 0 0 0 0 
0 0 0 0 0 0 0 0 0 0 0 0 0 0 0 0 0 0 0 0 62 50 15 63 187 152 46 191 246 187 57 255 241 157 49 255 178 106 34 191 59 35 11 63 0 0 0 0 0 0 0 0 0 0 0 0 0 0 0 0 0 0 0 0 
0 0 0 0 0 0 0 0 0 0 0 0 0 0 0 0 0 0 0 0 62 50 15 63 187 152 46 191 246 187 57 255 241 157 49 255 178 106 34 191 59 35 11 63 0 0 0 0 0 0 0 0 0 0 0 0 0 0 0 0 0 0 0 0 
0 0 0 0 0 0 0 0 0 0 0 0 0 0 0 0 0 0 0 0 62 50 15 63 187 152 46 191 246 187 57 255 241 157 49 255 178 106 34 191 59 35 11 63 0 0 0 0 0 0 0 0 0 0 0 0 0 0 0 0 0 0 0 0 
0 0 0 0 0 0 0 0 0 0 0 0 0 0 0 0 0 0 0 0 62 50 15 63 187 152 46 191 246 187 57 255 241 157 49 255 178 106 34 191 59 35 11 63 0 0 0 0 0 0 0 0 0 0 0 0 0 0 0 0 0 0 0 0 
0 0 0 0 0 0 0 0 0 0 0 0 0 0 0 0 0 0 0 0 62 50 15 63 187 152 46 191 246 187 57 255 241 157 49 255 178 106 34 191 59 35 11 63 0 0 0 0 0 0 0 0 0 0 0 0 0 0 0 0 0 0 0 0 
