0 0 0 0 0 0 0 0 0 0 0 0 0 0 0 0 0 0 0 0 15 15 14 15 47 46 44 47 63 61 59 63 63 61 59 63 47 46 44 47 15 15 14 15 0 0 0 0 0 0 0 0 0 0 0 0 0 0 0 0 0 0 0 0 
0 0 0 0 0 0 0 0 0 0 0 0 0 0 0 0 0 0 0 0 15 15 14 15 47 46 44 47 63 61 59 63 63 61 59 63 47 46 44 47 15 15 14 15 0 0 0 0 0 0 0 0 0 0 0 0 0 0 0 0 0 0 0 0 
0 0 0 0 0 0 0 0 0 0 0 0 0 0 0 0 0 0 0 0 47 46 44 47 142 138 133 143 189 185 177 191 189 185 177 191 142 138 133 143 47 46 44 47 0 0 0 0 0 0 0 0 0 0 0 0 0 0 0 0 0 0 0 0 
0 0 0 0 0 0 0 0 0 0 0 0 15 15 14 15 47 46 44 47 110 108 103 111 205 200 192 207 253 247 237 255 253 247 237 255 205 200 192 207 110 108 103 111 47 46 44 47 15 15 14 15 0 0 0 0 0 0 0 0 0 0 0 0 
0 0 0 0 0 0 0 0 0 0 0 0 47 46 44 47 142 138 133 143 205 200 192 207 237 231 222 239 253 247 237 255 253 247 237 255 237 231 222 239 205 200 192 207 142 138 133 143 47 46 44 47 0 0 0 0 0 0 0 0 0 0 0 0 
0 0 0 0 0 0 0 0 0 0 0 0 63 61 59 63 189 185 177 191 253 247 237 255 253 247 237 255 253 247 237 255 253 247 237 255 253 247 237 255 253 247 237 255 189 185 177 191 63 61 59 63 0 0 0 0 0 0 0 0 0 0 0 0 
0 0 0 0 0 0 0 0 0 0 0 0 63 61 59 63 189 185 177 191 253 247 237 255 253 247 237 255 253 247 237 255 253 247 237 255 253 247 237 255 253 247 237 255 189 185 177 191 63 61 59 63 0 0 0 0 0 0 0 0 0 0 0 0 
0 0 0 0 0 0 0 0 0 0 0 0 63 61 59 63 189 185 177 191 253 247 237 255 253 247 237 255 253 247 237 255 253 247 237 255 253 247 237 255 253 247 237 255 189 185 177 191 63 61 59 63 0 0 0 0 0 0 0 0 0 0 0 0 
0 0 0 0 0 0 0 0 0 0 0 0 63 61 59 63 189 185 177 191 253 247 237 255 253 247 237 255 253 247 237 255 253 247 237 255 253 247 237 255 253 247 237 255 189 185 177 191 63 61 59 63 0 0 0 0 0 0 0 0 0 0 0 0 
0 0 0 0 0 0 0 0 0 0 0 0 63 61 59 63 189 185 177 191 253 247 237 255 253 247 237 255 253 247 237 255 253 247 237 255 253 247 237 255 253 247 237 255 189 185 177 191 63 61 59 63 0 0 0 0 0 0 0 0 0 0 0 0 
0 0 0 0 0 0 0 0 0 0 0 0 63 61 59 63 189 185 177 191 253 247 237 255 253 247 237 255 253 247 237 255 253 247 237 255 253 247 237 255 253 247 237 255 189 185 177 191 63 61 59 63 0 0 0 0 0 0 0 0 0 0 0 0 
0 0 0 0 0 0 0 0 0 0 0 0 63 61 59 63 189 185 177 191 253 247 237 255 253 247 237 255 253 247 237 255 253 247 237 255 253 247 237 255 253 247 237 255 189 185 177 191 63 61 59 63 0 0 0 0 0 0 0 0 0 0 0 0 
0 0 0 0 0 0 0 0 0 0 0 0 63 61 59 63 189 185 177 191 253 247 237 255 253 247 237 255 253 247 237 255 253 247 237 255 253 247 237 255 253 247 237 255 189 185 177 191 63 61 59 63 0 0 0 0 0 0 0 0 0 0 0 0 
0 0 0 0 0 0 0 0 0 0 0 0 47 46 44 47 142 138 133 143 205 200 192 207 237 231 222 239 253 247 237 255 253 247 237 255 237 231 222 239 205 200 192 207 142 138 133 143 47 46 44 47 0 0 0 0 0 0 0 0 0 0 0 0 
0 0 0 0 0 0 0 0 0 0 0 0 15 15 14 15 47 46 44 47 110 108 103 111 205 200 192 207 253 247 237 255 253 247 237 255 205 200 192 207 110 108 103 111 47 46 44 47 15 15 14 15 0 0 0 0 0 0 0 0 0 0 0 0 
0 0 0 0 0 0 0 0 0 0 0 0 15 15 14 15 47 46 44 47 110 108 103 111 205 200 192 207 253 247 237 255 253 247 237 255 205 200 192 207 110 108 103 111 47 46 44 47 15 15 14 15 0 0 0 0 0 0 0 0 0 0 0 0 
