0 0 0 0 0 0 0 0 0 0 0 0 0 0 0 0 0 0 0 0 14 8 2 15 44 26 8 47 60 42 23 63 62 55 47 63 47 46 44 47 15 15 14 15 0 0 0 0 0 0 0 0 0 0 0 0 0 0 0 0 0 0 0 0 
0 0 0 0 0 0 0 0 0 0 0 0 0 0 0 0 0 0 0 0 14 8 2 15 44 26 8 47 60 42 23 63 62 55 47 63 47 46 44 47 15 15 14 15 0 0 0 0 0 0 0 0 0 0 0 0 0 0 0 0 0 0 0 0 
0 0 0 0 0 0 0 0 0 0 0 0 0 0 0 0 0 0 0 0 44 26 8 47 133 79 25 143 181 126 70 191 186 165 141 191 142 138 133 143 47 46 44 47 0 0 0 0 0 0 0 0 0 0 0 0 0 0 0 0 0 0 0 0 
0 0 0 0 0 0 0 0 0 0 0 0 14 8 2 15 44 26 8 47 104 65 21 111 195 126 40 207 243 176 85 255 249 216 157 255 204 192 159 207 110 105 92 111 47 46 44 47 15 15 14 15 0 0 0 0 0 0 0 0 0 0 0 0 
0 0 0 0 0 0 0 0 0 0 0 0 44 26 8 47 133 79 25 143 195 126 40 207 229 167 52 239 247 194 69 255 249 207 93 255 235 206 123 239 204 192 159 207 142 138 133 143 47 46 44 47 0 0 0 0 0 0 0 0 0 0 0 0 
0 0 0 0 0 0 0 0 0 0 0 0 59 35 11 63 178 106 34 191 241 157 50 255 247 187 58 255 249 203 62 255 250 203 62 255 250 214 105 255 252 236 193 255 189 185 177 191 63 61 59 63 0 0 0 0 0 0 0 0 0 0 0 0 
0 0 0 0 0 0 0 0 0 0 0 0 59 35 11 63 178 106 34 191 241 157 50 255 247 187 58 255 249 202 62 255 249 202 61 255 250 214 105 255 252 236 193 255 189 185 177 191 63 61 59 63 0 0 0 0 0 0 0 0 0 0 0 0 
0 0 0 0 0 0 0 0 0 0 0 0 59 35 11 63 178 106 34 191 241 157 50 255 247 187 58 255 249 203 62 255 250 203 62 255 250 214 105 255 252 236 193 255 189 185 177 191 63 61 59 63 0 0 0 0 0 0 0 0 0 0 0 0 
0 0 0 0 0 0 0 0 0 0 0 0 59 35 11 63 178 106 34 191 241 157 50 255 247 187 58 255 249 202 62 255 249 202 61 255 250 214 105 255 252 236 193 255 189 185 177 191 63 61 59 63 0 0 0 0 0 0 0 0 0 0 0 0 
0 0 0 0 0 0 0 0 0 0 0 0 59 35 11 63 178 106 34 191 241 157 50 255 247 187 58 255 249 203 62 255 250 203 62 255 250 214 105 255 252 236 193 255 189 185 177 191 63 61 59 63 0 0 0 0 0 0 0 0 0 0 0 0 
0 0 0 0 0 0 0 0 0 0 0 0 59 35 11 63 178 106 34 191 241 157 50 255 247 187 58 255 249 202 62 255 249 202 61 255 250 214 105 255 252 236 193 255 189 185 177 191 63 61 59 63 0 0 0 0 0 0 0 0 0 0 0 0 
0 0 0 0 0 0 0 0 0 0 0 0 59 35 11 63 178 106 34 191 241 157 50 255 247 187 58 255 249 203 62 255 250 203 62 255 250 214 105 255 252 236 193 255 189 185 177 191 63 61 59 63 0 0 0 0 0 0 0 0 0 0 0 0 
0 0 0 0 0 0 0 0 0 0 0 0 59 35 11 63 178 106 34 191 241 157 50 255 247 187 58 255 249 203 62 255 250 203 62 255 250 214 105 255 252 236 193 255 189 185 177 191 63 61 59 63 0 0 0 0 0 0 0 0 0 0 0 0 
0 0 0 0 0 0 0 0 0 0 0 0 44 26 8 47 133 79 25 143 195 126 40 207 229 167 52 239 247 194 69 255 249 207 93 255 235 206 123 239 204 192 159 207 142 138 133 143 47 46 44 47 0 0 0 0 0 0 0 0 0 0 0 0 
0 0 0 0 0 0 0 0 0 0 0 0 14 8 2 15 44 26 8 47 104 65 21 111 195 126 40 207 243 176 85 255 249 216 157 255 204 192 159 207 110 105 92 111 47 46 44 47 15 15 14 15 0 0 0 0 0 0 0 0 0 0 0 0 
0 0 0 0 0 0 0 0 0 0 0 0 14 8 2 15 44 26 8 47 104 65 21 111 195 126 40 207 243 176 85 255 249 216 157 255 204 192 159 207 110 105 92 111 47 46 44 47 15 15 14 15 0 0 0 0 0 0 0 0 0 0 0 0 
