0 0 0 0 0 0 0 0 0 0 0 0 8 4 6 63 24 14 20 191 42 29 34 255 62 49 50 255 72 59 58 255 72 59 57 255 62 52 52 255 43 40 40 255 43 40 39 255 62 52 51 255 72 59 58 255 72 59 57 255 72 59 58 255 72 59 57 255 72 59 58 255 72 59 58 255 62 52 52 255 43 40 40 255 43 40 40 255 62 52 52 255 72 59 58 255 72 59 58 255 62 49 50 255 42 29 34 255 24 15 20 191 8 5 6 63 0 0 0 0 0 0 0 0 0 0 0 0 
0 0 0 0 0 0 0 0 0 0 0 0 8 4 6 63 24 14 20 191 42 29 34 255 62 49 50 255 72 59 58 255 72 59 57 255 62 52 52 255 43 40 40 255 43 40 39 255 62 52 51 255 72 59 58 255 72 59 57 255 72 59 58 255 72 59 57 255 72 59 58 255 72 59 58 255 62 52 52 255 43 40 40 255 43 40 40 255 62 52 52 255 72 59 58 255 72 59 58 255 62 49 50 255 42 29 34 255 24 15 20 191 8 5 6 63 0 0 0 0 0 0 0 0 0 0 0 0 
0 0 0 0 0 0 0 0 0 0 0 0 8 4 6 63 24 14 20 191 42 29 34 255 62 49 50 255 72 59 58 255 72 59 57 255 62 52 52 255 43 40 40 255 43 40 39 255 62 52 51 255 72 59 58 255 72 59 57 255 72 59 58 255 72 59 57 255 72 59 58 255 72 59 58 255 62 52 52 255 43 40 40 255 43 40 40 255 62 52 52 255 72 59 58 255 72 59 58 255 62 49 50 255 42 29 34 255 24 15 20 191 8 5 6 63 0 0 0 0 0 0 0 0 0 0 0 0 
0 0 0 0 0 0 0 0 0 0 0 0 8 4 6 63 24 14 20 191 40 27 32 255 54 41 44 255 67 53 53 255 78 62 61 255 71 58 57 255 46 42 41 255 43 40 39 255 62 52 51 255 72 59 58 255 72 59 57 255 72 59 58 255 72 59 57 255 72 59 58 255 72 59 58 255 62 52 52 255 43 40 40 255 46 42 41 255 71 58 57 255 78 62 61 255 68 53 54 255 55 42 44 255 40 27 32 255 24 15 20 191 8 5 6 63 0 0 0 0 0 0 0 0 0 0 0 0 
0 0 0 0 0 0 0 0 0 0 0 0 8 4 6 63 24 14 20 191 35 22 28 255 40 27 32 255 58 43 45 255 91 70 67 255 88 71 67 255 52 46 45 255 43 40 39 255 62 52 51 255 72 59 58 255 72 59 57 255 72 59 58 255 72 59 57 255 72 59 58 255 72 59 58 255 62 52 52 255 43 40 40 255 52 46 45 255 88 71 67 255 91 70 67 255 60 43 46 255 41 27 33 255 35 22 29 255 24 15 20 191 8 5 6 63 0 0 0 0 0 0 0 0 0 0 0 0 
0 0 0 0 0 0 0 0 0 0 0 0 8 4 6 63 24 14 20 191 35 22 28 255 40 27 32 255 56 40 43 255 83 62 61 255 84 65 62 255 57 48 47 255 53 46 46 255 73 60 58 255 83 67 64 255 83 67 64 255 83 67 64 255 83 67 64 255 83 67 64 255 83 67 64 255 73 60 58 255 53 47 46 255 57 48 47 255 84 65 62 255 84 63 61 255 57 41 44 255 41 27 33 255 35 22 29 255 24 15 20 191 8 5 6 63 0 0 0 0 0 0 0 0 0 0 0 0 
0 0 0 0 0 0 0 0 0 0 0 0 8 4 6 63 24 14 20 191 40 27 32 255 54 41 44 255 60 46 48 255 56 40 43 255 56 41 44 255 60 49 49 255 73 60 58 255 96 75 71 255 107 83 78 255 107 83 78 255 107 83 78 255 107 83 78 255 107 83 78 255 107 83 78 255 96 76 71 255 73 60 58 255 60 49 49 255 56 41 44 255 56 40 43 255 60 46 48 255 55 42 44 255 40 27 32 255 24 15 20 191 8 5 6 63 0 0 0 0 0 0 0 0 0 0 0 0 
0 0 0 0 0 0 0 0 0 0 0 0 8 4 6 63 24 14 20 191 42 29 34 255 62 49 50 255 64 51 52 255 50 37 40 255 47 34 38 255 57 44 46 255 71 55 55 255 88 67 65 255 97 73 70 255 97 73 70 255 97 73 70 255 97 73 70 255 97 73 70 255 97 73 70 255 88 67 65 255 71 55 55 255 57 44 46 255 47 34 38 255 50 37 40 255 64 51 52 255 62 49 50 255 42 29 34 255 24 15 20 191 8 5 6 63 0 0 0 0 0 0 0 0 0 0 0 0 
0 0 0 0 0 0 0 0 0 0 0 0 8 4 6 63 24 14 20 191 42 29 34 255 62 49 50 255 69 56 56 255 64 51 52 255 57 44 46 255 48 35 39 255 46 32 37 255 51 36 40 255 54 38 41 255 54 37 41 255 54 38 41 255 54 37 41 255 54 38 41 255 54 38 41 255 51 36 40 255 46 32 37 255 48 35 39 255 57 44 46 255 64 51 52 255 69 56 56 255 62 49 50 255 42 29 34 255 24 15 20 191 8 5 6 63 0 0 0 0 0 0 0 0 0 0 0 0 
0 0 0 0 0 0 0 0 0 0 0 0 8 4 6 63 24 14 20 191 42 29 34 255 62 49 50 255 72 59 58 255 72 59 57 255 62 50 51 255 44 32 37 255 36 25 31 255 40 28 33 255 42 29 34 255 42 29 34 255 42 29 34 255 42 29 34 255 42 29 34 255 42 29 34 255 40 28 33 255 36 25 31 255 44 32 37 255 62 50 51 255 72 59 58 255 72 59 58 255 62 49 50 255 42 29 34 255 24 15 20 191 8 5 6 63 0 0 0 0 0 0 0 0 0 0 0 0 
0 0 0 0 0 0 0 0 0 0 0 0 8 4 6 63 24 14 20 191 42 29 34 255 62 49 50 255 72 59 58 255 72 59 57 255 62 51 51 255 43 37 39 255 41 35 37 255 55 44 45 255 62 49 50 255 62 49 50 255 62 49 50 255 62 49 50 255 62 49 50 255 62 49 50 255 55 44 45 255 41 35 37 255 43 37 39 255 62 51 51 255 72 59 58 255 72 59 58 255 62 49 50 255 42 29 34 255 24 15 20 191 8 5 6 63 0 0 0 0 0 0 0 0 0 0 0 0 
0 0 0 0 0 0 0 0 0 0 0 0 8 4 6 63 24 14 20 191 42 29 34 255 62 49 50 255 72 59 58 255 72 59 57 255 62 52 52 255 43 40 40 255 43 40 39 255 62 52 51 255 72 59 58 255 72 59 57 255 72 59 58 255 72 59 57 255 72 59 58 255 72 59 58 255 62 52 52 255 43 40 40 255 43 40 40 255 62 52 52 255 72 59 58 255 72 59 58 255 62 49 50 255 42 29 34 255 24 15 20 191 8 5 6 63 0 0 0 0 0 0 0 0 0 0 0 0 
0 0 0 0 0 0 0 0 0 0 0 0 8 4 6 63 24 14 20 191 42 29 34 255 62 49 50 255 72 59 58 255 72 59 57 255 62 52 52 255 43 40 40 255 43 40 39 255 62 52 51 255 72 59 58 255 72 59 57 255 72 59 58 255 72 59 57 255 72 59 58 255 72 59 58 255 62 52 52 255 43 40 40 255 43 40 40 255 62 52 52 255 72 59 58 255 72 59 58 255 62 49 50 255 42 29 34 255 24 15 20 191 8 5 6 63 0 0 0 0 0 0 0 0 0 0 0 0 
0 0 0 0 0 0 0 0 0 0 0 0 8 4 6 63 24 14 20 191 42 29 34 255 62 49 50 255 72 59 58 255 72 59 57 255 62 52 52 255 43 40 40 255 43 40 39 255 62 52 51 255 72 59 58 255 72 59 57 255 72 59 58 255 72 59 57 255 72 59 58 255 72 59 58 255 62 52 52 255 43 40 40 255 43 40 40 255 62 52 52 255 72 59 58 255 72 59 58 255 62 49 50 255 42 29 34 255 24 15 20 191 8 5 6 63 0 0 0 0 0 0 0 0 0 0 0 0 
0 0 0 0 0 0 0 0 0 0 0 0 8 4 6 63 24 14 20 191 42 29 34 255 62 49 50 255 72 59 58 255 72 59 57 255 62 52 52 255 43 40 40 255 43 40 39 255 62 52 51 255 72 59 58 255 72 59 57 255 72 59 58 255 72 59 57 255 72 59 58 255 72 59 58 255 62 52 52 255 43 40 40 255 43 40 40 255 62 52 52 255 72 59 58 255 72 59 58 255 62 49 50 255 42 29 34 255 24 15 20 191 8 5 6 63 0 0 0 0 0 0 0 0 0 0 0 0 
0 0 0 0 0 0 0 0 0 0 0 0 8 5 6 63 25 15 20 191 43 29 35 255 62 49 50 255 72 59 58 255 72 59 57 255 62 52 52 255 43 40 40 255 43 40 39 255 62 52 51 255 72 59 58 255 72 59 57 255 72 59 58 255 72 59 57 255 72 59 58 255 72 59 58 255 62 52 52 255 43 40 40 255 43 40 40 255 62 52 52 255 72 59 58 255 72 59 58 255 62 49 50 255 42 29 34 255 24 15 20 191 8 5 6 63 0 0 0 0 0 0 0 0 0 0 0 0 
0 0 0 0 0 0 0 0 0 0 0 0 8 5 7 63 25 15 21 191 43 30 35 255 62 49 50 255 72 59 58 255 72 59 57 255 62 52 52 255 43 40 40 255 43 40 39 255 62 52 51 255 72 59 58 255 72 59 57 255 72 59 58 255 72 59 57 255 72 59 58 255 72 59 58 255 62 52 52 255 43 40 40 255 43 40 40 255 62 52 52 255 72 59 58 255 72 59 58 255 62 49 50 255 42 29 34 255 24 15 20 191 8 5 6 63 0 0 0 0 0 0 0 0 0 0 0 0 
0 0 0 0 0 0 0 0 0 0 0 0 8 5 7 63 25 15 21 191 41 27 34 255 55 42 45 255 67 53 54 255 78 62 61 255 71 58 57 255 46 42 41 255 43 40 39 255 62 52 51 255 72 59 58 255 72 59 57 255 72 59 58 255 72 59 57 255 72 59 58 255 72 59 58 255 62 52 52 255 43 40 40 255 46 42 41 255 71 58 57 255 78 62 61 255 67 53 53 255 54 41 44 255 40 27 32 255 24 15 20 191 8 5 6 63 0 0 0 0 0 0 0 0 0 0 0 0 
0 0 0 0 0 0 0 0 0 0 0 0 8 5 6 63 25 15 20 191 36 22 29 255 41 27 34 255 59 43 46 255 91 70 67 255 88 71 67 255 52 46 45 255 43 40 39 255 62 52 51 255 72 59 58 255 72 59 57 255 72 59 58 255 72 59 57 255 72 59 58 255 72 59 58 255 62 52 52 255 43 40 40 255 52 46 45 255 88 71 67 255 91 70 67 255 58 43 45 255 40 27 32 255 35 22 28 255 24 15 20 191 8 5 6 63 0 0 0 0 0 0 0 0 0 0 0 0 
0 0 0 0 0 0 0 0 0 0 0 0 8 4 6 63 24 14 20 191 35 22 29 255 41 27 33 255 57 41 44 255 84 63 61 255 84 65 62 255 57 48 47 255 53 46 46 255 73 60 58 255 83 67 64 255 83 67 64 255 83 67 64 255 83 67 64 255 83 67 64 255 83 67 64 255 73 60 58 255 53 47 46 255 57 48 47 255 84 65 62 255 83 62 61 255 56 40 43 255 40 27 32 255 35 22 28 255 24 15 20 191 8 5 6 63 0 0 0 0 0 0 0 0 0 0 0 0 
0 0 0 0 0 0 0 0 0 0 0 0 8 4 6 63 24 14 20 191 40 27 32 255 55 42 44 255 60 46 48 255 56 40 43 255 56 41 44 255 60 49 49 255 73 60 58 255 96 75 71 255 107 83 78 255 107 83 78 255 107 83 78 255 107 83 78 255 107 83 78 255 107 83 78 255 96 76 71 255 73 60 58 255 60 49 49 255 56 41 44 255 56 40 43 255 60 46 48 255 54 41 44 255 40 27 32 255 24 15 20 191 8 5 6 63 0 0 0 0 0 0 0 0 0 0 0 0 
0 0 0 0 0 0 0 0 0 0 0 0 8 4 6 63 24 14 20 191 42 29 34 255 62 49 50 255 64 51 52 255 50 37 40 255 47 34 38 255 57 44 46 255 71 55 55 255 88 67 65 255 97 73 70 255 97 73 70 255 97 73 70 255 97 73 70 255 97 73 70 255 97 73 70 255 88 67 65 255 71 55 55 255 57 44 46 255 47 34 38 255 50 37 40 255 64 51 52 255 62 49 50 255 42 29 34 255 24 15 20 191 8 5 6 63 0 0 0 0 0 0 0 0 0 0 0 0 
0 0 0 0 0 0 0 0 0 0 0 0 8 4 6 63 24 14 20 191 42 29 34 255 62 49 50 255 69 56 56 255 64 51 52 255 57 44 46 255 48 35 39 255 46 32 37 255 51 36 40 255 54 38 41 255 54 37 41 255 54 38 41 255 54 37 41 255 54 38 41 255 54 38 41 255 51 36 40 255 46 32 37 255 48 35 39 255 57 44 46 255 64 51 52 255 69 56 56 255 62 49 50 255 42 29 34 255 24 15 20 191 8 5 6 63 0 0 0 0 0 0 0 0 0 0 0 0 
0 0 0 0 0 0 0 0 0 0 0 0 8 4 6 63 24 14 20 191 42 29 34 255 62 49 50 255 72 59 58 255 72 59 57 255 62 50 51 255 44 32 37 255 36 25 31 255 40 28 33 255 42 29 34 255 42 29 34 255 42 29 34 255 42 29 34 255 42 29 34 255 42 29 34 255 40 28 33 255 36 25 31 255 44 32 37 255 62 50 51 255 72 59 58 255 72 59 58 255 62 49 50 255 42 29 34 255 24 15 20 191 8 5 6 63 0 0 0 0 0 0 0 0 0 0 0 0 
0 0 0 0 0 0 0 0 0 0 0 0 8 4 6 63 24 14 20 191 42 29 34 255 62 49 50 255 72 59 58 255 72 59 57 255 62 51 51 255 43 37 39 255 41 35 37 255 55 44 45 255 62 49 50 255 62 49 50 255 62 49 50 255 62 49 50 255 62 49 50 255 62 49 50 255 55 44 45 255 41 35 37 255 43 37 39 255 62 51 51 255 72 59 58 255 72 59 58 255 62 49 50 255 42 29 34 255 24 15 20 191 8 5 6 63 0 0 0 0 0 0 0 0 0 0 0 0 
0 0 0 0 0 0 0 0 0 0 0 0 8 4 6 63 24 14 20 191 42 29 34 255 62 49 50 255 72 59 58 255 72 59 57 255 62 52 52 255 43 40 40 255 43 40 39 255 62 52 51 255 72 59 58 255 72 59 57 255 72 59 58 255 72 59 57 255 72 59 58 255 72 59 58 255 62 52 52 255 43 40 40 255 43 40 40 255 62 52 52 255 72 59 58 255 72 59 58 255 62 49 50 255 42 29 34 255 24 15 20 191 8 5 6 63 0 0 0 0 0 0 0 0 0 0 0 0 
0 0 0 0 0 0 0 0 0 0 0 0 8 4 6 63 24 14 20 191 42 29 34 255 62 49 50 255 72 59 58 255 72 59 57 255 62 52 52 255 43 40 40 255 43 40 39 255 62 52 51 255 72 59 58 255 72 59 57 255 72 59 58 255 72 59 57 255 72 59 58 255 72 59 58 255 62 52 52 255 43 40 40 255 43 40 40 255 62 52 52 255 72 59 58 255 72 59 58 255 62 49 50 255 42 29 34 255 24 15 20 191 8 5 6 63 0 0 0 0 0 0 0 0 0 0 0 0 
2 1 1 15 2 1 1 15 6 3 5 47 14 8 12 111 27 16 22 207 43 29 35 255 62 49 50 255 72 59 58 255 72 59 57 255 62 52 52 255 43 40 40 255 43 40 39 255 62 52 51 255 72 59 58 255 72 59 57 255 72 59 58 255 72 59 57 255 72 59 58 255 72 59 58 255 62 52 52 255 43 40 40 255 43 40 40 255 62 52 52 255 72 59 58 255 72 59 58 255 62 49 50 255 43 29 35 255 27 16 22 207 14 8 11 111 6 3 5 47 2 1 1 15 2 1 1 15 
6 3 5 47 6 3 5 47 19 11 16 143 28 16 23 207 32 19 26 239 43 30 35 255 62 49 50 255 72 59 58 255 72 59 57 255 62 52 52 255 43 40 40 255 43 40 39 255 62 52 51 255 72 59 58 255 72 59 57 255 72 59 58 255 72 59 57 255 72 59 58 255 72 59 58 255 62 52 52 255 43 40 40 255 43 40 40 255 62 52 52 255 72 59 58 255 72 59 58 255 62 49 50 255 43 30 35 255 32 19 26 239 27 16 22 207 18 11 15 143 6 3 5 47 6 3 5 47 
14 8 11 111 13 8 11 111 27 16 23 207 34 21 29 255 34 23 29 255 41 30 35 255 55 42 45 255 67 53 53 255 78 62 61 255 71 58 57 255 46 42 41 255 43 40 39 255 62 52 51 255 72 59 58 255 72 59 57 255 72 59 58 255 72 59 57 255 72 59 58 255 72 59 58 255 62 52 52 255 43 40 40 255 46 42 41 255 71 58 57 255 78 62 61 255 67 53 53 255 55 43 45 255 41 30 35 255 34 23 29 255 33 21 27 255 24 15 20 191 8 5 6 63 8 5 6 63 
24 14 20 207 24 14 20 207 31 18 26 239 34 23 29 255 34 28 31 255 36 30 33 255 40 30 34 255 58 43 45 255 91 70 67 255 88 71 67 255 52 46 45 255 43 40 39 255 62 52 51 255 72 59 58 255 72 59 57 255 72 59 58 255 72 59 57 255 72 59 58 255 72 59 58 255 62 52 52 255 43 40 40 255 52 46 45 255 88 71 67 255 91 70 67 255 58 43 45 255 40 30 34 255 36 30 33 255 33 28 31 255 33 22 28 255 24 15 20 191 8 5 6 63 8 5 6 63 
24 14 20 207 24 14 20 207 31 18 26 239 34 23 29 255 34 28 31 255 36 30 33 255 40 30 34 255 58 43 45 255 91 70 67 255 88 71 67 255 52 46 45 255 43 40 39 255 62 52 51 255 72 59 58 255 72 59 57 255 72 59 58 255 72 59 57 255 72 59 58 255 72 59 58 255 62 52 52 255 43 40 40 255 52 46 45 255 88 71 67 255 91 70 67 255 58 43 45 255 40 30 34 255 36 30 33 255 33 28 31 255 33 22 28 255 24 15 20 191 8 5 6 63 8 5 6 63 
