2 2 2 15 2 2 2 15 6 6 6 47 8 8 8 63 8 8 8 63 8 8 8 63 8 8 8 63 8 8 8 63 8 8 8 63 8 8 8 63 8 8 8 63 8 8 8 63 8 8 8 63 8 8 8 63 8 8 8 63 8 8 8 63 8 8 8 63 8 8 8 63 8 8 8 63 8 8 8 63 8 8 8 63 8 8 8 63 8 8 8 63 8 8 8 63 8 8 8 63 8 8 8 63 8 8 8 63 8 8 8 63 8 8 8 63 6 6 6 47 2 2 2 15 2 2 2 15 
2 2 2 15 2 2 2 15 6 6 6 47 8 8 8 63 8 8 8 63 8 8 8 63 8 8 8 63 8 8 8 63 8 8 8 63 8 8 8 63 8 8 8 63 8 8 8 63 8 8 8 63 8 8 8 63 8 8 8 63 8 8 8 63 8 8 8 63 8 8 8 63 8 8 8 63 8 8 8 63 8 8 8 63 8 8 8 63 8 8 8 63 8 8 8 63 8 8 8 63 8 8 8 63 8 8 8 63 8 8 8 63 8 8 8 63 6 6 6 47 2 2 2 15 2 2 2 15 
6 6 6 47 6 6 6 47 19 19 19 143 25 25 25 191 25 25 25 191 25 25 25 191 25 25 25 191 25 25 25 191 25 25 25 191 25 25 25 191 25 25 25 191 25 25 25 191 25 25 25 191 25 25 25 191 25 25 25 191 25 25 25 191 25 25 25 191 25 25 25 191 25 25 25 191 25 25 25 191 25 25 25 191 25 25 25 191 25 25 25 191 25 25 25 191 25 25 25 191 25 25 25 191 25 25 25 191 25 25 25 191 25 25 25 191 19 19 19 143 6 6 6 47 6 6 6 47 
8 8 8 63 8 8 8 63 25 25 25 191 40 35 34 255 54 39 35 255 61 41 35 255 61 41 35 255 58 39 36 255 52 36 36 255 52 36 36 255 58 39 36 255 61 41 35 255 61 41 35 255 58 39 36 255 52 36 36 255 52 36 36 255 58 39 36 255 61 41 35 255 61 41 35 255 61 41 35 255 61 41 35 255 58 39 36 255 52 36 36 255 52 36 36 255 58 39 36 255 61 41 35 255 61 41 35 255 54 39 35 255 40 35 34 255 25 25 25 191 8 8 8 63 8 8 8 63 
8 8 8 63 8 8 8 63 25 25 25 191 54 39 35 255 95 50 37 255 115 56 39 255 115 56 39 255 107 51 40 255 90 40 42 255 90 40 42 255 107 51 40 255 115 56 39 255 115 56 39 255 107 51 40 255 90 40 42 255 90 40 42 255 107 51 40 255 115 56 39 255 115 56 39 255 115 56 39 255 115 56 39 255 107 51 40 255 90 40 42 255 90 40 42 255 107 51 40 255 115 56 39 255 115 56 39 255 95 50 37 255 54 39 35 255 25 25 25 191 8 8 8 63 8 8 8 63 
8 8 8 63 8 8 8 63 25 25 25 191 61 41 35 255 115 56 39 255 143 64 40 255 143 64 40 255 131 56 42 255 109 42 45 255 109 42 45 255 131 56 42 255 143 64 40 255 143 64 40 255 131 56 42 255 109 42 45 255 109 42 45 255 131 56 42 255 143 64 40 255 143 64 40 255 143 64 40 255 143 64 40 255 131 56 42 255 109 42 45 255 109 42 45 255 131 56 42 255 143 64 40 255 143 64 40 255 115 56 39 255 61 41 35 255 25 25 25 191 8 8 8 63 8 8 8 63 
8 8 8 63 8 8 8 63 25 25 25 191 61 41 35 255 115 56 39 255 143 64 40 255 143 64 40 255 131 56 42 255 109 42 45 255 109 42 45 255 131 56 42 255 143 64 40 255 143 64 40 255 131 56 42 255 109 42 45 255 109 42 45 255 131 56 42 255 143 64 40 255 143 64 40 255 143 64 40 255 143 64 40 255 131 56 42 255 109 42 45 255 109 42 45 255 131 56 42 255 143 64 40 255 143 64 40 255 115 56 39 255 61 41 35 255 25 25 25 191 8 8 8 63 8 8 8 63 
8 8 8 63 8 8 8 63 25 25 25 191 61 41 35 255 115 56 39 255 143 64 40 255 143 64 40 255 131 56 42 255 109 42 45 255 109 42 45 255 131 56 42 255 143 64 40 255 143 64 40 255 131 56 42 255 109 42 45 255 109 42 45 255 131 56 42 255 143 64 40 255 143 64 40 255 143 64 40 255 143 64 40 255 131 56 42 255 109 42 45 255 109 42 45 255 131 56 42 255 143 64 40 255 143 64 40 255 115 56 39 255 61 41 35 255 25 25 25 191 8 8 8 63 8 8 8 63 
8 8 8 63 8 8 8 63 25 25 25 191 61 41 35 255 115 56 39 255 143 64 40 255 143 64 40 255 131 56 42 255 109 42 45 255 109 42 45 255 131 56 42 255 143 64 40 255 143 64 40 255 131 56 42 255 109 42 45 255 109 42 45 255 131 56 42 255 143 64 40 255 143 64 40 255 143 64 40 255 143 64 40 255 131 56 42 255 109 42 45 255 109 42 45 255 131 56 42 255 143 64 40 255 143 64 40 255 115 56 39 255 61 41 35 255 25 25 25 191 8 8 8 63 8 8 8 63 
8 8 8 63 8 8 8 63 25 25 25 191 61 41 35 255 115 56 39 255 143 64 40 255 143 64 40 255 131 56 42 255 109 42 45 255 109 42 45 255 131 56 42 255 143 64 40 255 143 64 40 255 131 56 42 255 109 42 45 255 109 42 45 255 131 56 42 255 143 64 40 255 143 64 40 255 143 64 40 255 143 64 40 255 131 56 42 255 109 42 45 255 109 42 45 255 131 56 42 255 143 64 40 255 143 64 40 255 115 56 39 255 61 41 35 255 25 25 25 191 8 8 8 63 8 8 8 63 
8 8 8 63 8 8 8 63 25 25 25 191 61 41 35 255 115 56 39 255 143 64 40 255 143 64 40 255 131 56 42 255 109 42 45 255 109 42 45 255 131 56 42 255 143 64 40 255 143 64 40 255 131 56 42 255 109 42 45 255 109 42 45 255 131 56 42 255 143 64 40 255 143 64 40 255 143 64 40 255 143 64 40 255 131 56 42 255 109 42 45 255 109 42 45 255 131 56 42 255 143 64 40 255 143 64 40 255 115 56 39 255 61 41 35 255 25 25 25 191 8 8 8 63 8 8 8 63 
8 8 8 63 8 8 8 63 25 25 25 191 61 41 35 255 115 56 39 255 143 64 40 255 143 64 40 255 131 56 42 255 109 42 45 255 109 42 45 255 131 56 42 255 143 64 40 255 143 64 40 255 131 56 42 255 109 42 45 255 109 42 45 255 131 56 42 255 143 64 40 255 143 64 40 255 143 64 40 255 143 64 40 255 131 56 42 255 109 42 45 255 109 42 45 255 131 56 42 255 143 64 40 255 143 64 40 255 115 56 39 255 61 41 35 255 25 25 25 191 8 8 8 63 8 8 8 63 
8 8 8 63 8 8 8 63 25 25 25 191 61 41 35 255 115 56 39 255 143 64 40 255 143 64 40 255 131 56 42 255 109 42 45 255 109 42 45 255 131 56 42 255 143 64 40 255 143 64 40 255 131 56 42 255 109 42 45 255 109 42 45 255 131 56 42 255 143 64 40 255 143 64 40 255 143 64 40 255 143 64 40 255 131 56 42 255 109 42 45 255 109 42 45 255 131 56 42 255 143 64 40 255 143 64 40 255 115 56 39 255 61 41 35 255 25 25 25 191 8 8 8 63 8 8 8 63 
8 8 8 63 8 8 8 63 25 25 25 191 61 41 35 255 115 56 39 255 143 64 40 255 143 64 40 255 131 56 42 255 109 42 45 255 109 42 45 255 131 56 42 255 143 64 40 255 143 64 40 255 131 56 42 255 109 42 45 255 109 42 45 255 131 56 42 255 143 64 40 255 143 64 40 255 143 64 40 255 143 64 40 255 131 56 42 255 109 42 45 255 109 42 45 255 131 56 42 255 143 64 40 255 143 64 40 255 115 56 39 255 61 41 35 255 25 25 25 191 8 8 8 63 8 8 8 63 
8 8 8 63 8 8 8 63 25 25 25 191 61 41 35 255 115 56 39 255 143 64 40 255 143 64 40 255 131 56 42 255 109 42 45 255 109 42 45 255 131 56 42 255 143 64 40 255 143 64 40 255 131 56 42 255 109 42 45 255 109 42 45 255 131 56 42 255 143 64 40 255 143 64 40 255 143 64 40 255 143 64 40 255 131 56 42 255 109 42 45 255 109 42 45 255 131 56 42 255 143 64 40 255 143 64 40 255 115 56 39 255 61 41 35 255 25 25 25 191 8 8 8 63 8 8 8 63 
8 8 8 63 8 8 8 63 25 25 25 191 61 41 35 255 115 56 39 255 143 64 40 255 143 64 40 255 131 56 42 255 109 42 45 255 109 42 45 255 131 56 42 255 143 64 40 255 143 64 40 255 131 56 42 255 109 42 45 255 109 42 45 255 131 56 42 255 143 64 40 255 143 64 40 255 143 64 40 255 143 64 40 255 131 56 42 255 109 42 45 255 109 42 45 255 131 56 42 255 143 64 40 255 143 64 40 255 115 56 39 255 61 41 35 255 25 25 25 191 8 8 8 63 8 8 8 63 
8 8 8 63 8 8 8 63 25 25 25 191 61 41 35 255 115 56 39 255 143 64 40 255 143 64 40 255 131 56 42 255 109 42 45 255 109 42 45 255 131 56 42 255 143 64 40 255 143 64 40 255 131 56 42 255 109 42 45 255 109 42 45 255 131 56 42 255 143 64 40 255 143 64 40 255 143 64 40 255 143 64 40 255 131 56 42 255 109 42 45 255 109 42 45 255 131 56 42 255 143 64 40 255 143 64 40 255 115 56 39 255 61 41 35 255 25 25 25 191 8 8 8 63 8 8 8 63 
8 8 8 63 8 8 8 63 25 25 25 191 61 41 35 255 115 56 39 255 143 64 40 255 143 64 40 255 131 56 42 255 109 42 45 255 109 42 45 255 131 56 42 255 143 64 40 255 143 64 40 255 131 56 42 255 109 42 45 255 109 42 45 255 131 56 42 255 143 64 40 255 143 64 40 255 143 64 40 255 143 64 40 255 131 56 42 255 109 42 45 255 109 42 45 255 131 56 42 255 143 64 40 255 143 64 40 255 115 56 39 255 61 41 35 255 25 25 25 191 8 8 8 63 8 8 8 63 
8 8 8 63 8 8 8 63 25 25 25 191 61 41 35 255 115 56 39 255 143 64 40 255 143 64 40 255 131 56 42 255 109 42 45 255 109 42 45 255 131 56 42 255 143 64 40 255 143 64 40 255 131 56 42 255 109 42 45 255 109 42 45 255 131 56 42 255 143 64 40 255 143 64 40 255 143 64 40 255 143 64 40 255 131 56 42 255 109 42 45 255 109 42 45 255 131 56 42 255 143 64 40 255 143 64 40 255 115 56 39 255 61 41 35 255 25 25 25 191 8 8 8 63 8 8 8 63 
8 8 8 63 8 8 8 63 25 25 25 191 67 46 36 255 133 71 40 255 166 83 42 255 166 83 42 255 158 78 43 255 141 67 45 255 141 67 45 255 158 78 43 255 166 83 42 255 166 83 42 255 158 78 43 255 141 67 45 255 141 67 45 255 158 78 43 255 166 83 42 255 166 83 42 255 166 83 42 255 166 83 42 255 158 78 43 255 141 67 45 255 141 67 45 255 158 78 43 255 166 83 42 255 166 83 42 255 133 71 40 255 67 46 36 255 25 25 25 191 8 8 8 63 8 8 8 63 
8 8 8 63 8 8 8 63 25 25 25 191 79 56 36 255 169 100 42 255 214 122 44 255 214 122 44 255 211 120 45 255 205 117 45 255 205 117 45 255 211 120 45 255 214 122 44 255 214 122 44 255 211 120 45 255 205 117 45 255 205 117 45 255 211 120 45 255 214 122 44 255 214 122 44 255 214 122 44 255 214 122 44 255 211 120 45 255 205 117 45 255 205 117 45 255 211 120 45 255 214 122 44 255 214 122 44 255 169 100 42 255 79 56 36 255 25 25 25 191 8 8 8 63 8 8 8 63 
8 8 8 63 8 8 8 63 25 25 25 191 79 56 36 255 169 100 42 255 214 122 44 255 214 122 44 255 214 122 44 255 214 122 44 255 214 122 44 255 214 122 44 255 214 122 44 255 214 122 44 255 214 122 44 255 214 122 44 255 214 122 44 255 214 122 44 255 214 122 44 255 214 122 44 255 214 122 44 255 214 122 44 255 214 122 44 255 214 122 44 255 214 122 44 255 214 122 44 255 214 122 44 255 214 122 44 255 169 100 42 255 79 56 36 255 25 25 25 191 8 8 8 63 8 8 8 63 
8 8 8 63 8 8 8 63 25 25 25 191 67 46 36 255 133 71 40 255 166 83 42 255 166 83 42 255 166 83 42 255 166 83 42 255 166 83 42 255 166 83 42 255 166 83 42 255 166 83 42 255 166 83 42 255 166 83 42 255 166 83 42 255 166 83 42 255 166 83 42 255 166 83 42 255 166 83 42 255 166 83 42 255 166 83 42 255 166 83 42 255 166 83 42 255 166 83 42 255 166 83 42 255 166 83 42 255 133 71 40 255 67 46 36 255 25 25 25 191 8 8 8 63 8 8 8 63 
8 8 8 63 8 8 8 63 25 25 25 191 61 41 35 255 115 56 39 255 140 62 41 255 134 58 42 255 131 56 42 255 131 56 42 255 131 56 42 255 131 56 42 255 131 56 42 255 131 56 42 255 131 56 42 255 131 56 42 255 131 56 42 255 131 56 42 255 131 56 42 255 131 56 42 255 131 56 42 255 131 56 42 255 131 56 42 255 131 56 42 255 131 56 42 255 131 56 42 255 134 58 42 255 140 62 41 255 115 56 39 255 61 41 35 255 25 25 25 191 8 8 8 63 8 8 8 63 
8 8 8 63 8 8 8 63 25 25 25 191 61 41 35 255 115 56 39 255 134 58 42 255 117 47 44 255 109 42 45 255 109 42 45 255 109 42 45 255 109 42 45 255 109 42 45 255 109 42 45 255 109 42 45 255 109 42 45 255 109 42 45 255 109 42 45 255 109 42 45 255 109 42 45 255 109 42 45 255 109 42 45 255 109 42 45 255 109 42 45 255 109 42 45 255 109 42 45 255 117 47 44 255 134 58 42 255 115 56 39 255 61 41 35 255 25 25 25 191 8 8 8 63 8 8 8 63 
8 8 8 63 8 8 8 63 25 25 25 191 61 41 35 255 115 56 39 255 131 56 42 255 109 42 45 255 100 36 46 255 106 40 45 255 109 42 45 255 109 42 45 255 102 40 45 255 88 36 44 255 88 36 44 255 102 40 45 255 109 42 45 255 109 42 45 255 102 40 45 255 88 36 44 255 88 36 44 255 102 40 45 255 109 42 45 255 109 42 45 255 106 40 45 255 100 36 46 255 109 42 45 255 131 56 42 255 115 56 39 255 61 41 35 255 25 25 25 191 8 8 8 63 8 8 8 63 
8 8 8 63 8 8 8 63 25 25 25 191 61 41 35 255 115 56 39 255 131 56 42 255 109 42 45 255 106 40 45 255 123 51 43 255 131 56 42 255 131 56 42 255 111 51 41 255 70 39 38 255 70 39 38 255 111 51 41 255 131 56 42 255 131 56 42 255 111 51 41 255 70 39 38 255 70 39 38 255 111 51 41 255 131 56 42 255 131 56 42 255 123 51 43 255 106 40 45 255 109 42 45 255 131 56 42 255 115 56 39 255 61 41 35 255 25 25 25 191 8 8 8 63 8 8 8 63 
8 8 8 63 8 8 8 63 25 25 25 191 61 41 35 255 115 56 39 255 131 56 42 255 109 42 45 255 109 42 45 255 131 56 42 255 143 64 40 255 143 64 40 255 115 56 39 255 61 41 35 255 61 41 35 255 115 56 39 255 143 64 40 255 143 64 40 255 115 56 39 255 61 41 35 255 61 41 35 255 115 56 39 255 143 64 40 255 143 64 40 255 131 56 42 255 109 42 45 255 109 42 45 255 131 56 42 255 115 56 39 255 61 41 35 255 25 25 25 191 8 8 8 63 8 8 8 63 
8 8 8 63 8 8 8 63 25 25 25 191 61 41 35 255 115 56 39 255 131 56 42 255 109 42 45 255 109 42 45 255 131 56 42 255 143 64 40 255 143 64 40 255 115 56 39 255 61 41 35 255 61 41 35 255 115 56 39 255 143 64 40 255 143 64 40 255 115 56 39 255 61 41 35 255 61 41 35 255 115 56 39 255 143 64 40 255 143 64 40 255 131 56 42 255 109 42 45 255 109 42 45 255 131 56 42 255 115 56 39 255 61 41 35 255 25 25 25 191 8 8 8 63 8 8 8 63 
8 8 8 63 8 8 8 63 25 25 25 191 61 41 35 255 115 56 39 255 131 56 42 255 109 42 45 255 109 42 45 255 131 56 42 255 143 64 40 255 143 64 40 255 115 56 39 255 61 41 35 255 61 41 35 255 115 56 39 255 143 64 40 255 143 64 40 255 115 56 39 255 61 41 35 255 61 41 35 255 115 56 39 255 143 64 40 255 143 64 40 255 131 56 42 255 109 42 45 255 109 42 45 255 131 56 42 255 115 56 39 255 61 41 35 255 25 25 25 191 8 8 8 63 8 8 8 63 
8 8 8 63 8 8 8 63 25 25 25 191 61 41 35 255 115 56 39 255 131 56 42 255 109 42 45 255 109 42 45 255 131 56 42 255 143 64 40 255 143 64 40 255 115 56 39 255 61 41 35 255 61 41 35 255 115 56 39 255 143 64 40 255 143 64 40 255 115 56 39 255 61 41 35 255 61 41 35 255 115 56 39 255 143 64 40 255 143 64 40 255 131 56 42 255 109 42 45 255 109 42 45 255 131 56 42 255 115 56 39 255 61 41 35 255 25 25 25 191 8 8 8 63 8 8 8 63 
8 8 8 63 8 8 8 63 25 25 25 191 61 41 35 255 115 56 39 255 131 56 42 255 109 42 45 255 109 42 45 255 131 56 42 255 143 64 40 255 143 64 40 255 115 56 39 255 61 41 35 255 61 41 35 255 115 56 39 255 143 64 40 255 143 64 40 255 115 56 39 255 61 41 35 255 61 41 35 255 115 56 39 255 143 64 40 255 143 64 40 255 131 56 42 255 109 42 45 255 109 42 45 255 131 56 42 255 115 56 39 255 61 41 35 255 25 25 25 191 8 8 8 63 8 8 8 63 
8 8 8 63 8 8 8 63 25 25 25 191 61 41 35 255 115 56 39 255 131 56 42 255 109 42 45 255 109 42 45 255 131 56 42 255 143 64 40 255 143 64 40 255 115 56 39 255 61 41 35 255 61 41 35 255 115 56 39 255 143 64 40 255 143 64 40 255 115 56 39 255 61 41 35 255 61 41 35 255 115 56 39 255 143 64 40 255 143 64 40 255 131 56 42 255 109 42 45 255 109 42 45 255 131 56 42 255 115 56 39 255 61 41 35 255 25 25 25 191 8 8 8 63 8 8 8 63 
8 8 8 63 8 8 8 63 25 25 25 191 61 41 35 255 115 56 39 255 131 56 42 255 109 42 45 255 109 42 45 255 131 56 42 255 143 64 40 255 143 64 40 255 122 58 39 255 81 47 37 255 81 47 37 255 122 58 39 255 143 64 40 255 143 64 40 255 122 58 39 255 81 47 37 255 81 47 37 255 122 58 39 255 143 64 40 255 143 64 40 255 131 56 42 255 109 42 45 255 109 42 45 255 131 56 42 255 115 56 39 255 61 41 35 255 25 25 25 191 8 8 8 63 8 8 8 63 
8 8 8 63 8 8 8 63 25 25 25 191 61 41 35 255 115 56 39 255 131 56 42 255 109 42 45 255 109 42 45 255 131 56 42 255 143 64 40 255 143 64 40 255 136 62 40 255 122 58 39 255 122 58 39 255 136 62 40 255 143 64 40 255 143 64 40 255 136 62 40 255 122 58 39 255 122 58 39 255 136 62 40 255 143 64 40 255 143 64 40 255 131 56 42 255 109 42 45 255 109 42 45 255 131 56 42 255 115 56 39 255 61 41 35 255 25 25 25 191 8 8 8 63 8 8 8 63 
8 8 8 63 8 8 8 63 25 25 25 191 61 41 35 255 115 56 39 255 140 63 42 255 135 62 45 255 141 67 45 255 158 78 43 255 166 83 42 255 166 83 42 255 166 83 42 255 166 83 42 255 166 83 42 255 166 83 42 255 166 83 42 255 166 83 42 255 166 83 42 255 166 83 42 255 166 83 42 255 166 83 42 255 166 83 42 255 166 83 42 255 158 78 43 255 141 67 45 255 135 62 45 255 140 63 42 255 115 56 39 255 61 41 35 255 25 25 25 191 8 8 8 63 8 8 8 63 
8 8 8 63 8 8 8 63 25 25 25 191 61 41 35 255 115 56 39 255 157 76 42 255 187 102 44 255 205 117 45 255 211 120 45 255 214 122 44 255 214 122 44 255 214 122 44 255 214 122 44 255 214 122 44 255 214 122 44 255 214 122 44 255 214 122 44 255 214 122 44 255 214 122 44 255 214 122 44 255 214 122 44 255 214 122 44 255 214 122 44 255 211 120 45 255 205 117 45 255 188 102 44 255 158 76 42 255 115 56 39 255 61 41 35 255 25 25 25 191 8 8 8 63 8 8 8 63 
8 8 8 63 8 8 8 63 25 25 25 191 61 41 35 255 115 56 39 255 160 78 41 255 196 107 43 255 214 122 44 255 214 122 44 255 214 122 44 255 214 122 44 255 214 122 44 255 214 122 44 255 214 122 44 255 214 122 44 255 214 122 44 255 214 122 44 255 214 122 44 255 214 122 44 255 214 122 44 255 214 122 44 255 214 122 44 255 214 122 44 255 214 122 44 255 214 122 44 255 196 107 43 255 160 78 41 255 115 56 39 255 61 41 35 255 25 25 25 191 8 8 8 63 8 8 8 63 
8 8 8 63 8 8 8 63 25 25 25 191 61 41 35 255 115 56 39 255 148 68 41 255 160 78 41 255 166 83 42 255 166 83 42 255 166 83 42 255 166 83 42 255 166 83 42 255 166 83 42 255 166 83 42 255 166 83 42 255 166 83 42 255 166 83 42 255 166 83 42 255 166 83 42 255 166 83 42 255 166 83 42 255 166 83 42 255 166 83 42 255 166 83 42 255 166 83 42 255 160 78 41 255 148 68 41 255 115 56 39 255 61 41 35 255 25 25 25 191 8 8 8 63 8 8 8 63 
8 8 8 63 8 8 8 63 25 25 25 191 54 39 35 255 95 50 37 255 115 56 39 255 115 56 39 255 115 56 39 255 115 56 39 255 115 56 39 255 115 56 39 255 115 56 39 255 115 56 39 255 115 56 39 255 115 56 39 255 115 56 39 255 115 56 39 255 115 56 39 255 115 56 39 255 115 56 39 255 115 56 39 255 115 56 39 255 115 56 39 255 115 56 39 255 115 56 39 255 115 56 39 255 115 56 39 255 95 50 37 255 54 39 35 255 25 25 25 191 8 8 8 63 8 8 8 63 
8 8 8 63 8 8 8 63 25 25 25 191 40 35 34 255 54 39 35 255 61 41 35 255 61 41 35 255 61 41 35 255 61 41 35 255 61 41 35 255 61 41 35 255 61 41 35 255 61 41 35 255 61 41 35 255 61 41 35 255 61 41 35 255 61 41 35 255 61 41 35 255 61 41 35 255 61 41 35 255 61 41 35 255 61 41 35 255 61 41 35 255 61 41 35 255 61 41 35 255 61 41 35 255 61 41 35 255 54 39 35 255 40 35 34 255 25 25 25 191 8 8 8 63 8 8 8 63 
6 6 6 47 6 6 6 47 19 19 19 143 25 25 25 191 25 25 25 191 25 25 25 191 25 25 25 191 25 25 25 191 25 25 25 191 25 25 25 191 25 25 25 191 25 25 25 191 25 25 25 191 25 25 25 191 25 25 25 191 25 25 25 191 25 25 25 191 25 25 25 191 25 25 25 191 25 25 25 191 25 25 25 191 25 25 25 191 25 25 25 191 25 25 25 191 25 25 25 191 25 25 25 191 25 25 25 191 25 25 25 191 25 25 25 191 19 19 19 143 6 6 6 47 6 6 6 47 
2 2 2 15 2 2 2 15 6 6 6 47 8 8 8 63 8 8 8 63 8 8 8 63 8 8 8 63 8 8 8 63 8 8 8 63 8 8 8 63 8 8 8 63 8 8 8 63 8 8 8 63 8 8 8 63 8 8 8 63 8 8 8 63 8 8 8 63 8 8 8 63 8 8 8 63 8 8 8 63 8 8 8 63 8 8 8 63 8 8 8 63 8 8 8 63 8 8 8 63 8 8 8 63 8 8 8 63 8 8 8 63 8 8 8 63 6 6 6 47 2 2 2 15 2 2 2 15 
2 2 2 15 2 2 2 15 6 6 6 47 8 8 8 63 8 8 8 63 8 8 8 63 8 8 8 63 8 8 8 63 8 8 8 63 8 8 8 63 8 8 8 63 8 8 8 63 8 8 8 63 8 8 8 63 8 8 8 63 8 8 8 63 8 8 8 63 8 8 8 63 8 8 8 63 8 8 8 63 8 8 8 63 8 8 8 63 8 8 8 63 8 8 8 63 8 8 8 63 8 8 8 63 8 8 8 63 8 8 8 63 8 8 8 63 6 6 6 47 2 2 2 15 2 2 2 15 
