0 0 0 0 0 0 0 0 0 0 0 0 0 0 0 0 0 0 0 0 0 0 0 0 0 0 0 0 0 0 0 0 0 0 0 0 0 0 0 0 0 0 0 0 0 0 0 0 0 0 0 0 0 0 0 0 0 0 0 0 0 0 0 0 0 0 0 0 0 0 0 0 0 0 0 0 0 0 0 0 0 0 0 0 0 0 0 0 0 0 0 0 0 0 0 0 0 0 0 0 0 0 0 0 0 0 0 0 0 0 0 0 0 0 0 0 0 0 0 0 0 0 0 0 0 0 0 0 
0 0 0 0 0 0 0 0 0 0 0 0 0 0 0 0 0 0 0 0 0 0 0 0 0 0 0 0 0 0 0 0 0 0 0 0 0 0 0 0 0 0 0 0 0 0 0 0 0 0 0 0 0 0 0 0 0 0 0 0 0 0 0 0 0 0 0 0 0 0 0 0 0 0 0 0 0 0 0 0 0 0 0 0 0 0 0 0 0 0 0 0 0 0 0 0 0 0 0 0 0 0 0 0 0 0 0 0 0 0 0 0 0 0 0 0 0 0 0 0 0 0 0 0 0 0 0 0 
0 0 0 0 0 0 0 0 0 0 0 0 0 0 0 0 0 0 0 0 0 0 0 0 0 0 0 0 0 0 0 0 0 0 0 0 0 0 0 0 0 0 0 0 0 0 0 0 0 0 0 0 0 0 0 0 0 0 0 0 0 0 0 0 0 0 0 0 0 0 0 0 0 0 0 0 0 0 0 0 0 0 0 0 0 0 0 0 0 0 0 0 0 0 0 0 0 0 0 0 0 0 0 0 0 0 0 0 0 0 0 0 0 0 0 0 0 0 0 0 0 0 0 0 0 0 0 0 
0 0 0 0 0 0 0 0 0 0 0 0 0 0 0 0 0 0 0 0 0 0 0 0 0 0 0 0 0 0 0 0 0 0 0 0 0 0 0 0 0 0 0 0 0 0 0 0 0 0 0 0 0 0 0 0 0 0 0 0 0 0 0 0 0 0 0 0 0 0 0 0 0 0 0 0 0 0 0 0 0 0 0 0 0 0 0 0 0 0 0 0 0 0 0 0 0 0 0 0 0 0 0 0 0 0 0 0 0 0 0 0 0 0 0 0 0 0 0 0 0 0 0 0 0 0 0 0 
0 0 0 0 0 0 0 0 0 0 0 0 0 0 0 0 0 0 0 0 0 0 0 0 0 0 0 0 0 0 0 0 0 0 0 0 0 0 0 0 0 0 0 0 0 0 0 0 0 0 0 0 0 0 0 0 0 0 0 0 0 0 0 0 0 0 0 0 0 0 0 0 0 0 0 0 0 0 0 0 0 0 0 0 0 0 0 0 0 0 0 0 0 0 0 0 0 0 0 0 0 0 0 0 0 0 0 0 0 0 0 0 0 0 0 0 0 0 0 0 0 0 0 0 0 0 0 0 
0 0 0 0 0 0 0 0 0 0 0 0 0 0 0 0 0 0 0 0 0 0 0 0 0 0 0 0 0 0 0 0 0 0 0 0 0 0 0 0 0 0 0 0 0 0 0 0 0 0 0 0 0 0 0 0 0 0 0 0 0 0 0 0 0 0 0 0 0 0 0 0 0 0 0 0 0 0 0 0 0 0 0 0 0 0 0 0 0 0 0 0 0 0 0 0 0 0 0 0 0 0 0 0 0 0 0 0 0 0 0 0 0 0 0 0 2 2 2 15 6 6 6 47 6 6 6 47 
0 0 0 0 0 0 0 0 0 0 0 0 0 0 0 0 0 0 0 0 0 0 0 0 0 0 0 0 0 0 0 0 0 0 0 0 0 0 0 0 0 0 0 0 0 0 0 0 0 0 0 0 0 0 0 0 0 0 0 0 0 0 0 0 0 0 0 0 0 0 0 0 0 0 0 0 0 0 0 0 0 0 0 0 0 0 0 0 0 0 0 0 0 0 0 0 0 0 0 0 0 0 0 0 0 0 0 0 0 0 0 0 0 0 0 0 6 6 6 47 19 19 19 143 19 19 19 143 
0 0 0 0 0 0 0 0 0 0 0 0 0 0 0 0 0 0 0 0 0 0 0 0 0 0 0 0 0 0 0 0 0 0 0 0 0 0 0 0 0 0 0 0 0 0 0 0 0 0 0 0 0 0 0 0 0 0 0 0 0 0 0 0 0 0 0 0 0 0 0 0 0 0 0 0 0 0 0 0 0 0 0 0 0 0 0 0 0 0 0 0 0 0 0 0 0 0 0 0 0 0 0 0 0 0 0 0 2 2 2 15 6 6 6 47 23 21 20 111 53 47 44 207 53 47 44 207 
0 0 0 0 0 0 0 0 0 0 0 0 0 0 0 0 0 0 0 0 0 0 0 0 0 0 0 0 0 0 0 0 0 0 0 0 0 0 0 0 0 0 0 0 0 0 0 0 0 0 0 0 0 0 0 0 0 0 0 0 0 0 0 0 0 0 0 0 0 0 0 0 0 0 0 0 0 0 0 0 0 0 0 0 0 0 0 0 0 0 0 0 0 0 0 0 0 0 0 0 0 0 0 0 0 0 0 0 6 6 6 47 19 19 19 143 53 47 44 207 108 92 81 239 108 92 81 239 
0 0 0 0 0 0 0 0 0 0 0 0 0 0 0 0 0 0 0 0 0 0 0 0 0 0 0 0 0 0 0 0 0 0 0 0 0 0 0 0 0 0 0 0 0 0 0 0 0 0 0 0 0 0 0 0 0 0 0 0 0 0 0 0 0 0 0 0 0 0 0 0 0 0 0 0 0 0 0 0 0 0 0 0 0 0 0 0 0 0 0 0 0 0 0 0 0 0 0 0 0 0 0 0 0 0 0 0 8 8 8 63 25 25 25 191 67 60 55 255 135 114 99 255 136 114 100 255 
0 0 0 0 0 0 0 0 0 0 0 0 0 0 0 0 0 0 0 0 0 0 0 0 0 0 0 0 0 0 0 0 0 0 0 0 0 0 0 0 0 0 0 0 0 0 0 0 0 0 0 0 0 0 0 0 0 0 0 0 0 0 0 0 0 0 0 0 0 0 0 0 0 0 0 0 0 0 0 0 0 0 0 0 0 0 0 0 0 0 0 0 0 0 0 0 0 0 0 0 0 0 0 0 0 0 0 0 8 8 8 63 25 25 25 191 67 60 55 255 135 114 99 255 136 114 100 255 
0 0 0 0 0 0 0 0 0 0 0 0 0 0 0 0 0 0 0 0 0 0 0 0 0 0 0 0 0 0 0 0 0 0 0 0 0 0 0 0 0 0 0 0 0 0 0 0 0 0 0 0 0 0 0 0 0 0 0 0 0 0 0 0 0 0 0 0 0 0 0 0 0 0 0 0 0 0 0 0 0 0 0 0 0 0 0 0 0 0 0 0 0 0 0 0 0 0 0 0 2 2 2 15 6 6 6 47 23 21 20 111 53 47 44 207 93 80 72 255 144 120 105 255 144 120 105 255 
0 0 0 0 0 0 0 0 0 0 0 0 0 0 0 0 0 0 0 0 0 0 0 0 0 0 0 0 0 0 0 0 0 0 0 0 0 0 0 0 0 0 0 0 0 0 0 0 0 0 0 0 0 0 0 0 0 0 0 0 0 0 0 0 0 0 0 0 0 0 0 0 0 0 0 0 0 0 0 0 0 0 0 0 0 0 0 0 0 0 0 0 0 0 0 0 0 0 0 0 6 6 6 47 19 19 19 143 53 47 44 207 108 92 81 239 144 120 105 255 161 134 116 255 161 134 116 255 
0 0 0 0 0 0 0 0 0 0 0 0 0 0 0 0 0 0 0 0 0 0 0 0 0 0 0 0 0 0 0 0 0 0 0 0 0 0 0 0 0 0 0 0 0 0 0 0 0 0 0 0 0 0 0 0 0 0 0 0 0 0 0 0 0 0 0 0 0 0 0 0 0 0 0 0 0 0 0 0 0 0 0 0 0 0 0 0 0 0 0 0 0 0 0 0 0 0 0 0 8 8 8 63 25 25 25 191 59 54 50 255 110 94 83 255 136 114 99 255 136 114 99 255 136 114 99 255 
0 0 0 0 0 0 0 0 0 0 0 0 0 0 0 0 0 0 0 0 0 0 0 0 0 0 0 0 0 0 0 0 0 0 0 0 0 0 0 0 0 0 0 0 0 0 0 0 0 0 0 0 0 0 0 0 0 0 0 0 0 0 0 0 0 0 0 0 0 0 0 0 0 0 0 0 0 0 0 0 0 0 0 0 0 0 0 0 0 0 0 0 0 0 0 0 0 0 0 0 8 8 8 63 25 25 25 191 42 40 39 255 59 54 50 255 68 60 56 255 68 60 56 255 68 60 56 255 
0 0 0 0 0 0 0 0 0 0 0 0 0 0 0 0 0 0 0 0 0 0 0 0 0 0 0 0 0 0 0 0 0 0 0 0 0 0 0 0 0 0 0 0 0 0 0 0 0 0 0 0 0 0 0 0 0 0 0 0 0 0 0 0 0 0 0 0 0 0 0 0 0 0 0 0 0 0 0 0 0 0 0 0 0 0 0 0 0 0 0 0 2 2 2 15 6 6 6 47 23 21 20 111 53 47 44 207 68 60 56 255 68 60 56 255 70 63 58 255 75 70 64 255 75 70 64 255 
0 0 0 0 0 0 0 0 0 0 0 0 0 0 0 0 0 0 0 0 0 0 0 0 0 0 0 0 0 0 0 0 0 0 0 0 0 0 0 0 0 0 0 0 0 0 0 0 0 0 0 0 0 0 0 0 0 0 0 0 0 0 0 0 0 0 0 0 0 0 0 0 0 0 0 0 0 0 0 0 0 0 0 0 0 0 0 0 0 0 0 0 6 6 6 47 19 19 19 143 53 47 44 207 108 92 81 239 136 114 99 255 136 114 99 255 143 123 108 255 159 142 126 255 159 142 126 255 
0 0 0 0 0 0 0 0 0 0 0 0 0 0 0 0 0 0 0 0 0 0 0 0 0 0 0 0 0 0 0 0 0 0 0 0 0 0 0 0 0 0 0 0 0 0 0 0 0 0 0 0 0 0 0 0 0 0 0 0 0 0 0 0 0 0 0 0 0 0 0 0 0 0 0 0 0 0 0 0 0 0 0 0 0 0 0 0 0 0 0 0 8 8 8 63 25 25 25 191 67 60 55 255 135 114 99 255 172 144 124 255 177 150 130 255 176 153 134 255 170 152 134 255 170 152 134 255 
0 0 0 0 0 0 0 0 0 0 0 0 0 0 0 0 0 0 0 0 0 0 0 0 0 0 0 0 0 0 0 0 0 0 0 0 0 0 0 0 0 0 0 0 0 0 0 0 0 0 0 0 0 0 0 0 0 0 0 0 0 0 0 0 0 0 0 0 0 0 0 0 0 0 0 0 0 0 0 0 0 0 0 0 0 0 0 0 0 0 0 0 8 8 8 63 25 25 25 191 67 60 55 255 135 114 99 255 177 150 130 255 193 169 148 255 170 152 134 255 108 99 90 255 108 99 90 255 
0 0 0 0 0 0 0 0 0 0 0 0 0 0 0 0 0 0 0 0 0 0 0 0 0 0 0 0 0 0 0 0 0 0 0 0 0 0 0 0 0 0 0 0 0 0 0 0 0 0 0 0 0 0 0 0 0 0 0 0 0 0 0 0 0 0 0 0 0 0 0 0 0 0 0 0 0 0 0 0 0 0 0 0 0 0 0 0 0 0 0 0 8 8 8 63 25 25 25 191 59 54 50 255 110 94 83 255 143 123 108 255 159 142 126 255 133 122 109 255 67 63 59 255 67 63 59 255 
0 0 0 0 0 0 0 0 0 0 0 0 0 0 0 0 0 0 0 0 0 0 0 0 0 0 0 0 0 0 0 0 0 0 0 0 0 0 0 0 0 0 0 0 0 0 0 0 0 0 0 0 0 0 0 0 0 0 0 0 0 0 0 0 0 0 0 0 0 0 0 0 0 0 0 0 0 0 0 0 0 0 0 0 0 0 0 0 0 0 0 0 8 8 8 63 25 25 25 191 42 40 39 255 59 54 50 255 70 63 58 255 75 70 64 255 67 63 59 255 45 43 42 255 45 43 42 255 
0 0 0 0 0 0 0 0 0 0 0 0 0 0 0 0 0 0 0 0 0 0 0 0 0 0 0 0 0 0 0 0 0 0 0 0 0 0 0 0 0 0 0 0 0 0 0 0 0 0 0 0 0 0 0 0 0 0 0 0 0 0 0 0 0 0 0 0 0 0 0 0 0 0 0 0 0 0 0 0 0 0 0 0 0 0 0 0 0 0 0 0 8 8 8 63 25 25 25 191 42 40 39 255 59 54 50 255 70 63 58 255 75 70 64 255 67 63 59 255 45 43 42 255 45 43 42 255 
0 0 0 0 0 0 0 0 0 0 0 0 0 0 0 0 0 0 0 0 0 0 0 0 0 0 0 0 0 0 0 0 0 0 0 0 0 0 0 0 0 0 0 0 0 0 0 0 0 0 0 0 0 0 0 0 0 0 0 0 0 0 0 0 0 0 0 0 0 0 0 0 0 0 0 0 0 0 0 0 0 0 0 0 0 0 0 0 0 0 0 0 8 8 8 63 25 25 25 191 59 54 50 255 110 94 83 255 143 123 108 255 159 142 126 255 133 122 109 255 67 63 59 255 67 63 59 255 
8 8 8 63 8 8 8 63 8 8 8 63 8 8 8 63 8 8 8 63 8 8 8 63 8 8 8 63 8 8 8 63 8 8 8 63 8 8 8 63 8 8 8 63 8 8 8 63 8 8 8 63 8 8 8 63 8 8 8 63 8 8 8 63 8 8 8 63 8 8 8 63 8 8 8 63 8 8 8 63 8 8 8 63 8 8 8 63 8 8 8 63 14 14 14 111 27 27 27 207 67 60 55 255 135 114 99 255 180 153 133 255 200 178 157 255 166 151 135 255 78 73 67 255 78 73 67 255 
25 25 25 191 25 25 25 191 25 25 25 191 25 25 25 191 25 25 25 191 25 25 25 191 25 25 25 191 25 25 25 191 25 25 25 191 25 25 25 191 25 25 25 191 25 25 25 191 25 25 25 191 25 25 25 191 25 25 25 191 25 25 25 191 25 25 25 191 25 25 25 191 25 25 25 191 25 25 25 191 25 25 25 191 25 25 25 191 25 25 25 191 27 27 27 207 31 31 31 239 67 60 55 255 135 114 99 255 180 153 133 255 200 178 157 255 166 151 135 255 78 73 67 255 78 73 67 255 
68 60 56 255 68 60 56 255 68 60 56 255 68 60 56 255 68 60 56 255 68 60 56 255 68 60 56 255 67 60 56 255 68 60 56 255 59 54 50 255 42 40 39 255 39 37 37 255 49 44 43 255 58 51 49 255 64 57 53 255 68 60 56 255 68 60 56 255 67 60 56 255 68 60 56 255 59 54 50 255 42 40 39 255 42 40 39 255 59 54 50 255 61 55 52 255 49 45 44 255 75 65 60 255 138 115 101 255 180 153 133 255 200 178 157 255 166 151 135 255 78 73 67 255 78 73 67 255 
136 114 99 255 136 114 100 255 136 114 99 255 136 114 99 255 136 114 99 255 136 114 99 255 136 114 99 255 135 114 99 255 136 114 99 255 110 94 83 255 59 54 50 255 49 44 43 255 81 66 62 255 107 86 79 255 126 105 93 255 136 114 99 255 136 114 99 255 135 114 99 255 136 114 99 255 110 94 83 255 59 54 50 255 59 54 50 255 110 94 83 255 117 98 88 255 80 68 64 255 89 74 69 255 143 118 104 255 180 153 133 255 200 178 157 255 166 151 135 255 78 73 67 255 78 73 67 255 
170 141 121 255 170 141 122 255 170 141 121 255 170 141 121 255 170 141 121 255 170 141 121 255 170 141 121 255 169 141 121 255 170 141 121 255 136 114 100 255 68 60 56 255 58 51 49 255 107 86 79 255 141 113 101 255 160 131 115 255 170 141 121 255 170 141 121 255 169 141 121 255 170 141 121 255 136 114 100 255 68 60 56 255 67 60 55 255 135 114 99 255 151 125 110 255 114 94 86 255 108 89 81 255 133 110 97 255 161 138 121 255 194 173 153 255 166 151 135 255 78 73 67 255 78 73 67 255 
170 141 121 255 170 141 122 255 170 141 121 255 170 141 121 255 170 141 121 255 170 141 121 255 170 141 121 255 169 141 121 255 170 141 121 255 136 114 100 255 68 60 56 255 64 57 53 255 126 105 93 255 160 131 115 255 166 137 119 255 170 141 121 255 170 141 121 255 169 141 121 255 170 141 121 255 136 114 100 255 68 60 56 255 67 60 55 255 135 114 99 255 163 135 118 255 151 125 110 255 133 110 98 255 108 89 82 255 125 107 97 255 182 163 145 255 166 151 135 255 78 73 67 255 78 73 67 255 
180 153 133 255 180 153 133 255 180 153 133 255 180 153 133 255 180 153 133 255 180 153 133 255 180 153 133 255 180 153 133 255 180 153 133 255 143 123 108 255 70 63 58 255 70 63 58 255 143 123 108 255 180 153 133 255 180 153 133 255 180 153 133 255 180 153 133 255 180 153 133 255 180 153 133 255 143 123 108 255 70 63 58 255 70 63 58 255 143 123 108 255 180 153 133 255 180 153 133 255 161 138 121 255 125 107 97 255 124 108 99 255 158 141 127 255 140 127 114 255 69 65 60 255 69 64 60 255 
200 178 157 255 200 178 157 255 200 178 157 255 200 178 157 255 200 178 157 255 200 178 157 255 200 178 157 255 200 178 157 255 200 178 157 255 159 142 126 255 75 70 64 255 75 70 64 255 159 142 126 255 200 178 157 255 200 178 157 255 200 178 157 255 200 178 157 255 200 178 157 255 200 178 157 255 159 142 126 255 75 70 64 255 75 70 64 255 159 142 126 255 200 178 157 255 200 178 157 255 194 173 153 255 182 163 145 255 158 141 127 255 124 108 99 255 88 77 72 255 52 48 46 255 52 48 46 255 
188 166 148 255 188 166 148 255 188 166 148 255 188 166 148 255 188 166 148 255 188 166 148 255 188 166 148 255 188 166 147 255 188 166 148 255 149 133 119 255 72 67 62 255 72 67 62 255 149 133 119 255 188 166 147 255 188 166 148 255 188 166 148 255 188 166 148 255 188 166 147 255 188 166 148 255 149 133 119 255 72 67 62 255 72 67 62 255 149 133 119 255 188 166 147 255 188 166 148 255 188 166 147 255 188 166 148 255 161 141 127 255 109 92 85 255 71 58 57 255 46 42 41 255 46 42 41 255 
142 116 105 255 142 116 105 255 142 116 105 255 142 116 105 255 142 116 105 255 142 116 105 255 142 116 105 255 142 116 105 255 142 116 105 255 115 96 88 255 61 54 52 255 60 54 51 255 114 96 87 255 142 116 105 255 142 116 105 255 142 116 105 255 142 116 105 255 142 116 105 255 142 116 105 255 115 96 88 255 61 54 52 255 60 54 51 255 114 96 87 255 142 116 105 255 142 116 105 255 142 116 105 255 142 116 105 255 133 108 99 255 115 92 85 255 88 71 67 255 52 46 45 255 52 46 45 255 
107 83 78 255 107 83 78 255 107 83 78 255 107 83 78 255 107 83 78 255 107 83 78 255 107 83 78 255 107 83 78 255 107 83 78 255 88 71 67 255 52 46 45 255 52 46 45 255 88 71 67 255 107 83 78 255 107 83 78 255 107 83 78 255 107 83 78 255 107 83 78 255 107 83 78 255 88 71 67 255 52 46 45 255 52 46 45 255 88 71 67 255 107 83 78 255 107 83 78 255 107 83 78 255 107 83 78 255 107 83 78 255 107 83 78 255 88 71 67 255 52 46 45 255 52 46 45 255 
83 67 64 255 83 67 64 255 83 67 64 255 83 67 64 255 83 67 64 255 83 67 64 255 83 67 64 255 83 67 64 255 83 67 64 255 71 58 57 255 46 42 41 255 46 42 41 255 71 58 57 255 83 67 64 255 83 67 64 255 83 67 64 255 83 67 64 255 83 67 64 255 83 67 64 255 71 58 57 255 46 42 41 255 46 42 41 255 71 58 57 255 83 67 64 255 83 67 64 255 83 67 64 255 83 67 64 255 83 67 64 255 83 67 64 255 71 58 57 255 46 42 41 255 46 42 41 255 
72 59 58 255 72 59 58 255 72 59 58 255 72 59 58 255 72 59 58 255 72 59 58 255 72 59 57 255 72 59 58 255 72 59 58 255 62 52 52 255 43 40 40 255 43 40 39 255 62 52 51 255 72 59 57 255 72 59 58 255 72 59 58 255 72 59 58 255 72 59 58 255 72 59 58 255 62 52 52 255 43 40 40 255 43 40 39 255 62 52 51 255 72 59 58 255 72 59 58 255 72 59 58 255 72 59 58 255 72 59 57 255 72 59 58 255 62 52 52 255 43 40 40 255 43 40 39 255 
72 59 58 255 72 59 58 255 72 59 58 255 72 59 58 255 72 59 58 255 72 59 58 255 72 59 57 255 72 59 58 255 72 59 58 255 62 52 52 255 43 40 40 255 43 40 39 255 62 52 51 255 72 59 57 255 72 59 58 255 72 59 58 255 72 59 58 255 72 59 58 255 72 59 58 255 62 52 52 255 43 40 40 255 43 40 39 255 62 52 51 255 72 59 58 255 72 59 58 255 72 59 58 255 72 59 58 255 72 59 57 255 72 59 58 255 62 52 52 255 43 40 40 255 43 40 39 255 
62 52 52 255 62 52 52 255 62 52 52 255 62 52 52 255 62 52 52 255 62 52 52 255 62 52 51 255 62 52 52 255 62 52 52 255 55 48 47 255 41 38 38 255 41 38 38 255 55 48 47 255 62 52 51 255 62 52 52 255 62 52 52 255 62 52 52 255 62 52 52 255 62 52 52 255 55 48 47 255 41 38 38 255 41 38 38 255 55 48 47 255 62 52 52 255 62 52 52 255 62 52 52 255 62 52 52 255 62 52 51 255 62 52 52 255 55 48 47 255 41 38 38 255 41 38 38 255 
43 40 40 255 43 40 40 255 43 40 40 255 43 40 40 255 43 40 40 255 43 40 40 255 43 40 40 255 43 40 40 255 43 40 40 255 41 38 38 255 36 35 35 255 36 35 35 255 41 38 38 255 43 40 40 255 43 40 40 255 43 40 40 255 43 40 40 255 43 40 40 255 43 40 40 255 41 38 38 255 36 35 35 255 36 35 35 255 41 38 38 255 43 40 40 255 43 40 40 255 43 40 40 255 43 40 40 255 43 40 40 255 43 40 40 255 41 38 38 255 36 35 35 255 36 35 35 255 
52 46 45 255 52 46 45 255 46 42 41 255 46 42 41 255 52 46 45 255 55 48 46 255 55 48 46 255 49 44 43 255 39 37 37 255 39 37 37 255 49 44 43 255 49 44 43 255 39 37 37 255 39 37 37 255 49 44 43 255 55 48 46 255 55 48 46 255 55 48 46 255 55 48 46 255 55 48 46 255 55 48 46 255 49 44 43 255 39 37 37 255 39 37 37 255 49 44 43 255 55 48 46 255 55 48 46 255 55 48 46 255 55 48 46 255 49 44 43 255 39 37 37 255 39 37 37 255 
88 71 67 255 88 71 67 255 71 58 57 255 71 58 57 255 88 71 67 255 97 77 72 255 97 77 72 255 81 66 62 255 49 44 43 255 49 44 43 255 81 66 62 255 81 66 62 255 49 44 43 255 49 44 43 255 81 66 62 255 97 77 72 255 97 77 72 255 97 77 72 255 97 77 72 255 97 77 72 255 97 77 72 255 81 66 62 255 49 44 43 255 49 44 43 255 81 66 62 255 97 77 72 255 97 77 72 255 97 77 72 255 97 77 72 255 81 66 62 255 49 44 43 255 49 44 43 255 
98 77 73 255 98 77 73 255 80 65 63 255 80 65 63 255 98 77 73 255 107 83 78 255 107 83 78 255 88 71 67 255 52 46 45 255 52 46 45 255 88 71 67 255 91 72 68 255 59 51 49 255 57 49 48 255 84 68 64 255 100 79 73 255 104 82 76 255 107 83 78 255 107 83 78 255 107 83 78 255 107 83 78 255 88 71 67 255 52 46 45 255 52 46 45 255 88 71 67 255 107 83 78 255 107 83 78 255 107 83 78 255 107 83 78 255 88 71 67 255 52 46 45 255 52 46 45 255 
80 65 63 255 80 65 63 255 74 61 59 255 74 61 59 255 80 65 63 255 83 67 64 255 83 67 64 255 71 58 57 255 46 42 41 255 46 42 41 255 71 58 57 255 78 63 61 255 67 56 55 255 60 51 50 255 57 49 48 255 62 53 51 255 76 62 60 255 83 67 64 255 83 67 64 255 83 67 64 255 83 67 64 255 71 58 57 255 46 42 41 255 46 42 41 255 71 58 57 255 83 67 64 255 83 67 64 255 83 67 64 255 83 67 64 255 71 58 57 255 46 42 41 255 46 42 41 255 
72 59 58 255 72 59 58 255 72 59 58 255 72 59 58 255 72 59 58 255 72 59 58 255 72 59 57 255 62 52 52 255 43 40 40 255 43 40 39 255 62 52 51 255 72 59 58 255 72 59 58 255 62 52 52 255 43 40 40 255 43 40 39 255 62 52 51 255 72 59 58 255 72 59 58 255 72 59 58 255 72 59 58 255 62 52 52 255 43 40 40 255 43 40 39 255 62 52 51 255 72 59 58 255 72 59 58 255 72 59 57 255 72 59 58 255 62 52 52 255 43 40 40 255 43 40 39 255 
72 59 58 255 72 59 58 255 72 59 58 255 72 59 58 255 72 59 58 255 72 59 58 255 72 59 57 255 62 52 52 255 43 40 40 255 43 40 39 255 62 52 51 255 72 59 58 255 72 59 58 255 62 52 52 255 43 40 40 255 43 40 39 255 62 52 51 255 72 59 58 255 72 59 58 255 72 59 58 255 72 59 58 255 62 52 52 255 43 40 40 255 43 40 39 255 62 52 51 255 72 59 58 255 72 59 58 255 72 59 57 255 72 59 58 255 62 52 52 255 43 40 40 255 43 40 39 255 
62 52 52 255 62 52 52 255 62 52 52 255 62 52 52 255 62 52 52 255 62 52 52 255 62 52 51 255 55 48 47 255 41 38 38 255 41 38 38 255 55 48 47 255 62 52 52 255 62 52 52 255 55 48 47 255 41 38 38 255 41 38 38 255 55 48 47 255 62 52 52 255 62 52 52 255 62 52 52 255 62 52 52 255 55 48 47 255 41 38 38 255 41 38 38 255 55 48 47 255 62 52 52 255 62 52 52 255 62 52 51 255 62 52 52 255 55 48 47 255 41 38 38 255 41 38 38 255 
43 40 40 255 43 40 40 255 43 40 40 255 43 40 40 255 43 40 40 255 43 40 40 255 43 40 40 255 41 38 38 255 36 35 35 255 36 35 35 255 41 38 38 255 43 40 40 255 43 40 40 255 41 38 38 255 36 35 35 255 36 35 35 255 41 38 38 255 43 40 40 255 43 40 40 255 43 40 40 255 43 40 40 255 41 38 38 255 36 35 35 255 36 35 35 255 41 38 38 255 43 40 40 255 43 40 40 255 43 40 40 255 43 40 40 255 41 38 38 255 36 35 35 255 36 35 35 255 
55 48 46 255 55 48 46 255 55 48 46 255 49 44 43 255 39 37 37 255 39 37 37 255 49 44 43 255 55 48 46 255 55 48 46 255 55 48 46 255 55 48 46 255 55 48 46 255 55 48 46 255 49 44 43 255 39 37 37 255 39 37 37 255 49 44 43 255 55 48 46 255 55 48 46 255 49 44 43 255 39 37 37 255 39 37 37 255 49 44 43 255 55 48 46 255 55 48 46 255 55 48 46 255 55 48 46 255 55 48 46 255 55 48 46 255 49 44 43 255 39 37 37 255 39 37 37 255 
97 77 72 255 97 77 72 255 97 77 72 255 81 66 62 255 49 44 43 255 49 44 43 255 81 66 62 255 97 77 72 255 97 77 72 255 97 77 72 255 97 77 72 255 97 77 72 255 97 77 72 255 81 66 62 255 49 44 43 255 49 44 43 255 81 66 62 255 97 77 72 255 97 77 72 255 81 66 62 255 49 44 43 255 49 44 43 255 81 66 62 255 97 77 72 255 97 77 72 255 97 77 72 255 97 77 72 255 97 77 72 255 97 77 72 255 81 66 62 255 49 44 43 255 49 44 43 255 
107 83 78 255 107 83 78 255 107 83 78 255 88 71 67 255 52 46 45 255 52 46 45 255 88 71 67 255 107 83 78 255 107 83 78 255 107 83 78 255 107 83 78 255 107 83 78 255 107 83 78 255 88 71 67 255 52 46 45 255 52 46 45 255 88 71 67 255 107 83 78 255 107 83 78 255 88 71 67 255 52 46 45 255 52 46 45 255 88 71 67 255 107 83 78 255 107 83 78 255 107 83 78 255 107 83 78 255 107 83 78 255 107 83 78 255 88 71 67 255 52 46 45 255 52 46 45 255 
83 67 64 255 83 67 64 255 83 67 64 255 71 58 57 255 46 42 41 255 46 42 41 255 71 58 57 255 83 67 64 255 83 67 64 255 83 67 64 255 83 67 64 255 83 67 64 255 83 67 64 255 71 58 57 255 46 42 41 255 46 42 41 255 71 58 57 255 83 67 64 255 83 67 64 255 71 58 57 255 46 42 41 255 46 42 41 255 71 58 57 255 83 67 64 255 83 67 64 255 83 67 64 255 83 67 64 255 83 67 64 255 83 67 64 255 71 58 57 255 46 42 41 255 46 42 41 255 
72 59 58 255 72 59 58 255 72 59 58 255 64 54 53 255 50 44 44 255 50 44 44 255 64 54 53 255 72 59 58 255 72 59 58 255 72 59 58 255 72 59 58 255 72 59 58 255 72 59 58 255 62 52 52 255 43 40 40 255 43 40 39 255 62 52 51 255 72 59 58 255 72 59 58 255 64 54 53 255 50 44 44 255 50 44 44 255 64 54 53 255 72 59 58 255 72 59 58 255 72 59 58 255 72 59 58 255 72 59 57 255 72 59 58 255 62 52 52 255 43 40 40 255 43 40 39 255 
72 59 58 255 72 59 58 255 72 59 58 255 69 57 56 255 64 54 53 255 64 54 53 255 69 57 56 255 72 59 58 255 72 59 58 255 72 59 58 255 72 59 58 255 72 59 58 255 72 59 58 255 62 52 52 255 43 40 40 255 43 40 39 255 62 52 51 255 72 59 58 255 72 59 58 255 69 57 56 255 64 54 53 255 64 54 53 255 69 57 56 255 72 59 58 255 72 59 58 255 72 59 58 255 72 59 58 255 72 59 57 255 72 59 58 255 62 52 52 255 43 40 40 255 43 40 39 255 
62 52 52 255 62 52 52 255 62 52 52 255 62 52 52 255 62 52 52 255 62 52 52 255 62 52 51 255 62 52 52 255 62 52 52 255 62 52 52 255 62 52 52 255 62 52 52 255 62 52 52 255 55 48 47 255 41 38 38 255 41 38 38 255 55 48 47 255 62 52 52 255 62 52 52 255 62 52 52 255 62 52 52 255 62 52 52 255 62 52 52 255 62 52 52 255 62 52 52 255 62 52 52 255 62 52 52 255 62 52 51 255 62 52 52 255 55 48 47 255 41 38 38 255 41 38 38 255 
43 40 40 255 43 40 40 255 43 40 40 255 43 40 40 255 43 40 40 255 43 40 40 255 43 40 40 255 43 40 40 255 43 40 40 255 43 40 40 255 43 40 40 255 43 40 40 255 43 40 40 255 41 38 38 255 36 35 35 255 36 35 35 255 41 38 38 255 43 40 40 255 43 40 40 255 43 40 40 255 43 40 40 255 43 40 40 255 43 40 40 255 43 40 40 255 43 40 40 255 43 40 40 255 43 40 40 255 43 40 40 255 43 40 40 255 41 38 38 255 36 35 35 255 36 35 35 255 
55 48 46 255 55 48 46 255 55 48 46 255 49 44 43 255 39 37 37 255 39 37 37 255 49 44 43 255 55 48 46 255 55 48 46 255 49 44 43 255 39 37 37 255 39 37 37 255 49 44 43 255 55 48 46 255 55 48 46 255 55 48 46 255 55 48 46 255 55 48 46 255 55 48 46 255 49 44 43 255 39 37 37 255 39 37 37 255 49 44 43 255 55 48 46 255 55 48 46 255 49 44 43 255 39 37 37 255 39 37 37 255 49 44 43 255 49 44 43 255 39 37 37 255 39 37 37 255 
97 77 72 255 97 77 72 255 97 77 72 255 81 66 62 255 49 44 43 255 49 44 43 255 81 66 62 255 97 77 72 255 97 77 72 255 81 66 62 255 49 44 43 255 49 44 43 255 81 66 62 255 97 77 72 255 97 77 72 255 97 77 72 255 97 77 72 255 97 77 72 255 97 77 72 255 81 66 62 255 49 44 43 255 49 44 43 255 81 66 62 255 97 77 72 255 97 77 72 255 81 66 62 255 49 44 43 255 49 44 43 255 81 66 62 255 81 66 62 255 49 44 43 255 49 44 43 255 
104 82 76 255 104 82 76 255 100 79 73 255 81 66 62 255 49 44 43 255 52 46 45 255 88 71 67 255 107 83 78 255 107 83 78 255 88 71 67 255 52 46 45 255 52 46 45 255 88 71 67 255 107 83 78 255 107 83 78 255 107 83 78 255 107 83 78 255 107 83 78 255 107 83 78 255 88 71 67 255 52 46 45 255 52 46 45 255 88 71 67 255 107 83 78 255 107 83 78 255 91 72 68 255 59 51 49 255 59 51 49 255 91 72 68 255 88 71 67 255 52 46 45 255 52 46 45 255 
76 62 60 255 76 62 60 255 62 53 51 255 49 44 43 255 39 37 37 255 46 42 41 255 71 58 57 255 83 67 64 255 83 67 64 255 71 58 57 255 46 42 41 255 46 42 41 255 71 58 57 255 83 67 64 255 83 67 64 255 83 67 64 255 83 67 64 255 83 67 64 255 83 67 64 255 71 58 57 255 46 42 41 255 46 42 41 255 71 58 57 255 83 67 64 255 83 67 64 255 78 63 61 255 67 56 55 255 67 56 55 255 78 63 61 255 71 58 57 255 46 42 41 255 46 42 41 255 
64 54 53 255 64 54 53 255 50 44 44 255 41 38 38 255 36 35 35 255 43 40 39 255 62 52 51 255 72 59 58 255 72 59 58 255 64 54 53 255 50 44 44 255 50 44 44 255 64 54 53 255 72 59 57 255 72 59 58 255 72 59 58 255 72 59 58 255 72 59 58 255 72 59 58 255 62 52 52 255 43 40 40 255 43 40 39 255 62 52 51 255 72 59 58 255 72 59 58 255 72 59 58 255 72 59 58 255 72 59 57 255 72 59 58 255 62 52 52 255 43 40 40 255 43 40 39 255 
69 57 56 255 69 57 56 255 64 54 53 255 55 48 47 255 41 38 38 255 43 40 39 255 62 52 51 255 72 59 58 255 72 59 58 255 69 57 56 255 64 54 53 255 64 54 53 255 69 57 56 255 72 59 57 255 72 59 58 255 72 59 58 255 72 59 58 255 72 59 58 255 72 59 58 255 62 52 52 255 43 40 40 255 43 40 39 255 62 52 51 255 72 59 58 255 72 59 58 255 72 59 58 255 72 59 58 255 72 59 57 255 72 59 58 255 62 52 52 255 43 40 40 255 43 40 39 255 
62 52 52 255 62 52 52 255 62 52 52 255 55 48 47 255 41 38 38 255 41 38 38 255 55 48 47 255 62 52 52 255 62 52 52 255 62 52 52 255 62 52 52 255 62 52 52 255 62 52 52 255 62 52 51 255 62 52 52 255 62 52 52 255 62 52 52 255 62 52 52 255 62 52 52 255 55 48 47 255 41 38 38 255 41 38 38 255 55 48 47 255 62 52 52 255 62 52 52 255 62 52 52 255 62 52 52 255 62 52 51 255 62 52 52 255 55 48 47 255 41 38 38 255 41 38 38 255 
43 40 40 255 43 40 40 255 43 40 40 255 41 38 38 255 36 35 35 255 36 35 35 255 41 38 38 255 43 40 40 255 43 40 40 255 43 40 40 255 43 40 40 255 43 40 40 255 43 40 40 255 43 40 40 255 43 40 40 255 43 40 40 255 43 40 40 255 43 40 40 255 43 40 40 255 41 38 38 255 36 35 35 255 36 35 35 255 41 38 38 255 43 40 40 255 43 40 40 255 43 40 40 255 43 40 40 255 43 40 40 255 43 40 40 255 41 38 38 255 36 35 35 255 36 35 35 255 
43 40 40 255 43 40 40 255 43 40 40 255 41 38 38 255 36 35 35 255 36 35 35 255 41 38 38 255 43 40 40 255 43 40 40 255 43 40 40 255 43 40 40 255 43 40 40 255 43 40 40 255 43 40 40 255 43 40 40 255 43 40 40 255 43 40 40 255 43 40 40 255 43 40 40 255 41 38 38 255 36 35 35 255 36 35 35 255 41 38 38 255 43 40 40 255 43 40 40 255 43 40 40 255 43 40 40 255 43 40 40 255 43 40 40 255 41 38 38 255 36 35 35 255 36 35 35 255 
