38 38 38 191 38 38 38 191 38 38 38 191 38 38 38 191 38 38 38 191 38 38 38 191 38 38 38 191 38 38 38 191 38 38 38 191 38 38 38 191 38 38 38 191 38 38 38 191 38 38 38 191 28 28 28 143 9 9 9 47 9 9 9 47 28 28 28 143 38 38 38 191 38 38 38 191 38 38 38 191 38 38 38 191 38 38 38 191 38 38 38 191 38 38 38 191 38 38 38 191 38 38 38 191 38 38 38 191 38 38 38 191 38 38 38 191 38 38 38 191 38 38 38 191 38 38 38 191 
38 38 38 191 38 38 38 191 38 38 38 191 38 38 38 191 38 38 38 191 38 38 38 191 38 38 38 191 38 38 38 191 38 38 38 191 38 38 38 191 38 38 38 191 38 38 38 191 38 38 38 191 28 28 28 143 9 9 9 47 9 9 9 47 28 28 28 143 38 38 38 191 38 38 38 191 38 38 38 191 38 38 38 191 38 38 38 191 38 38 38 191 38 38 38 191 38 38 38 191 38 38 38 191 38 38 38 191 38 38 38 191 38 38 38 191 38 38 38 191 38 38 38 191 38 38 38 191 
12 12 12 63 12 12 12 63 12 12 12 63 12 12 12 63 12 12 12 63 12 12 12 63 12 12 12 63 12 12 12 63 12 12 12 63 12 12 12 63 12 12 12 63 12 12 12 63 12 12 12 63 9 9 9 47 3 3 3 15 3 3 3 15 9 9 9 47 12 12 12 63 12 12 12 63 12 12 12 63 12 12 12 63 12 12 12 63 12 12 12 63 12 12 12 63 12 12 12 63 12 12 12 63 12 12 12 63 12 12 12 63 12 12 12 63 12 12 12 63 12 12 12 63 12 12 12 63 
12 12 12 63 12 12 12 63 12 12 12 63 12 12 12 63 12 12 12 63 12 12 12 63 12 12 12 63 9 9 9 47 3 3 3 15 3 3 3 15 9 9 9 47 12 12 12 63 12 12 12 63 12 12 12 63 12 12 12 63 12 12 12 63 12 12 12 63 12 12 12 63 12 12 12 63 9 9 9 47 3 3 3 15 3 3 3 15 9 9 9 47 12 12 12 63 12 12 12 63 12 12 12 63 12 12 12 63 12 12 12 63 12 12 12 63 12 12 12 63 12 12 12 63 12 12 12 63 
38 38 38 191 38 38 38 191 38 38 38 191 38 38 38 191 38 38 38 191 38 38 38 191 38 38 38 191 28 28 28 143 9 9 9 47 9 9 9 47 28 28 28 143 38 38 38 191 38 38 38 191 38 38 38 191 38 38 38 191 38 38 38 191 38 38 38 191 38 38 38 191 38 38 38 191 28 28 28 143 9 9 9 47 9 9 9 47 28 28 28 143 38 38 38 191 38 38 38 191 38 38 38 191 38 38 38 191 38 38 38 191 38 38 38 191 38 38 38 191 38 38 38 191 38 38 38 191 
51 51 51 255 51 51 51 255 51 51 51 255 51 51 51 255 51 51 51 255 51 51 51 255 51 51 51 255 38 38 38 191 12 12 12 63 12 12 12 63 38 38 38 191 51 51 51 255 51 51 51 255 51 51 51 255 51 51 51 255 51 51 51 255 51 51 51 255 51 51 51 255 51 51 51 255 38 38 38 191 12 12 12 63 12 12 12 63 38 38 38 191 51 51 51 255 51 51 51 255 51 51 51 255 51 51 51 255 51 51 51 255 51 51 51 255 51 51 51 255 51 51 51 255 51 51 51 255 
51 51 51 255 51 51 51 255 51 51 51 255 51 51 51 255 51 51 51 255 51 51 51 255 51 51 51 255 38 38 38 191 12 12 12 63 12 12 12 63 38 38 38 191 51 51 51 255 51 51 51 255 51 51 51 255 51 51 51 255 51 51 51 255 51 51 51 255 51 51 51 255 51 51 51 255 38 38 38 191 12 12 12 63 12 12 12 63 38 38 38 191 51 51 51 255 51 51 51 255 51 51 51 255 51 51 51 255 51 51 51 255 51 51 51 255 51 51 51 255 51 51 51 255 51 51 51 255 
38 38 38 191 38 38 38 191 38 38 38 191 38 38 38 191 38 38 38 191 38 38 38 191 38 38 38 191 28 28 28 143 9 9 9 47 9 9 9 47 28 28 28 143 38 38 38 191 38 38 38 191 38 38 38 191 38 38 38 191 38 38 38 191 38 38 38 191 38 38 38 191 38 38 38 191 28 28 28 143 9 9 9 47 9 9 9 47 28 28 28 143 38 38 38 191 38 38 38 191 38 38 38 191 38 38 38 191 38 38 38 191 38 38 38 191 38 38 38 191 38 38 38 191 38 38 38 191 
12 12 12 63 12 12 12 63 12 12 12 63 12 12 12 63 12 12 12 63 12 12 12 63 12 12 12 63 9 9 9 47 3 3 3 15 3 3 3 15 9 9 9 47 12 12 12 63 12 12 12 63 12 12 12 63 12 12 12 63 12 12 12 63 12 12 12 63 12 12 12 63 12 12 12 63 9 9 9 47 3 3 3 15 3 3 3 15 9 9 9 47 12 12 12 63 12 12 12 63 12 12 12 63 12 12 12 63 12 12 12 63 12 12 12 63 12 12 12 63 12 12 12 63 12 12 12 63 
9 9 9 47 9 9 9 47 3 3 3 15 3 3 3 15 9 9 9 47 12 12 12 63 12 12 12 63 12 12 12 63 12 12 12 63 12 12 12 63 12 12 12 63 9 9 9 47 3 3 3 15 3 3 3 15 9 9 9 47 12 12 12 63 12 12 12 63 12 12 12 63 12 12 12 63 12 12 12 63 12 12 12 63 12 12 12 63 12 12 12 63 12 12 12 63 12 12 12 63 9 9 9 47 3 3 3 15 3 3 3 15 9 9 9 47 12 12 12 63 12 12 12 63 12 12 12 63 
28 28 28 143 28 28 28 143 9 9 9 47 9 9 9 47 28 28 28 143 38 38 38 191 38 38 38 191 38 38 38 191 38 38 38 191 38 38 38 191 38 38 38 191 28 28 28 143 9 9 9 47 9 9 9 47 28 28 28 143 38 38 38 191 38 38 38 191 38 38 38 191 38 38 38 191 38 38 38 191 38 38 38 191 38 38 38 191 38 38 38 191 38 38 38 191 38 38 38 191 28 28 28 143 9 9 9 47 9 9 9 47 28 28 28 143 38 38 38 191 38 38 38 191 38 38 38 191 
28 28 28 143 28 28 28 143 9 9 9 47 9 9 9 47 28 28 28 143 38 38 38 191 38 38 38 191 38 38 38 191 38 38 38 191 38 38 38 191 38 38 38 191 28 28 28 143 9 9 9 47 9 9 9 47 28 28 28 143 38 38 38 191 38 38 38 191 38 38 38 191 38 38 38 191 38 38 38 191 38 38 38 191 38 38 38 191 38 38 38 191 38 38 38 191 38 38 38 191 28 28 28 143 9 9 9 47 9 9 9 47 28 28 28 143 38 38 38 191 38 38 38 191 38 38 38 191 
9 9 9 47 9 9 9 47 3 3 3 15 3 3 3 15 9 9 9 47 12 12 12 63 12 12 12 63 12 12 12 63 12 12 12 63 12 12 12 63 12 12 12 63 9 9 9 47 3 3 3 15 3 3 3 15 9 9 9 47 12 12 12 63 12 12 12 63 12 12 12 63 12 12 12 63 12 12 12 63 12 12 12 63 12 12 12 63 12 12 12 63 12 12 12 63 12 12 12 63 9 9 9 47 3 3 3 15 3 3 3 15 9 9 9 47 12 12 12 63 12 12 12 63 12 12 12 63 
0 0 0 0 0 0 0 0 0 0 0 0 0 0 0 0 0 0 0 0 0 0 0 0 0 0 0 0 0 0 0 0 0 0 0 0 0 0 0 0 0 0 0 0 0 0 0 0 0 0 0 0 0 0 0 0 0 0 0 0 0 0 0 0 0 0 0 0 0 0 0 0 0 0 0 0 0 0 0 0 0 0 0 0 0 0 0 0 0 0 0 0 0 0 0 0 0 0 0 0 0 0 0 0 0 0 0 0 0 0 0 0 0 0 0 0 0 0 0 0 0 0 0 0 0 0 0 0 
0 0 0 0 0 0 0 0 0 0 0 0 0 0 0 0 0 0 0 0 0 0 0 0 0 0 0 0 0 0 0 0 0 0 0 0 0 0 0 0 0 0 0 0 0 0 0 0 0 0 0 0 0 0 0 0 0 0 0 0 0 0 0 0 0 0 0 0 0 0 0 0 0 0 0 0 0 0 0 0 0 0 0 0 0 0 0 0 0 0 0 0 0 0 0 0 0 0 0 0 0 0 0 0 0 0 0 0 0 0 0 0 0 0 0 0 0 0 0 0 0 0 0 0 0 0 0 0 
0 0 0 0 0 0 0 0 0 0 0 0 0 0 0 0 0 0 0 0 0 0 0 0 0 0 0 0 0 0 0 0 0 0 0 0 0 0 0 0 0 0 0 0 0 0 0 0 0 0 0 0 0 0 0 0 0 0 0 0 0 0 0 0 0 0 0 0 0 0 0 0 0 0 0 0 0 0 0 0 0 0 0 0 0 0 0 0 0 0 0 0 0 0 0 0 0 0 0 0 0 0 0 0 0 0 0 0 0 0 0 0 0 0 0 0 0 0 0 0 0 0 0 0 0 0 0 0 
0 0 0 0 0 0 0 0 0 0 0 0 0 0 0 0 0 0 0 0 0 0 0 0 0 0 0 0 0 0 0 0 0 0 0 0 0 0 0 0 0 0 0 0 0 0 0 0 0 0 0 0 0 0 0 0 0 0 0 0 0 0 0 0 0 0 0 0 0 0 0 0 0 0 0 0 0 0 0 0 0 0 0 0 0 0 0 0 0 0 0 0 0 0 0 0 0 0 0 0 0 0 0 0 0 0 0 0 0 0 0 0 0 0 0 0 0 0 0 0 0 0 0 0 0 0 0 0 
0 0 0 0 0 0 0 0 0 0 0 0 0 0 0 0 0 0 0 0 0 0 0 0 0 0 0 0 0 0 0 0 0 0 0 0 0 0 0 0 0 0 0 0 0 0 0 0 0 0 0 0 0 0 0 0 0 0 0 0 0 0 0 0 0 0 0 0 0 0 0 0 0 0 0 0 0 0 0 0 0 0 0 0 0 0 0 0 0 0 0 0 0 0 0 0 0 0 0 0 0 0 0 0 0 0 0 0 0 0 0 0 0 0 0 0 0 0 0 0 0 0 0 0 0 0 0 0 
0 0 0 0 0 0 0 0 0 0 0 0 0 0 0 0 0 0 0 0 0 0 0 0 0 0 0 0 0 0 0 0 0 0 0 0 0 0 0 0 0 0 0 0 0 0 0 0 0 0 0 0 0 0 0 0 0 0 0 0 0 0 0 0 0 0 0 0 0 0 0 0 0 0 0 0 0 0 0 0 0 0 0 0 0 0 0 0 0 0 0 0 0 0 0 0 0 0 0 0 0 0 0 0 0 0 0 0 0 0 0 0 0 0 0 0 0 0 0 0 0 0 0 0 0 0 0 0 
0 0 0 0 0 0 0 0 0 0 0 0 0 0 0 0 0 0 0 0 0 0 0 0 0 0 0 0 0 0 0 0 0 0 0 0 0 0 0 0 0 0 0 0 0 0 0 0 0 0 0 0 0 0 0 0 0 0 0 0 0 0 0 0 0 0 0 0 0 0 0 0 0 0 0 0 0 0 0 0 0 0 0 0 0 0 0 0 0 0 0 0 0 0 0 0 0 0 0 0 0 0 0 0 0 0 0 0 0 0 0 0 0 0 0 0 0 0 0 0 0 0 0 0 0 0 0 0 
0 0 0 0 0 0 0 0 0 0 0 0 0 0 0 0 0 0 0 0 0 0 0 0 0 0 0 0 0 0 0 0 0 0 0 0 0 0 0 0 0 0 0 0 0 0 0 0 0 0 0 0 0 0 0 0 0 0 0 0 0 0 0 0 0 0 0 0 0 0 0 0 0 0 0 0 0 0 0 0 0 0 0 0 0 0 0 0 0 0 0 0 0 0 0 0 0 0 0 0 0 0 0 0 0 0 0 0 0 0 0 0 0 0 0 0 0 0 0 0 0 0 0 0 0 0 0 0 
0 0 0 0 0 0 0 0 0 0 0 0 0 0 0 0 0 0 0 0 0 0 0 0 0 0 0 0 0 0 0 0 0 0 0 0 0 0 0 0 0 0 0 0 0 0 0 0 0 0 0 0 0 0 0 0 0 0 0 0 0 0 0 0 0 0 0 0 0 0 0 0 0 0 0 0 0 0 0 0 0 0 0 0 0 0 0 0 0 0 0 0 0 0 0 0 0 0 0 0 0 0 0 0 0 0 0 0 0 0 0 0 0 0 0 0 0 0 0 0 0 0 0 0 0 0 0 0 
0 0 0 0 0 0 0 0 0 0 0 0 0 0 0 0 0 0 0 0 0 0 0 0 0 0 0 0 0 0 0 0 0 0 0 0 0 0 0 0 0 0 0 0 0 0 0 0 0 0 0 0 0 0 0 0 0 0 0 0 0 0 0 0 0 0 0 0 0 0 0 0 0 0 0 0 0 0 0 0 0 0 0 0 0 0 0 0 0 0 0 0 0 0 0 0 0 0 0 0 0 0 0 0 0 0 0 0 0 0 0 0 0 0 0 0 0 0 0 0 0 0 0 0 0 0 0 0 
0 0 0 0 0 0 0 0 0 0 0 0 0 0 0 0 0 0 0 0 0 0 0 0 0 0 0 0 0 0 0 0 0 0 0 0 0 0 0 0 0 0 0 0 0 0 0 0 0 0 0 0 0 0 0 0 0 0 0 0 0 0 0 0 0 0 0 0 0 0 0 0 0 0 0 0 0 0 0 0 0 0 0 0 0 0 0 0 0 0 0 0 0 0 0 0 0 0 0 0 0 0 0 0 0 0 0 0 0 0 0 0 0 0 0 0 0 0 0 0 0 0 0 0 0 0 0 0 
0 0 0 0 0 0 0 0 0 0 0 0 0 0 0 0 0 0 0 0 0 0 0 0 0 0 0 0 0 0 0 0 0 0 0 0 0 0 0 0 0 0 0 0 0 0 0 0 0 0 0 0 0 0 0 0 0 0 0 0 0 0 0 0 0 0 0 0 0 0 0 0 0 0 0 0 0 0 0 0 0 0 0 0 0 0 0 0 0 0 0 0 0 0 0 0 0 0 0 0 0 0 0 0 0 0 0 0 0 0 0 0 0 0 0 0 0 0 0 0 0 0 0 0 0 0 0 0 
0 0 0 0 0 0 0 0 0 0 0 0 0 0 0 0 0 0 0 0 0 0 0 0 0 0 0 0 0 0 0 0 0 0 0 0 0 0 0 0 0 0 0 0 0 0 0 0 0 0 0 0 0 0 0 0 0 0 0 0 0 0 0 0 0 0 0 0 0 0 0 0 0 0 0 0 0 0 0 0 0 0 0 0 0 0 0 0 0 0 0 0 0 0 0 0 0 0 0 0 0 0 0 0 0 0 0 0 0 0 0 0 0 0 0 0 0 0 0 0 0 0 0 0 0 0 0 0 
0 0 0 0 0 0 0 0 0 0 0 0 0 0 0 0 0 0 0 0 0 0 0 0 0 0 0 0 0 0 0 0 0 0 0 0 0 0 0 0 0 0 0 0 0 0 0 0 0 0 0 0 0 0 0 0 0 0 0 0 0 0 0 0 0 0 0 0 0 0 0 0 0 0 0 0 0 0 0 0 0 0 0 0 0 0 0 0 0 0 0 0 0 0 0 0 0 0 0 0 0 0 0 0 0 0 0 0 0 0 0 0 0 0 0 0 0 0 0 0 0 0 0 0 0 0 0 0 
0 0 0 0 0 0 0 0 0 0 0 0 0 0 0 0 0 0 0 0 0 0 0 0 0 0 0 0 0 0 0 0 0 0 0 0 0 0 0 0 0 0 0 0 0 0 0 0 0 0 0 0 0 0 0 0 0 0 0 0 0 0 0 0 0 0 0 0 0 0 0 0 0 0 0 0 0 0 0 0 0 0 0 0 0 0 0 0 0 0 0 0 0 0 0 0 0 0 0 0 0 0 0 0 0 0 0 0 0 0 0 0 0 0 0 0 0 0 0 0 0 0 0 0 0 0 0 0 
0 0 0 0 0 0 0 0 0 0 0 0 0 0 0 0 0 0 0 0 0 0 0 0 0 0 0 0 0 0 0 0 0 0 0 0 0 0 0 0 0 0 0 0 0 0 0 0 0 0 0 0 0 0 0 0 0 0 0 0 0 0 0 0 0 0 0 0 0 0 0 0 0 0 0 0 0 0 0 0 0 0 0 0 0 0 0 0 0 0 0 0 0 0 0 0 0 0 0 0 0 0 0 0 0 0 0 0 0 0 0 0 0 0 0 0 0 0 0 0 0 0 0 0 0 0 0 0 
0 0 0 0 0 0 0 0 0 0 0 0 0 0 0 0 0 0 0 0 0 0 0 0 0 0 0 0 0 0 0 0 0 0 0 0 0 0 0 0 0 0 0 0 0 0 0 0 0 0 0 0 0 0 0 0 0 0 0 0 0 0 0 0 0 0 0 0 0 0 0 0 0 0 0 0 0 0 0 0 0 0 0 0 0 0 0 0 0 0 0 0 0 0 0 0 0 0 0 0 0 0 0 0 0 0 0 0 0 0 0 0 0 0 0 0 0 0 0 0 0 0 0 0 0 0 0 0 
0 0 0 0 0 0 0 0 0 0 0 0 0 0 0 0 0 0 0 0 0 0 0 0 0 0 0 0 0 0 0 0 0 0 0 0 0 0 0 0 0 0 0 0 0 0 0 0 0 0 0 0 0 0 0 0 0 0 0 0 0 0 0 0 0 0 0 0 0 0 0 0 0 0 0 0 0 0 0 0 0 0 0 0 0 0 0 0 0 0 0 0 0 0 0 0 0 0 0 0 0 0 0 0 0 0 0 0 0 0 0 0 0 0 0 0 0 0 0 0 0 0 0 0 0 0 0 0 
0 0 0 0 0 0 0 0 0 0 0 0 0 0 0 0 0 0 0 0 0 0 0 0 0 0 0 0 0 0 0 0 0 0 0 0 0 0 0 0 0 0 0 0 0 0 0 0 0 0 0 0 0 0 0 0 0 0 0 0 0 0 0 0 0 0 0 0 0 0 0 0 0 0 0 0 0 0 0 0 0 0 0 0 0 0 0 0 0 0 0 0 0 0 0 0 0 0 0 0 0 0 0 0 0 0 0 0 0 0 0 0 0 0 0 0 0 0 0 0 0 0 0 0 0 0 0 0 
