0 0 0 0 0 0 0 0 0 0 0 0 0 0 0 0 0 0 0 0 0 0 0 0 0 0 0 0 0 0 0 0 0 0 0 0 0 0 0 0 0 0 0 0 0 0 0 0 0 0 0 0 0 0 0 0 0 0 0 0 0 0 0 0 0 0 0 0 0 0 0 0 0 0 0 0 0 0 0 0 0 0 0 0 0 0 0 0 0 0 0 0 0 0 0 0 0 0 0 0 0 0 0 0 0 0 0 0 0 0 0 0 0 0 0 0 0 0 0 0 0 0 0 0 0 0 0 0 
0 0 0 0 0 0 0 0 0 0 0 0 0 0 0 0 0 0 0 0 0 0 0 0 0 0 0 0 0 0 0 0 0 0 0 0 0 0 0 0 0 0 0 0 0 0 0 0 0 0 0 0 0 0 0 0 0 0 0 0 0 0 0 0 0 0 0 0 0 0 0 0 0 0 0 0 0 0 0 0 0 0 0 0 0 0 0 0 0 0 0 0 0 0 0 0 0 0 0 0 0 0 0 0 0 0 0 0 0 0 0 0 0 0 0 0 0 0 0 0 0 0 0 0 0 0 0 0 
0 0 0 0 0 0 0 0 0 0 0 0 0 0 0 0 0 0 0 0 0 0 0 0 0 0 0 0 0 0 0 0 0 0 0 0 0 0 0 0 0 0 0 0 0 0 0 0 0 0 0 0 0 0 0 0 0 0 0 0 0 0 0 0 0 0 0 0 0 0 0 0 0 0 0 0 0 0 0 0 0 0 0 0 0 0 0 0 0 0 0 0 0 0 0 0 0 0 0 0 0 0 0 0 0 0 0 0 0 0 0 0 0 0 0 0 0 0 0 0 0 0 0 0 0 0 0 0 
0 0 0 0 0 0 0 0 0 0 0 0 0 0 0 0 0 0 0 0 0 0 0 0 0 0 0 0 0 0 0 0 0 0 0 0 0 0 0 0 0 0 0 0 0 0 0 0 0 0 0 0 0 0 0 0 0 0 0 0 0 0 0 0 0 0 0 0 0 0 0 0 0 0 0 0 0 0 0 0 0 0 0 0 0 0 0 0 0 0 0 0 0 0 0 0 0 0 0 0 0 0 0 0 0 0 0 0 0 0 0 0 0 0 0 0 0 0 0 0 0 0 0 0 0 0 0 0 
0 0 0 0 0 0 0 0 0 0 0 0 0 0 0 0 0 0 0 0 0 0 0 0 0 0 0 0 0 0 0 0 0 0 0 0 0 0 0 0 0 0 0 0 0 0 0 0 0 0 0 0 0 0 0 0 0 0 0 0 0 0 0 0 0 0 0 0 0 0 0 0 0 0 0 0 0 0 0 0 0 0 0 0 0 0 0 0 0 0 0 0 0 0 0 0 0 0 0 0 0 0 0 0 0 0 0 0 0 0 0 0 0 0 0 0 0 0 0 0 0 0 0 0 0 0 0 0 
0 0 0 0 0 0 0 0 0 0 0 0 0 0 0 0 0 0 0 0 0 0 0 0 0 0 0 0 0 0 0 0 0 0 0 0 0 0 0 0 0 0 0 0 0 0 0 0 0 0 0 0 0 0 0 0 0 0 0 0 0 0 0 0 0 0 0 0 0 0 0 0 0 0 0 0 0 0 0 0 0 0 0 0 0 0 0 0 0 0 0 0 0 0 0 0 0 0 0 0 0 0 0 0 0 0 0 0 0 0 0 0 0 0 0 0 0 0 0 0 0 0 0 0 0 0 0 0 
0 0 0 0 0 0 0 0 0 0 0 0 0 0 0 0 0 0 0 0 0 0 0 0 0 0 0 0 0 0 0 0 0 0 0 0 0 0 0 0 0 0 0 0 0 0 0 0 0 0 0 0 0 0 0 0 0 0 0 0 0 0 0 0 0 0 0 0 0 0 0 0 0 0 0 0 0 0 0 0 0 0 0 0 0 0 0 0 0 0 0 0 0 0 0 0 0 0 0 0 0 0 0 0 0 0 0 0 0 0 0 0 0 0 0 0 0 0 0 0 0 0 0 0 0 0 0 0 
0 0 0 0 0 0 0 0 0 0 0 0 0 0 0 0 0 0 0 0 0 0 0 0 0 0 0 0 0 0 0 0 0 0 0 0 0 0 0 0 0 0 0 0 0 0 0 0 0 0 0 0 0 0 0 0 0 0 0 0 0 0 0 0 0 0 0 0 0 0 0 0 0 0 0 0 0 0 0 0 0 0 0 0 0 0 0 0 0 0 0 0 0 0 0 0 0 0 0 0 0 0 0 0 0 0 0 0 0 0 0 0 0 0 0 0 0 0 0 0 0 0 0 0 0 0 0 0 
0 0 0 0 0 0 0 0 0 0 0 0 0 0 0 0 0 0 0 0 0 0 0 0 0 0 0 0 0 0 0 0 0 0 0 0 0 0 0 0 0 0 0 0 0 0 0 0 0 0 0 0 0 0 0 0 0 0 0 0 0 0 0 0 0 0 0 0 0 0 0 0 0 0 0 0 0 0 0 0 0 0 0 0 0 0 0 0 0 0 0 0 0 0 0 0 0 0 0 0 0 0 0 0 0 0 0 0 0 0 0 0 0 0 0 0 0 0 0 0 0 0 0 0 0 0 0 0 
0 0 0 0 0 0 0 0 0 0 0 0 0 0 0 0 0 0 0 0 0 0 0 0 0 0 0 0 0 0 0 0 0 0 0 0 0 0 0 0 0 0 0 0 0 0 0 0 0 0 0 0 0 0 0 0 0 0 0 0 0 0 0 0 0 0 0 0 0 0 0 0 0 0 0 0 0 0 0 0 0 0 0 0 0 0 0 0 0 0 0 0 0 0 0 0 0 0 0 0 0 0 0 0 0 0 0 0 0 0 0 0 0 0 0 0 0 0 0 0 0 0 0 0 0 0 0 0 
0 0 0 0 0 0 0 0 0 0 0 0 0 0 0 0 0 0 0 0 0 0 0 0 0 0 0 0 0 0 0 0 0 0 0 0 0 0 0 0 0 0 0 0 0 0 0 0 0 0 0 0 0 0 0 0 0 0 0 0 0 0 0 0 0 0 0 0 0 0 0 0 0 0 0 0 0 0 0 0 0 0 0 0 0 0 0 0 0 0 0 0 0 0 0 0 0 0 0 0 0 0 0 0 0 0 0 0 0 0 0 0 0 0 0 0 0 0 0 0 0 0 0 0 0 0 0 0 
0 0 0 0 0 0 0 0 0 0 0 0 0 0 0 0 0 0 0 0 0 0 0 0 0 0 0 0 0 0 0 0 0 0 0 0 0 0 0 0 0 0 0 0 0 0 0 0 0 0 0 0 0 0 0 0 0 0 0 0 0 0 0 0 0 0 0 0 0 0 0 0 0 0 0 0 0 0 0 0 0 0 0 0 0 0 0 0 0 0 0 0 0 0 0 0 0 0 0 0 0 0 0 0 0 0 0 0 0 0 0 0 0 0 0 0 0 0 0 0 0 0 0 0 0 0 0 0 
0 0 0 0 0 0 0 0 0 0 0 0 0 0 0 0 0 0 0 0 0 0 0 0 0 0 0 0 0 0 0 0 0 0 0 0 0 0 0 0 0 0 0 0 0 0 0 0 0 0 0 0 0 0 0 0 0 0 0 0 0 0 0 0 0 0 0 0 0 0 0 0 0 0 0 0 0 0 0 0 0 0 0 0 0 0 0 0 0 0 0 0 0 0 0 0 0 0 0 0 0 0 0 0 0 0 0 0 0 0 0 0 0 0 0 0 0 0 0 0 0 0 0 0 0 0 0 0 
0 0 0 0 0 0 0 0 0 0 0 0 0 0 0 0 0 0 0 0 0 0 0 0 0 0 0 0 0 0 0 0 0 0 0 0 0 0 0 0 0 0 0 0 0 0 0 0 0 0 0 0 0 0 0 0 0 0 0 0 0 0 0 0 0 0 0 0 0 0 0 0 0 0 0 0 0 0 0 0 0 0 0 0 0 0 0 0 0 0 0 0 0 0 0 0 0 0 0 0 0 0 0 0 0 0 0 0 0 0 0 0 0 0 0 0 0 0 0 0 0 0 0 0 0 0 0 0 
0 0 0 0 0 0 0 0 0 0 0 0 0 0 0 0 0 0 0 0 0 0 0 0 0 0 0 0 0 0 0 0 0 0 0 0 0 0 0 0 0 0 0 0 0 0 0 0 0 0 0 0 0 0 0 0 0 0 0 0 0 0 0 0 0 0 0 0 0 0 0 0 0 0 0 0 0 0 0 0 0 0 0 0 0 0 0 0 0 0 0 0 0 0 0 0 0 0 0 0 0 0 0 0 0 0 0 0 0 0 0 0 0 0 0 0 0 0 0 0 0 0 0 0 0 0 0 0 
0 0 0 0 0 0 0 0 0 0 0 0 0 0 0 0 0 0 0 0 0 0 0 0 0 0 0 0 0 0 0 0 0 0 0 0 0 0 0 0 0 0 0 0 0 0 0 0 0 0 0 0 0 0 0 0 0 0 0 0 0 0 0 0 0 0 0 0 0 0 0 0 0 0 0 0 0 0 0 0 0 0 0 0 0 0 0 0 0 0 0 0 0 0 0 0 0 0 0 0 0 0 0 0 0 0 0 0 0 0 0 0 0 0 0 0 0 0 0 0 0 0 0 0 0 0 0 0 
0 0 0 0 0 0 0 0 0 0 0 0 0 0 0 0 0 0 0 0 0 0 0 0 0 0 0 0 0 0 0 0 0 0 0 0 0 0 0 0 0 0 0 0 0 0 0 0 0 0 0 0 0 0 0 0 0 0 0 0 0 0 0 0 0 0 0 0 0 0 0 0 0 0 0 0 0 0 0 0 0 0 0 0 0 0 0 0 0 0 0 0 0 0 0 0 0 0 0 0 0 0 0 0 0 0 0 0 0 0 0 0 0 0 0 0 0 0 0 0 0 0 0 0 0 0 0 0 
0 0 0 0 0 0 0 0 0 0 0 0 0 0 0 0 0 0 0 0 0 0 0 0 0 0 0 0 0 0 0 0 0 0 0 0 0 0 0 0 0 0 0 0 0 0 0 0 0 0 0 0 0 0 0 0 0 0 0 0 0 0 0 0 0 0 0 0 0 0 0 0 0 0 0 0 0 0 0 0 0 0 0 0 0 0 0 0 0 0 0 0 0 0 0 0 0 0 0 0 0 0 0 0 0 0 0 0 0 0 0 0 0 0 0 0 0 0 0 0 0 0 0 0 0 0 0 0 
0 0 0 0 0 0 0 0 0 0 0 0 0 0 0 0 0 0 0 0 0 0 0 0 0 0 0 0 0 0 0 0 0 0 0 0 0 0 0 0 0 0 0 0 0 0 0 0 0 0 0 0 0 0 0 0 0 0 0 0 0 0 0 0 0 0 0 0 0 0 0 0 0 0 0 0 0 0 0 0 0 0 0 0 0 0 0 0 0 0 0 0 0 0 0 0 0 0 0 0 0 0 0 0 0 0 0 0 0 0 0 0 0 0 0 0 0 0 0 0 0 0 0 0 0 0 0 0 
0 0 0 0 0 0 0 0 0 0 0 0 0 0 0 0 0 0 0 0 0 0 0 0 0 0 0 0 0 0 0 0 0 0 0 0 0 0 0 0 0 0 0 0 0 0 0 0 0 0 0 0 0 0 0 0 0 0 0 0 0 0 0 0 0 0 0 0 0 0 0 0 0 0 0 0 0 0 0 0 0 0 0 0 0 0 0 0 0 0 0 0 0 0 0 0 0 0 0 0 0 0 0 0 0 0 0 0 0 0 0 0 0 0 0 0 0 0 0 0 0 0 0 0 0 0 0 0 
0 0 0 0 0 0 0 0 0 0 0 0 0 0 0 0 0 0 0 0 0 0 0 0 0 0 0 0 0 0 0 0 0 0 0 0 0 0 0 0 0 0 0 0 0 0 0 0 0 0 0 0 0 0 0 0 0 0 0 0 0 0 0 0 0 0 0 0 0 0 0 0 0 0 0 0 0 0 0 0 0 0 0 0 0 0 0 0 0 0 0 0 0 0 0 0 0 0 0 0 0 0 0 0 0 0 0 0 0 0 0 0 0 0 0 0 0 0 0 0 0 0 0 0 0 0 0 0 
0 0 0 0 0 0 0 0 0 0 0 0 0 0 0 0 0 0 0 0 0 0 0 0 0 0 0 0 0 0 0 0 0 0 0 0 0 0 0 0 0 0 0 0 0 0 0 0 0 0 0 0 0 0 0 0 0 0 0 0 0 0 0 0 0 0 0 0 0 0 0 0 0 0 0 0 0 0 0 0 0 0 0 0 0 0 0 0 0 0 0 0 0 0 0 0 0 0 0 0 0 0 0 0 0 0 0 0 0 0 0 0 0 0 0 0 0 0 0 0 0 0 0 0 0 0 0 0 
0 0 0 0 0 0 0 0 0 0 0 0 0 0 0 0 0 0 0 0 0 0 0 0 0 0 0 0 0 0 0 0 0 0 0 0 0 0 0 0 0 0 0 0 0 0 0 0 0 0 0 0 0 0 0 0 0 0 0 0 0 0 0 0 0 0 0 0 0 0 0 0 0 0 0 0 0 0 0 0 0 0 0 0 0 0 0 0 0 0 0 0 0 0 0 0 0 0 0 0 0 0 0 0 0 0 0 0 0 0 0 0 0 0 0 0 0 0 0 0 0 0 0 0 0 0 0 0 
0 0 0 0 0 0 0 0 0 0 0 0 0 0 0 0 0 0 0 0 0 0 0 0 0 0 0 0 0 0 0 0 0 0 0 0 2 2 2 15 6 6 6 47 8 8 8 63 8 8 8 63 8 8 8 63 8 8 8 63 8 8 8 63 8 8 8 63 8 8 8 63 8 8 8 63 8 8 8 63 8 8 8 63 8 8 8 63 8 8 8 63 6 6 6 47 2 2 2 15 0 0 0 0 0 0 0 0 0 0 0 0 0 0 0 0 0 0 0 0 0 0 0 0 0 0 0 0 
0 0 0 0 0 0 0 0 0 0 0 0 0 0 0 0 0 0 0 0 0 0 0 0 0 0 0 0 0 0 0 0 0 0 0 0 6 6 6 47 19 19 19 143 25 25 25 191 25 25 25 191 25 25 25 191 25 25 25 191 25 25 25 191 25 25 25 191 25 25 25 191 25 25 25 191 25 25 25 191 25 25 25 191 25 25 25 191 25 25 25 191 19 19 19 143 6 6 6 47 0 0 0 0 0 0 0 0 0 0 0 0 0 0 0 0 0 0 0 0 0 0 0 0 0 0 0 0 
0 0 0 0 0 0 0 0 0 0 0 0 0 0 0 0 0 0 0 0 0 0 0 0 0 0 0 0 2 2 2 15 6 6 6 47 27 21 15 111 65 47 29 207 85 61 37 255 85 61 37 255 85 61 37 255 85 61 37 255 85 61 37 255 85 61 37 255 85 61 37 255 85 61 37 255 85 64 38 255 87 72 40 255 88 76 41 255 88 76 41 255 68 59 32 207 28 25 16 111 8 8 8 63 8 8 8 63 6 6 6 47 2 2 2 15 0 0 0 0 0 0 0 0 0 0 0 0 
0 0 0 0 0 0 0 0 0 0 0 0 0 0 0 0 0 0 0 0 0 0 0 0 0 0 0 0 6 6 6 47 19 19 19 143 65 47 29 207 146 92 38 239 187 115 42 255 187 115 42 255 187 115 42 255 187 115 42 255 187 115 42 255 187 115 42 255 187 115 42 255 187 115 42 255 189 126 46 255 193 149 52 255 195 160 54 255 195 160 54 255 153 126 47 239 68 59 32 207 25 25 25 191 25 25 25 191 19 19 19 143 6 6 6 47 0 0 0 0 0 0 0 0 0 0 0 0 
0 0 0 0 0 0 0 0 0 0 0 0 0 0 0 0 0 0 0 0 2 2 2 15 6 6 6 47 27 21 15 111 65 47 29 207 124 85 40 255 202 133 46 255 241 157 50 255 241 157 50 255 241 157 50 255 241 157 50 255 241 157 50 255 241 157 50 255 241 157 50 255 241 157 50 255 243 168 53 255 247 191 59 255 250 203 62 255 250 203 62 255 209 171 56 255 128 107 46 255 88 76 41 255 88 76 41 255 68 59 32 207 28 25 16 111 6 6 6 47 2 2 2 15 2 2 2 15 
0 0 0 0 0 0 0 0 0 0 0 0 0 0 0 0 0 0 0 0 6 6 6 47 19 19 19 143 65 47 29 207 146 92 38 239 202 133 46 255 232 169 54 255 247 187 58 255 246 187 58 255 247 187 58 255 246 187 58 255 247 187 58 255 246 187 58 255 246 187 58 255 246 187 58 255 247 191 58 255 249 199 60 255 250 203 62 255 250 203 62 255 236 192 60 255 209 171 56 255 195 160 54 255 195 160 54 255 153 126 47 239 68 59 32 207 19 19 19 143 6 6 6 47 6 6 6 47 
0 0 0 0 0 0 0 0 0 0 0 0 2 2 2 15 6 6 6 47 27 21 15 111 65 47 29 207 124 85 40 255 202 133 46 255 243 168 53 255 247 191 59 255 250 203 62 255 250 202 62 255 250 203 62 255 250 202 62 255 250 203 62 255 250 202 62 255 250 203 62 255 250 203 62 255 250 203 62 255 250 203 62 255 250 203 62 255 250 203 62 255 249 199 60 255 247 191 58 255 247 191 58 255 249 199 60 255 195 160 54 255 88 76 41 255 25 25 25 191 8 8 8 63 8 8 8 63 
0 0 0 0 0 0 0 0 0 0 0 0 6 6 6 47 19 19 19 143 65 47 29 207 146 92 38 239 202 133 46 255 232 169 54 255 247 191 59 255 249 199 61 255 250 203 62 255 250 202 62 255 250 203 62 255 250 202 62 255 250 203 62 255 250 202 62 255 250 203 62 255 250 203 62 255 250 203 62 255 250 203 62 255 250 203 62 255 250 203 62 255 247 191 59 255 243 168 53 255 243 168 53 255 247 191 59 255 195 160 54 255 88 76 41 255 25 25 25 191 8 8 8 63 8 8 8 63 
2 2 2 15 2 2 2 15 6 6 6 47 26 17 16 111 62 35 31 207 118 65 41 255 194 105 46 255 235 137 51 255 239 160 57 255 243 175 59 255 245 183 58 255 247 191 65 255 249 199 79 255 250 203 87 255 250 202 87 255 250 203 87 255 250 202 87 255 250 203 87 255 250 203 87 255 250 203 87 255 250 203 87 255 250 203 87 255 250 203 87 255 247 187 76 255 241 157 56 255 225 144 46 239 200 149 46 207 149 122 43 207 72 63 37 239 25 25 25 191 8 8 8 63 8 8 8 63 
6 6 6 47 6 6 6 47 19 19 19 143 62 35 31 207 135 56 44 239 184 73 51 255 210 87 52 255 223 97 54 255 225 105 56 255 229 121 55 255 237 145 51 255 243 168 71 255 248 191 115 255 251 203 137 255 251 202 137 255 251 203 137 255 251 202 137 255 251 203 137 255 251 203 137 255 251 203 137 255 251 203 137 255 251 203 137 255 251 203 137 255 248 187 114 255 241 157 68 255 194 119 38 207 106 73 23 111 55 46 20 111 41 38 29 207 25 25 25 191 8 8 8 63 8 8 8 63 
8 8 8 63 8 8 8 63 25 25 25 191 80 45 39 255 172 67 50 255 218 78 56 255 218 78 56 255 218 78 56 255 218 78 56 255 223 97 60 255 235 137 70 255 233 165 99 255 218 182 148 255 210 190 173 255 210 190 173 255 220 193 170 255 241 199 165 255 252 203 163 255 252 203 163 255 252 203 163 255 252 203 163 255 241 199 165 255 220 193 170 255 204 171 140 255 192 133 75 255 140 86 32 191 46 28 10 63 6 6 6 47 19 19 19 143 19 19 19 143 6 6 6 47 6 6 6 47 
8 8 8 63 8 8 8 63 25 25 25 191 80 45 39 255 172 67 50 255 218 78 56 255 218 78 56 255 218 78 56 255 218 78 56 255 225 105 75 255 240 160 114 255 218 181 148 255 157 170 178 255 127 164 193 255 127 164 193 255 158 174 186 255 220 193 170 255 252 203 163 255 252 203 163 255 252 203 163 255 252 203 163 255 220 193 170 255 158 174 186 255 116 138 154 255 95 86 76 255 63 45 27 191 21 15 9 63 2 2 2 15 6 6 6 47 6 6 6 47 2 2 2 15 2 2 2 15 
8 8 8 63 8 8 8 63 25 25 25 191 80 45 39 255 172 67 50 255 218 78 56 255 218 78 56 255 218 78 56 255 218 78 56 255 226 109 82 255 243 171 136 255 210 190 173 255 127 164 193 255 86 152 204 255 86 152 204 255 127 164 193 255 210 190 173 255 252 203 163 255 252 203 163 255 252 203 163 255 252 203 163 255 210 190 173 255 127 164 193 255 73 122 161 255 47 63 76 255 25 25 25 191 8 8 8 63 0 0 0 0 0 0 0 0 0 0 0 0 0 0 0 0 0 0 0 0 
8 8 8 63 8 8 8 63 25 25 25 191 80 45 39 255 172 67 50 255 218 78 56 255 218 78 56 255 218 78 56 255 218 78 56 255 226 109 82 255 243 171 136 255 210 190 173 255 127 164 193 255 86 152 204 255 86 152 204 255 127 164 193 255 210 190 173 255 252 203 163 255 252 203 163 255 252 203 163 255 252 203 163 255 210 190 173 255 127 164 193 255 73 122 161 255 47 63 76 255 25 25 25 191 8 8 8 63 0 0 0 0 0 0 0 0 0 0 0 0 0 0 0 0 0 0 0 0 
6 6 6 47 6 6 6 47 19 19 19 143 62 35 31 207 135 56 44 239 184 73 51 255 210 87 52 255 223 97 54 255 225 105 56 255 232 132 83 255 245 179 136 255 220 193 170 255 158 174 186 255 127 164 193 255 127 164 193 255 158 174 186 255 220 193 170 255 252 203 163 255 252 203 163 255 252 203 163 255 252 203 163 255 220 193 170 255 158 174 186 255 104 132 153 255 57 66 73 255 25 25 25 191 8 8 8 63 0 0 0 0 0 0 0 0 0 0 0 0 0 0 0 0 0 0 0 0 
2 2 2 15 2 2 2 15 6 6 6 47 26 17 16 111 62 35 31 207 118 65 41 255 194 105 46 255 235 137 51 255 239 160 57 255 244 179 86 255 249 195 137 255 241 199 165 255 220 193 170 255 210 190 173 255 210 190 173 255 220 193 170 255 241 199 165 255 252 203 163 255 252 203 163 255 252 203 163 255 252 203 163 255 241 199 165 255 220 193 170 255 166 151 138 255 78 73 68 255 25 25 25 191 8 8 8 63 0 0 0 0 0 0 0 0 0 0 0 0 0 0 0 0 0 0 0 0 
0 0 0 0 0 0 0 0 0 0 0 0 8 8 8 63 25 25 25 191 85 61 37 255 187 115 43 255 241 157 50 255 247 187 58 255 250 203 80 255 251 202 118 255 251 203 144 255 251 202 156 255 252 203 163 255 252 202 163 255 252 203 163 255 252 202 163 255 252 203 163 255 252 203 163 255 252 203 163 255 252 203 163 255 252 203 163 255 252 203 163 255 197 160 130 255 88 76 66 255 25 25 25 191 8 8 8 63 0 0 0 0 0 0 0 0 0 0 0 0 0 0 0 0 0 0 0 0 
0 0 0 0 0 0 0 0 0 0 0 0 8 8 8 63 25 25 25 191 85 61 37 255 187 115 43 255 241 157 50 255 247 187 58 255 250 203 68 255 250 202 80 255 250 203 106 255 251 202 144 255 252 203 163 255 252 202 163 255 252 203 163 255 252 202 163 255 252 203 163 255 252 203 163 255 252 203 163 255 252 203 163 255 252 203 163 255 252 203 163 255 197 160 130 255 88 76 66 255 25 25 25 191 8 8 8 63 0 0 0 0 0 0 0 0 0 0 0 0 0 0 0 0 0 0 0 0 
2 2 2 15 2 2 2 15 6 6 6 47 27 21 15 111 65 47 29 207 123 81 39 255 199 121 43 255 241 157 50 255 247 187 58 255 250 203 62 255 250 202 62 255 250 203 80 255 251 202 118 255 239 197 138 255 216 186 140 255 204 181 142 255 204 180 142 255 216 186 147 255 240 197 157 255 240 197 157 255 216 186 147 255 204 181 142 255 204 181 142 255 174 151 115 255 114 90 63 255 65 47 29 207 27 21 15 111 6 6 6 47 2 2 2 15 0 0 0 0 0 0 0 0 0 0 0 0 
6 6 6 47 6 6 6 47 19 19 19 143 65 47 29 207 146 92 38 239 199 121 43 255 225 135 45 255 241 157 50 255 247 187 58 255 250 203 62 255 250 202 62 255 250 203 68 255 250 202 80 255 215 186 90 255 144 153 96 255 108 137 100 255 108 137 100 255 144 153 115 255 216 186 147 255 216 186 147 255 144 153 115 255 108 137 100 255 108 137 100 255 128 131 85 255 167 120 57 255 146 92 38 239 65 47 29 207 19 19 19 143 6 6 6 47 0 0 0 0 0 0 0 0 0 0 0 0 
27 21 15 111 27 21 15 111 65 47 29 207 123 81 39 255 199 121 43 255 238 145 47 255 240 153 49 255 243 168 53 255 247 191 59 255 239 200 62 255 217 196 63 255 217 196 63 255 239 200 62 255 203 184 65 255 110 146 73 255 64 128 77 255 64 128 77 255 100 144 92 255 171 177 124 255 171 177 124 255 100 144 92 255 64 128 77 255 64 128 77 255 107 131 69 255 194 138 53 255 199 121 43 255 123 81 39 255 65 47 29 207 27 21 15 111 6 6 6 47 2 2 2 15 2 2 2 15 
65 47 29 207 65 47 29 207 146 92 38 239 199 121 43 255 225 135 45 255 240 153 49 255 244 176 55 255 247 191 59 255 249 199 61 255 217 196 63 255 151 182 67 255 151 182 67 255 217 196 63 255 205 190 64 255 116 166 70 255 71 154 73 255 71 154 73 255 83 159 78 255 107 170 88 255 107 170 88 255 83 159 78 255 71 154 73 255 71 154 73 255 113 151 66 255 196 145 52 255 225 135 45 255 199 121 43 255 146 92 38 239 65 47 29 207 19 19 19 143 6 6 6 47 6 6 6 47 
72 54 36 255 72 54 36 255 148 94 40 255 187 115 42 255 187 115 42 255 189 126 46 255 193 149 52 255 195 160 54 255 195 160 54 255 165 162 59 255 105 165 67 255 107 173 69 255 173 187 65 255 173 187 65 255 107 173 69 255 75 167 71 255 75 167 71 255 75 167 71 255 75 167 71 255 75 167 71 255 75 167 71 255 75 167 71 255 75 167 71 255 103 154 64 255 158 128 50 255 187 115 42 255 187 115 42 255 148 94 40 255 72 54 36 255 25 25 25 191 8 8 8 63 8 8 8 63 
46 40 34 255 46 40 34 255 72 54 36 255 85 61 36 255 85 61 37 255 85 64 38 255 87 72 40 255 88 76 41 255 88 76 41 255 84 98 48 255 78 144 63 255 85 169 70 255 107 173 69 255 107 173 69 255 85 169 70 255 75 167 71 255 75 167 71 255 75 167 71 255 75 167 71 255 75 167 71 255 75 167 71 255 75 167 71 255 75 167 71 255 77 140 62 255 82 87 45 255 85 61 37 255 85 61 37 255 72 54 36 255 46 40 34 255 25 25 25 191 8 8 8 63 8 8 8 63 
25 25 25 191 25 25 25 191 25 25 25 191 25 25 25 191 25 25 25 191 27 27 27 207 31 31 31 239 36 42 36 255 41 58 40 255 51 92 50 255 67 142 64 255 75 167 71 255 75 167 71 255 75 167 71 255 75 167 71 255 75 167 71 255 75 167 71 255 75 167 71 255 75 167 71 255 75 167 71 255 75 167 71 255 72 158 68 255 67 142 64 255 54 106 52 239 35 52 34 207 25 25 25 191 25 25 25 191 25 25 25 191 25 25 25 191 19 19 19 143 6 6 6 47 6 6 6 47 
8 8 8 63 8 8 8 63 8 8 8 63 8 8 8 63 8 8 8 63 14 14 14 111 27 27 27 207 41 58 40 255 57 108 54 255 67 142 64 255 72 158 68 255 75 167 71 255 75 167 71 255 75 167 71 255 75 167 71 255 75 167 71 255 75 167 71 255 75 167 71 255 75 167 71 255 75 167 71 255 75 167 71 255 67 142 64 255 51 92 50 255 35 52 34 207 17 23 17 111 8 8 8 63 8 8 8 63 8 8 8 63 8 8 8 63 6 6 6 47 2 2 2 15 2 2 2 15 
0 0 0 0 0 0 0 0 0 0 0 0 2 2 2 15 6 6 6 47 17 23 17 111 35 52 34 207 51 92 50 255 67 142 64 255 75 167 71 255 75 167 71 255 75 167 71 255 75 167 71 255 75 167 71 255 75 167 71 255 75 167 71 255 75 167 71 255 75 167 71 255 75 167 71 255 75 167 71 255 75 167 71 255 64 133 61 255 44 67 43 255 25 25 25 191 8 8 8 63 0 0 0 0 0 0 0 0 0 0 0 0 0 0 0 0 0 0 0 0 0 0 0 0 0 0 0 0 
0 0 0 0 0 0 0 0 0 0 0 0 6 6 6 47 19 19 19 143 35 52 34 207 54 106 52 239 67 142 64 255 72 158 68 255 75 167 71 255 75 167 71 255 75 167 71 255 75 167 71 255 75 167 71 255 75 167 71 255 75 167 71 255 75 167 71 255 75 167 71 255 75 167 71 255 75 167 71 255 75 167 71 255 64 133 61 255 44 67 43 255 25 25 25 191 8 8 8 63 0 0 0 0 0 0 0 0 0 0 0 0 0 0 0 0 0 0 0 0 0 0 0 0 0 0 0 0 
2 2 2 15 2 2 2 15 6 6 6 47 16 19 17 111 32 42 36 207 48 79 52 255 63 129 66 255 71 153 73 255 71 153 73 255 71 153 73 255 71 153 73 255 71 153 73 255 71 153 73 255 71 153 73 255 71 153 73 255 71 153 73 255 71 153 73 255 71 153 73 255 71 153 73 255 71 153 73 255 71 153 73 255 63 129 66 255 48 79 52 255 32 42 36 207 16 19 17 111 6 6 6 47 2 2 2 15 0 0 0 0 0 0 0 0 0 0 0 0 0 0 0 0 0 0 0 0 
6 6 6 47 6 6 6 47 19 19 19 143 32 42 36 207 47 77 57 239 56 103 70 255 61 119 74 255 64 127 77 255 64 127 77 255 64 127 77 255 64 127 77 255 64 127 77 255 64 127 77 255 64 127 77 255 64 127 77 255 64 127 77 255 64 127 77 255 64 127 77 255 64 127 77 255 64 127 77 255 64 127 77 255 61 119 74 255 56 103 70 255 47 77 57 239 32 42 36 207 19 19 19 143 6 6 6 47 0 0 0 0 0 0 0 0 0 0 0 0 0 0 0 0 0 0 0 0 
8 8 8 63 8 8 8 63 25 25 25 191 39 49 42 255 49 79 59 255 54 94 67 255 54 94 67 255 54 94 67 255 54 94 67 255 54 94 67 255 54 94 67 255 54 94 67 255 54 94 67 255 54 94 67 255 54 94 67 255 54 94 67 255 54 94 67 255 54 94 67 255 54 94 67 255 54 94 67 255 54 94 67 255 54 94 67 255 54 94 67 255 49 79 59 255 39 49 42 255 25 25 25 191 8 8 8 63 0 0 0 0 0 0 0 0 0 0 0 0 0 0 0 0 0 0 0 0 
8 8 8 63 8 8 8 63 25 25 25 191 35 39 36 255 39 49 42 255 40 54 45 255 40 54 45 255 40 54 45 255 40 54 45 255 40 54 45 255 40 54 45 255 40 54 45 255 40 54 45 255 40 54 45 255 40 54 45 255 40 54 45 255 40 54 45 255 40 54 45 255 40 54 45 255 40 54 45 255 40 54 45 255 40 54 45 255 40 54 45 255 39 49 42 255 35 39 36 255 25 25 25 191 8 8 8 63 0 0 0 0 0 0 0 0 0 0 0 0 0 0 0 0 0 0 0 0 
8 8 8 63 8 8 8 63 25 25 25 191 35 39 36 255 39 49 42 255 40 54 45 255 40 54 45 255 40 54 45 255 40 54 45 255 40 54 45 255 40 54 45 255 40 54 45 255 40 54 45 255 40 54 45 255 40 54 45 255 40 54 45 255 40 54 45 255 40 54 45 255 40 54 45 255 40 54 45 255 40 54 45 255 40 54 45 255 40 54 45 255 39 49 42 255 35 39 36 255 25 25 25 191 8 8 8 63 0 0 0 0 0 0 0 0 0 0 0 0 0 0 0 0 0 0 0 0 
