0 0 0 0 0 0 0 0 0 0 0 0 0 0 0 0 0 0 0 0 0 0 0 0 0 0 0 0 0 0 0 0 0 0 0 0 0 0 0 0 0 0 0 0 0 0 0 0 0 0 0 0 0 0 0 0 0 0 0 0 0 0 0 0 0 0 0 0 0 0 0 0 0 0 0 0 0 0 0 0 0 0 0 0 0 0 0 0 0 0 0 0 0 0 0 0 0 0 0 0 0 0 0 0 0 0 0 0 0 0 0 0 0 0 0 0 0 0 0 0 0 0 0 0 0 0 0 0 
0 0 0 0 0 0 0 0 0 0 0 0 0 0 0 0 0 0 0 0 0 0 0 0 0 0 0 0 0 0 0 0 0 0 0 0 0 0 0 0 0 0 0 0 0 0 0 0 0 0 0 0 0 0 0 0 0 0 0 0 0 0 0 0 0 0 0 0 0 0 0 0 0 0 0 0 0 0 0 0 0 0 0 0 0 0 0 0 0 0 0 0 0 0 0 0 0 0 0 0 0 0 0 0 0 0 0 0 0 0 0 0 0 0 0 0 0 0 0 0 0 0 0 0 0 0 0 0 
0 0 0 0 0 0 0 0 0 0 0 0 0 0 0 0 0 0 0 0 0 0 0 0 0 0 0 0 0 0 0 0 0 0 0 0 0 0 0 0 0 0 0 0 0 0 0 0 0 0 0 0 0 0 0 0 0 0 0 0 0 0 0 0 0 0 0 0 0 0 0 0 0 0 0 0 0 0 0 0 0 0 0 0 0 0 0 0 0 0 0 0 0 0 0 0 0 0 0 0 0 0 0 0 0 0 0 0 0 0 0 0 0 0 0 0 0 0 0 0 0 0 0 0 0 0 0 0 
0 0 0 0 0 0 0 0 0 0 0 0 0 0 0 0 0 0 0 0 0 0 0 0 0 0 0 0 0 0 0 0 0 0 0 0 0 0 0 0 0 0 0 0 0 0 0 0 0 0 0 0 0 0 0 0 0 0 0 0 0 0 0 0 0 0 0 0 0 0 0 0 0 0 0 0 0 0 0 0 0 0 0 0 0 0 0 0 0 0 0 0 0 0 0 0 0 0 0 0 0 0 0 0 0 0 0 0 0 0 0 0 0 0 0 0 0 0 0 0 0 0 0 0 0 0 0 0 
0 0 0 0 0 0 0 0 0 0 0 0 0 0 0 0 0 0 0 0 0 0 0 0 0 0 0 0 0 0 0 0 0 0 0 0 0 0 0 0 0 0 0 0 0 0 0 0 0 0 0 0 0 0 0 0 0 0 0 0 0 0 0 0 0 0 0 0 0 0 0 0 0 0 0 0 0 0 0 0 0 0 0 0 0 0 0 0 0 0 0 0 0 0 0 0 0 0 0 0 0 0 0 0 0 0 0 0 0 0 0 0 0 0 0 0 0 0 0 0 0 0 0 0 0 0 0 0 
0 0 0 0 0 0 0 0 0 0 0 0 0 0 0 0 0 0 0 0 0 0 0 0 0 0 0 0 0 0 0 0 0 0 0 0 0 0 0 0 0 0 0 0 0 0 0 0 0 0 0 0 0 0 0 0 0 0 0 0 0 0 0 0 0 0 0 0 0 0 0 0 0 0 0 0 0 0 0 0 0 0 0 0 0 0 0 0 0 0 0 0 0 0 0 0 0 0 0 0 0 0 0 0 0 0 0 0 0 0 0 0 0 0 0 0 0 0 0 0 0 0 0 0 0 0 0 0 
0 0 0 0 0 0 0 0 0 0 0 0 0 0 0 0 0 0 0 0 0 0 0 0 0 0 0 0 0 0 0 0 0 0 0 0 0 0 0 0 0 0 0 0 0 0 0 0 0 0 0 0 0 0 0 0 0 0 0 0 0 0 0 0 0 0 0 0 0 0 0 0 0 0 0 0 0 0 0 0 0 0 0 0 0 0 0 0 0 0 0 0 0 0 0 0 0 0 0 0 0 0 0 0 0 0 0 0 0 0 0 0 0 0 0 0 0 0 0 0 0 0 0 0 0 0 0 0 
0 0 0 0 0 0 0 0 0 0 0 0 0 0 0 0 0 0 0 0 0 0 0 0 0 0 0 0 0 0 0 0 0 0 0 0 0 0 0 0 0 0 0 0 0 0 0 0 0 0 0 0 0 0 0 0 0 0 0 0 0 0 0 0 0 0 0 0 0 0 0 0 0 0 0 0 0 0 0 0 0 0 0 0 0 0 0 0 0 0 0 0 0 0 0 0 0 0 0 0 0 0 0 0 0 0 0 0 0 0 0 0 0 0 0 0 0 0 0 0 0 0 0 0 0 0 0 0 
0 0 0 0 0 0 0 0 0 0 0 0 0 0 0 0 0 0 0 0 0 0 0 0 0 0 0 0 0 0 0 0 0 0 0 0 0 0 0 0 0 0 0 0 0 0 0 0 0 0 0 0 0 0 0 0 0 0 0 0 0 0 0 0 0 0 0 0 0 0 0 0 0 0 0 0 0 0 0 0 0 0 0 0 0 0 0 0 0 0 0 0 0 0 0 0 0 0 0 0 0 0 0 0 0 0 0 0 0 0 0 0 0 0 0 0 0 0 0 0 0 0 0 0 0 0 0 0 
0 0 0 0 0 0 0 0 0 0 0 0 0 0 0 0 0 0 0 0 0 0 0 0 0 0 0 0 0 0 0 0 0 0 0 0 0 0 0 0 0 0 0 0 0 0 0 0 0 0 0 0 0 0 0 0 0 0 0 0 0 0 0 0 0 0 0 0 0 0 0 0 0 0 0 0 0 0 0 0 0 0 0 0 0 0 0 0 0 0 0 0 0 0 0 0 0 0 0 0 0 0 0 0 0 0 0 0 0 0 0 0 0 0 0 0 0 0 0 0 0 0 0 0 0 0 0 0 
0 0 0 0 0 0 0 0 0 0 0 0 0 0 0 0 0 0 0 0 0 0 0 0 0 0 0 0 0 0 0 0 0 0 0 0 0 0 0 0 0 0 0 0 0 0 0 0 0 0 0 0 0 0 0 0 0 0 0 0 0 0 0 0 0 0 0 0 0 0 0 0 0 0 0 0 0 0 0 0 0 0 0 0 0 0 0 0 0 0 0 0 0 0 0 0 0 0 0 0 0 0 0 0 0 0 0 0 0 0 0 0 0 0 0 0 0 0 0 0 0 0 0 0 0 0 0 0 
0 0 0 0 0 0 0 0 0 0 0 0 0 0 0 0 0 0 0 0 0 0 0 0 0 0 0 0 0 0 0 0 0 0 0 0 0 0 0 0 0 0 0 0 0 0 0 0 0 0 0 0 0 0 0 0 0 0 0 0 0 0 0 0 0 0 0 0 0 0 0 0 0 0 0 0 0 0 0 0 0 0 0 0 0 0 0 0 0 0 0 0 0 0 0 0 0 0 0 0 0 0 0 0 0 0 0 0 0 0 0 0 0 0 0 0 0 0 0 0 0 0 0 0 0 0 0 0 
0 0 0 0 0 0 0 0 0 0 0 0 0 0 0 0 0 0 0 0 0 0 0 0 0 0 0 0 0 0 0 0 0 0 0 0 0 0 0 0 0 0 0 0 0 0 0 0 0 0 0 0 0 0 0 0 0 0 0 0 0 0 0 0 0 0 0 0 0 0 0 0 0 0 0 0 0 0 0 0 0 0 0 0 0 0 0 0 0 0 0 0 0 0 0 0 0 0 0 0 0 0 0 0 0 0 0 0 0 0 0 0 0 0 0 0 0 0 0 0 0 0 0 0 0 0 0 0 
0 0 0 0 0 0 0 0 0 0 0 0 0 0 0 0 0 0 0 0 0 0 0 0 0 0 0 0 0 0 0 0 0 0 0 0 0 0 0 0 0 0 0 0 0 0 0 0 0 0 0 0 0 0 0 0 0 0 0 0 0 0 0 0 0 0 0 0 0 0 0 0 0 0 0 0 0 0 0 0 0 0 0 0 0 0 0 0 0 0 0 0 0 0 0 0 0 0 0 0 0 0 0 0 0 0 0 0 0 0 0 0 0 0 0 0 0 0 0 0 0 0 0 0 0 0 0 0 
0 0 0 0 0 0 0 0 0 0 0 0 0 0 0 0 0 0 0 0 0 0 0 0 0 0 0 0 0 0 0 0 0 0 0 0 0 0 0 0 0 0 0 0 0 0 0 0 0 0 0 0 0 0 0 0 0 0 0 0 0 0 0 0 0 0 0 0 0 0 0 0 0 0 0 0 0 0 0 0 0 0 0 0 0 0 0 0 0 0 0 0 0 0 0 0 0 0 0 0 0 0 0 0 0 0 0 0 0 0 0 0 0 0 0 0 0 0 0 0 0 0 0 0 0 0 0 0 
0 0 0 0 0 0 0 0 0 0 0 0 0 0 0 0 0 0 0 0 0 0 0 0 0 0 0 0 0 0 0 0 0 0 0 0 0 0 0 0 0 0 0 0 0 0 0 0 0 0 0 0 0 0 0 0 0 0 0 0 0 0 0 0 0 0 0 0 0 0 0 0 0 0 0 0 0 0 0 0 0 0 0 0 0 0 0 0 0 0 0 0 0 0 0 0 0 0 0 0 0 0 0 0 0 0 0 0 0 0 0 0 0 0 0 0 0 0 0 0 0 0 0 0 0 0 0 0 
0 0 0 0 0 0 0 0 0 0 0 0 0 0 0 0 0 0 0 0 0 0 0 0 0 0 0 0 0 0 0 0 0 0 0 0 0 0 0 0 0 0 0 0 0 0 0 0 0 0 0 0 0 0 0 0 0 0 0 0 0 0 0 0 0 0 0 0 0 0 0 0 0 0 0 0 0 0 0 0 0 0 0 0 0 0 0 0 0 0 0 0 0 0 0 0 0 0 0 0 0 0 0 0 0 0 0 0 0 0 0 0 0 0 0 0 0 0 0 0 0 0 0 0 0 0 0 0 
0 0 0 0 0 0 0 0 0 0 0 0 0 0 0 0 0 0 0 0 0 0 0 0 0 0 0 0 0 0 0 0 0 0 0 0 0 0 0 0 0 0 0 0 0 0 0 0 0 0 0 0 0 0 0 0 0 0 0 0 0 0 0 0 0 0 0 0 0 0 0 0 0 0 0 0 0 0 0 0 0 0 0 0 0 0 0 0 0 0 0 0 0 0 0 0 0 0 0 0 0 0 0 0 0 0 0 0 0 0 0 0 0 0 0 0 0 0 0 0 0 0 0 0 0 0 0 0 
0 0 0 0 0 0 0 0 0 0 0 0 0 0 0 0 0 0 0 0 0 0 0 0 0 0 0 0 0 0 0 0 0 0 0 0 0 0 0 0 0 0 0 0 0 0 0 0 0 0 0 0 0 0 0 0 0 0 0 0 0 0 0 0 0 0 0 0 0 0 0 0 0 0 0 0 0 0 0 0 0 0 0 0 0 0 0 0 0 0 0 0 0 0 0 0 0 0 0 0 0 0 0 0 0 0 0 0 0 0 0 0 0 0 0 0 0 0 0 0 0 0 0 0 0 0 0 0 
0 0 0 0 0 0 0 0 0 0 0 0 0 0 0 0 0 0 0 0 0 0 0 0 0 0 0 0 0 0 0 0 0 0 0 0 0 0 0 0 0 0 0 0 0 0 0 0 0 0 0 0 0 0 0 0 0 0 0 0 0 0 0 0 0 0 0 0 0 0 0 0 0 0 0 0 0 0 0 0 0 0 0 0 0 0 0 0 0 0 0 0 0 0 0 0 0 0 0 0 0 0 0 0 0 0 0 0 0 0 0 0 0 0 0 0 0 0 0 0 0 0 0 0 0 0 0 0 
0 0 0 0 0 0 0 0 0 0 0 0 0 0 0 0 0 0 0 0 0 0 0 0 0 0 0 0 0 0 0 0 0 0 0 0 0 0 0 0 0 0 0 0 0 0 0 0 0 0 0 0 0 0 0 0 0 0 0 0 0 0 0 0 0 0 0 0 0 0 0 0 0 0 0 0 0 0 0 0 0 0 0 0 0 0 0 0 0 0 0 0 0 0 0 0 0 0 0 0 0 0 0 0 0 0 0 0 0 0 0 0 0 0 0 0 0 0 0 0 0 0 0 0 0 0 0 0 
0 0 0 0 0 0 0 0 0 0 0 0 0 0 0 0 0 0 0 0 0 0 0 0 0 0 0 0 0 0 0 0 0 0 0 0 0 0 0 0 0 0 0 0 0 0 0 0 0 0 0 0 0 0 0 0 0 0 0 0 0 0 0 0 0 0 0 0 0 0 0 0 0 0 0 0 0 0 0 0 0 0 0 0 0 0 0 0 0 0 0 0 0 0 0 0 0 0 0 0 0 0 0 0 0 0 0 0 0 0 0 0 0 0 0 0 0 0 0 0 0 0 0 0 0 0 0 0 
0 0 0 0 0 0 0 0 0 0 0 0 0 0 0 0 0 0 0 0 0 0 0 0 0 0 0 0 0 0 0 0 0 0 0 0 0 0 0 0 0 0 0 0 0 0 0 0 0 0 0 0 0 0 0 0 0 0 0 0 0 0 0 0 0 0 0 0 0 0 0 0 0 0 0 0 0 0 0 0 0 0 0 0 0 0 0 0 0 0 0 0 0 0 0 0 0 0 0 0 0 0 0 0 0 0 0 0 0 0 0 0 0 0 0 0 0 0 0 0 0 0 0 0 0 0 0 0 
0 0 0 0 0 0 0 0 0 0 0 0 0 0 0 0 0 0 0 0 0 0 0 0 0 0 0 0 0 0 0 0 0 0 0 0 0 0 0 0 0 0 0 0 0 0 0 0 0 0 0 0 0 0 0 0 0 0 0 0 0 0 0 0 0 0 0 0 0 0 0 0 0 0 0 0 0 0 0 0 0 0 0 0 0 0 0 0 0 0 0 0 0 0 0 0 0 0 0 0 0 0 0 0 0 0 0 0 0 0 0 0 0 0 0 0 0 0 0 0 0 0 0 0 0 0 0 0 
0 0 0 0 0 0 0 0 0 0 0 0 0 0 0 0 0 0 0 0 0 0 0 0 0 0 0 0 0 0 0 0 0 0 0 0 0 0 0 0 0 0 0 0 0 0 0 0 0 0 0 0 0 0 0 0 0 0 0 0 0 0 0 0 0 0 0 0 0 0 0 0 0 0 0 0 0 0 0 0 0 0 0 0 0 0 0 0 0 0 0 0 0 0 0 0 0 0 0 0 0 0 0 0 0 0 0 0 0 0 0 0 0 0 0 0 0 0 0 0 0 0 0 0 0 0 0 0 
0 0 0 0 0 0 0 0 0 0 0 0 0 0 0 0 0 0 0 0 0 0 0 0 0 0 0 0 0 0 0 0 0 0 0 0 0 0 0 0 0 0 0 0 0 0 0 0 0 0 0 0 0 0 0 0 0 0 0 0 0 0 0 0 0 0 0 0 0 0 0 0 0 0 0 0 0 0 0 0 0 0 0 0 0 0 0 0 0 0 0 0 0 0 0 0 0 0 0 0 0 0 0 0 0 0 0 0 0 0 0 0 0 0 0 0 0 0 0 0 0 0 0 0 0 0 0 0 
0 0 0 0 0 0 0 0 0 0 0 0 0 0 0 0 0 0 0 0 0 0 0 0 0 0 0 0 0 0 0 0 0 0 0 0 0 0 0 0 0 0 0 0 0 0 0 0 0 0 0 0 0 0 0 0 0 0 0 0 0 0 0 0 0 0 0 0 0 0 0 0 0 0 0 0 0 0 0 0 0 0 0 0 0 0 0 0 0 0 0 0 0 0 0 0 0 0 0 0 0 0 0 0 0 0 0 0 0 0 0 0 0 0 0 0 0 0 0 0 0 0 0 0 0 0 0 0 
0 0 0 0 0 0 0 0 0 0 0 0 0 0 0 0 0 0 0 0 0 0 0 0 0 0 0 0 0 0 0 0 0 0 0 0 0 0 0 0 0 0 0 0 0 0 0 0 0 0 0 0 0 0 0 0 0 0 0 0 0 0 0 0 0 0 0 0 0 0 0 0 0 0 0 0 0 0 0 0 0 0 0 0 0 0 0 0 0 0 0 0 0 0 0 0 0 0 0 0 0 0 0 0 0 0 0 0 0 0 0 0 0 0 0 0 0 0 0 0 0 0 0 0 0 0 0 0 
0 0 0 0 0 0 0 0 0 0 0 0 0 0 0 0 0 0 0 0 0 0 0 0 0 0 0 0 0 0 0 0 0 0 0 0 0 0 0 0 0 0 0 0 0 0 0 0 0 0 0 0 0 0 0 0 0 0 0 0 0 0 0 0 0 0 0 0 0 0 0 0 0 0 0 0 0 0 0 0 0 0 0 0 0 0 0 0 0 0 0 0 0 0 0 0 0 0 0 0 0 0 0 0 0 0 0 0 0 0 0 0 0 0 0 0 0 0 0 0 0 0 0 0 0 0 0 0 
0 0 0 0 0 0 0 0 0 0 0 0 0 0 0 0 0 0 0 0 0 0 0 0 0 0 0 0 0 0 0 0 0 0 0 0 2 2 2 15 6 6 6 47 8 8 8 63 8 8 8 63 8 8 8 63 8 8 8 63 8 8 8 63 8 8 8 63 8 8 8 63 8 8 8 63 8 8 8 63 8 8 8 63 8 8 8 63 8 8 8 63 6 6 6 47 2 2 2 15 0 0 0 0 0 0 0 0 2 2 2 15 6 6 6 47 8 8 8 63 8 8 8 63 8 8 8 63 
0 0 0 0 0 0 0 0 0 0 0 0 0 0 0 0 0 0 0 0 0 0 0 0 0 0 0 0 0 0 0 0 0 0 0 0 6 6 6 47 19 19 19 143 25 25 25 191 25 25 25 191 25 25 25 191 25 25 25 191 25 25 25 191 25 25 25 191 25 25 25 191 25 25 25 191 25 25 25 191 25 25 25 191 25 25 25 191 25 25 25 191 19 19 19 143 6 6 6 47 0 0 0 0 0 0 0 0 6 6 6 47 19 19 19 143 25 25 25 191 25 25 25 191 25 25 25 191 
0 0 0 0 0 0 0 0 0 0 0 0 0 0 0 0 0 0 0 0 0 0 0 0 0 0 0 0 2 2 2 15 6 6 6 47 27 21 15 111 65 47 29 207 85 61 37 255 85 61 37 255 85 61 37 255 85 61 37 255 85 61 37 255 85 61 37 255 85 61 37 255 85 61 37 255 85 64 38 255 87 72 40 255 88 76 41 255 88 76 41 255 68 59 32 207 28 25 16 111 8 8 8 63 8 8 8 63 28 25 16 111 68 59 32 207 74 65 39 255 47 44 35 255 47 44 35 255 
0 0 0 0 0 0 0 0 0 0 0 0 0 0 0 0 0 0 0 0 0 0 0 0 0 0 0 0 6 6 6 47 19 19 19 143 65 47 29 207 146 92 38 239 187 115 42 255 187 115 42 255 187 115 42 255 187 115 42 255 187 115 42 255 187 115 42 255 187 115 42 255 187 115 42 255 189 126 46 255 193 149 52 255 195 160 54 255 195 160 54 255 153 126 47 239 68 59 32 207 25 25 25 191 25 25 25 191 68 59 32 207 153 126 47 239 155 129 49 255 74 65 39 255 74 65 39 255 
0 0 0 0 0 0 0 0 0 0 0 0 2 2 2 15 6 6 6 47 8 8 8 63 8 8 8 63 27 21 15 111 65 47 29 207 124 85 40 255 202 133 46 255 241 157 50 255 241 157 50 255 241 157 50 255 241 157 50 255 241 157 50 255 241 157 50 255 241 157 50 255 241 157 50 255 243 168 53 255 247 191 59 255 250 203 62 255 250 203 62 255 209 171 56 255 128 107 46 255 88 76 41 255 88 76 41 255 114 97 44 255 169 139 51 255 153 126 47 239 68 59 32 207 68 59 32 207 
0 0 0 0 0 0 0 0 0 0 0 0 6 6 6 47 19 19 19 143 25 25 25 191 25 25 25 191 65 47 29 207 146 92 38 239 202 133 46 255 232 169 54 255 247 187 58 255 246 187 58 255 247 187 58 255 246 187 58 255 247 187 58 255 246 187 58 255 246 187 58 255 246 187 58 255 247 191 58 255 249 199 60 255 250 203 62 255 250 203 62 255 236 192 60 255 209 171 56 255 195 160 54 255 195 160 54 255 169 139 51 255 114 97 44 255 68 59 32 207 28 25 16 111 28 25 16 111 
2 2 2 15 2 2 2 15 6 6 6 47 26 17 16 111 62 35 31 207 80 45 39 255 80 45 39 255 118 65 41 255 194 105 46 255 237 145 51 255 245 183 58 255 250 203 62 255 250 202 62 255 250 203 62 255 250 202 62 255 250 203 62 255 250 202 62 255 250 203 62 255 250 203 62 255 250 203 62 255 250 203 62 255 250 203 62 255 250 203 62 255 249 199 60 255 247 191 58 255 234 181 57 255 208 167 55 255 153 126 47 239 68 59 32 207 19 19 19 143 6 6 6 47 6 6 6 47 
6 6 6 47 6 6 6 47 19 19 19 143 62 35 31 207 135 56 44 239 171 67 50 255 171 67 50 255 184 73 51 255 210 87 52 255 229 121 55 255 243 175 59 255 250 203 62 255 250 202 62 255 250 203 62 255 250 202 62 255 250 203 62 255 250 202 62 255 250 203 62 255 250 203 62 255 250 203 62 255 250 203 62 255 250 203 62 255 250 203 62 255 247 191 59 255 243 168 53 255 202 137 47 255 126 96 43 255 68 59 32 207 28 25 16 111 6 6 6 47 2 2 2 15 2 2 2 15 
8 8 8 63 8 8 8 63 25 25 25 191 80 45 39 255 172 67 50 255 218 78 56 255 218 78 56 255 218 78 56 255 218 78 56 255 225 105 56 255 239 160 57 255 247 191 65 255 249 199 79 255 250 203 87 255 250 202 87 255 250 203 87 255 250 202 87 255 250 203 87 255 250 203 87 255 250 203 87 255 250 203 87 255 250 203 87 255 250 203 87 255 247 187 76 255 241 157 56 255 184 112 40 239 78 54 30 207 19 19 19 143 6 6 6 47 0 0 0 0 0 0 0 0 0 0 0 0 
8 8 8 63 8 8 8 63 25 25 25 191 80 45 39 255 172 67 50 255 218 78 56 255 218 78 56 255 218 78 56 255 218 78 56 255 223 97 54 255 235 137 51 255 243 168 71 255 248 191 115 255 251 203 137 255 251 202 137 255 251 203 137 255 251 202 137 255 251 203 137 255 251 203 137 255 251 203 137 255 251 203 137 255 251 203 137 255 251 203 137 255 248 187 114 255 241 157 68 255 180 108 36 207 65 41 17 111 6 6 6 47 2 2 2 15 0 0 0 0 0 0 0 0 0 0 0 0 
8 8 8 63 8 8 8 63 25 25 25 191 80 45 39 255 172 67 50 255 218 78 56 255 218 78 56 255 218 78 56 255 218 78 56 255 223 97 60 255 235 137 70 255 233 165 99 255 218 182 148 255 210 190 173 255 210 190 173 255 220 193 170 255 241 199 165 255 252 203 163 255 252 203 163 255 252 203 163 255 252 203 163 255 241 199 165 255 220 193 170 255 204 171 140 255 192 133 75 255 140 86 32 191 46 28 10 63 0 0 0 0 0 0 0 0 0 0 0 0 0 0 0 0 0 0 0 0 
8 8 8 63 8 8 8 63 25 25 25 191 80 45 39 255 172 67 50 255 218 78 56 255 218 78 56 255 218 78 56 255 218 78 56 255 225 105 75 255 240 160 114 255 218 181 148 255 157 170 178 255 127 164 193 255 127 164 193 255 158 174 186 255 220 193 170 255 252 203 163 255 252 203 163 255 252 203 163 255 252 203 163 255 220 193 170 255 158 174 186 255 116 138 154 255 95 86 76 255 63 45 27 191 21 15 9 63 0 0 0 0 0 0 0 0 0 0 0 0 0 0 0 0 0 0 0 0 
6 6 6 47 6 6 6 47 19 19 19 143 62 35 31 207 135 56 44 239 184 73 51 255 210 87 52 255 223 97 54 255 225 105 56 255 232 132 83 255 245 179 136 255 210 190 173 255 127 164 193 255 86 152 204 255 86 152 204 255 127 164 193 255 210 190 173 255 252 203 163 255 252 203 163 255 252 203 163 255 252 203 163 255 210 190 173 255 127 164 193 255 73 122 161 255 47 63 76 255 25 25 25 191 8 8 8 63 0 0 0 0 0 0 0 0 0 0 0 0 0 0 0 0 0 0 0 0 
2 2 2 15 2 2 2 15 6 6 6 47 26 17 16 111 62 35 31 207 118 65 41 255 194 105 46 255 235 137 51 255 239 160 57 255 244 179 86 255 249 195 137 255 210 190 173 255 127 164 193 255 86 152 204 255 86 152 204 255 127 164 193 255 210 190 173 255 252 203 163 255 252 203 163 255 252 203 163 255 252 203 163 255 210 190 173 255 127 164 193 255 73 122 161 255 47 63 76 255 25 25 25 191 8 8 8 63 0 0 0 0 0 0 0 0 0 0 0 0 0 0 0 0 0 0 0 0 
0 0 0 0 0 0 0 0 0 0 0 0 8 8 8 63 25 25 25 191 85 61 37 255 187 115 43 255 241 157 50 255 247 187 58 255 250 203 87 255 251 202 137 255 220 193 170 255 158 174 186 255 127 164 193 255 127 164 193 255 158 174 186 255 220 193 170 255 252 203 163 255 252 203 163 255 252 203 163 255 252 203 163 255 220 193 170 255 158 174 186 255 104 132 153 255 57 66 73 255 25 25 25 191 8 8 8 63 0 0 0 0 0 0 0 0 0 0 0 0 0 0 0 0 0 0 0 0 
0 0 0 0 0 0 0 0 0 0 0 0 8 8 8 63 25 25 25 191 85 61 37 255 187 115 43 255 241 157 50 255 247 187 58 255 250 203 87 255 251 202 137 255 241 199 165 255 220 193 170 255 210 190 173 255 210 190 173 255 220 193 170 255 241 199 165 255 252 203 163 255 252 203 163 255 252 203 163 255 252 203 163 255 241 199 165 255 220 193 170 255 166 151 138 255 78 73 68 255 25 25 25 191 8 8 8 63 0 0 0 0 0 0 0 0 0 0 0 0 0 0 0 0 0 0 0 0 
0 0 0 0 0 0 0 0 0 0 0 0 8 8 8 63 25 25 25 191 85 61 37 255 187 115 43 255 241 157 50 255 247 187 58 255 250 203 80 255 251 202 118 255 251 203 144 255 251 202 156 255 252 203 163 255 252 202 163 255 252 203 163 255 252 202 163 255 252 203 163 255 252 203 163 255 252 203 163 255 252 203 163 255 252 203 163 255 252 203 163 255 197 160 130 255 88 76 66 255 25 25 25 191 8 8 8 63 0 0 0 0 0 0 0 0 0 0 0 0 0 0 0 0 0 0 0 0 
0 0 0 0 0 0 0 0 0 0 0 0 8 8 8 63 25 25 25 191 85 61 37 255 187 115 43 255 241 157 50 255 247 187 58 255 250 203 68 255 250 202 80 255 250 203 106 255 251 202 144 255 252 203 163 255 252 202 163 255 252 203 163 255 252 202 163 255 252 203 163 255 252 203 163 255 252 203 163 255 252 203 163 255 252 203 163 255 252 203 163 255 197 160 130 255 88 76 66 255 25 25 25 191 8 8 8 63 0 0 0 0 0 0 0 0 0 0 0 0 0 0 0 0 0 0 0 0 
2 2 2 15 2 2 2 15 6 6 6 47 27 21 15 111 65 47 29 207 123 81 39 255 199 121 43 255 241 157 50 255 247 187 58 255 250 203 62 255 250 202 62 255 250 203 80 255 251 202 118 255 239 197 138 255 216 186 140 255 204 181 142 255 204 180 142 255 216 186 147 255 240 197 157 255 240 197 157 255 216 186 147 255 204 181 142 255 204 181 142 255 174 151 115 255 114 90 63 255 65 47 29 207 27 21 15 111 6 6 6 47 2 2 2 15 0 0 0 0 0 0 0 0 0 0 0 0 
6 6 6 47 6 6 6 47 19 19 19 143 65 47 29 207 146 92 38 239 199 121 43 255 225 135 45 255 241 157 50 255 247 187 58 255 250 203 62 255 250 202 62 255 250 203 68 255 250 202 80 255 215 186 90 255 144 153 96 255 108 136 99 255 108 136 99 255 144 153 115 255 216 186 147 255 216 186 147 255 144 153 115 255 108 136 99 255 108 136 99 255 128 131 85 255 167 120 57 255 146 92 38 239 65 47 29 207 19 19 19 143 6 6 6 47 0 0 0 0 0 0 0 0 0 0 0 0 
27 21 15 111 27 21 15 111 65 47 29 207 123 81 39 255 199 121 43 255 238 145 47 255 240 153 49 255 243 168 53 255 247 191 59 255 239 200 62 255 217 196 63 255 217 196 63 255 239 200 62 255 203 184 65 255 110 146 73 255 64 128 76 255 64 128 76 255 100 144 92 255 171 177 124 255 171 177 124 255 100 144 92 255 64 128 76 255 64 128 76 255 107 131 69 255 194 138 53 255 199 121 43 255 123 81 39 255 65 47 29 207 27 21 15 111 6 6 6 47 2 2 2 15 2 2 2 15 
65 47 29 207 65 47 29 207 146 92 38 239 199 121 43 255 225 135 45 255 240 153 49 255 244 176 55 255 247 191 59 255 249 199 61 255 217 196 63 255 151 182 67 255 151 182 67 255 217 196 63 255 205 190 64 255 116 166 70 255 71 154 72 255 71 154 72 255 83 159 78 255 107 170 88 255 107 170 88 255 83 159 78 255 71 154 72 255 71 154 72 255 113 151 66 255 196 145 52 255 225 135 45 255 199 121 43 255 146 92 38 239 65 47 29 207 19 19 19 143 6 6 6 47 6 6 6 47 
73 59 39 255 73 59 39 255 153 109 49 255 193 135 54 255 193 135 54 255 195 146 57 255 200 169 63 255 202 180 66 255 202 180 66 255 169 174 67 255 104 160 71 255 104 160 71 255 169 174 67 255 169 174 67 255 104 160 71 255 71 153 73 255 71 153 73 255 71 153 73 255 71 153 73 255 71 153 73 255 71 153 73 255 71 153 73 255 71 153 73 255 102 149 68 255 163 139 58 255 192 130 51 255 188 120 45 255 146 92 38 239 65 47 29 207 19 19 19 143 6 6 6 47 6 6 6 47 
51 55 43 255 51 55 43 255 87 99 61 255 105 121 70 255 105 121 70 255 105 125 71 255 107 133 73 255 108 136 74 255 108 136 74 255 97 134 75 255 75 130 76 255 75 130 76 255 97 134 75 255 97 134 75 255 75 130 76 255 64 127 77 255 64 127 77 255 64 127 77 255 64 127 77 255 64 127 77 255 64 127 77 255 64 127 77 255 64 127 77 255 74 126 75 255 95 123 72 255 100 106 62 255 90 76 45 255 65 47 29 207 27 21 15 111 6 6 6 47 2 2 2 15 2 2 2 15 
39 49 42 255 39 49 42 255 49 79 59 255 54 94 67 255 54 94 67 255 54 94 67 255 54 94 67 255 54 94 67 255 54 94 67 255 54 94 67 255 54 94 67 255 54 94 67 255 54 94 67 255 54 94 67 255 54 94 67 255 54 94 67 255 54 94 67 255 54 94 67 255 54 94 67 255 54 94 67 255 54 94 67 255 54 94 67 255 54 94 67 255 54 94 67 255 54 94 67 255 47 77 57 239 32 42 36 207 19 19 19 143 6 6 6 47 0 0 0 0 0 0 0 0 0 0 0 0 
35 39 36 255 35 39 36 255 39 49 42 255 40 54 45 255 40 54 45 255 40 54 45 255 40 54 45 255 40 54 45 255 40 54 45 255 40 54 45 255 40 54 45 255 40 54 45 255 40 54 45 255 40 54 45 255 40 54 45 255 40 54 45 255 40 54 45 255 40 54 45 255 40 54 45 255 40 54 45 255 40 54 45 255 40 54 45 255 40 54 45 255 40 54 45 255 40 54 45 255 32 42 36 207 16 19 17 111 6 6 6 47 2 2 2 15 0 0 0 0 0 0 0 0 0 0 0 0 
35 39 36 255 35 39 36 255 39 49 42 255 40 54 45 255 40 54 45 255 40 54 45 255 40 54 45 255 40 54 45 255 40 54 45 255 40 54 45 255 40 54 45 255 40 54 45 255 40 54 45 255 40 54 45 255 40 54 45 255 40 54 45 255 40 54 45 255 40 54 45 255 40 54 45 255 40 54 45 255 40 54 45 255 40 54 45 255 40 54 45 255 40 54 45 255 40 54 45 255 32 42 36 207 16 19 17 111 6 6 6 47 2 2 2 15 0 0 0 0 0 0 0 0 0 0 0 0 
