0 0 0 0 0 0 0 0 0 0 0 0 0 0 0 0 0 0 0 0 0 0 0 0 0 0 0 0 0 0 0 0 0 0 0 0 0 0 0 0 0 0 0 0 0 0 0 0 0 0 0 0 0 0 0 0 0 0 0 0 0 0 0 0 0 0 0 0 0 0 0 0 0 0 0 0 0 0 0 0 0 0 0 0 0 0 0 0 0 0 0 0 0 0 0 0 0 0 0 0 0 0 0 0 0 0 0 0 0 0 0 0 0 0 0 0 0 0 0 0 0 0 0 0 0 0 0 0 
0 0 0 0 0 0 0 0 0 0 0 0 0 0 0 0 0 0 0 0 0 0 0 0 0 0 0 0 0 0 0 0 0 0 0 0 0 0 0 0 0 0 0 0 0 0 0 0 0 0 0 0 0 0 0 0 0 0 0 0 0 0 0 0 0 0 0 0 0 0 0 0 0 0 0 0 0 0 0 0 0 0 0 0 0 0 0 0 0 0 0 0 0 0 0 0 0 0 0 0 0 0 0 0 0 0 0 0 0 0 0 0 0 0 0 0 0 0 0 0 0 0 0 0 0 0 0 0 
0 0 0 0 0 0 0 0 0 0 0 0 0 0 0 0 0 0 0 0 0 0 0 0 0 0 0 0 0 0 0 0 0 0 0 0 0 0 0 0 0 0 0 0 0 0 0 0 0 0 0 0 0 0 0 0 0 0 0 0 0 0 0 0 0 0 0 0 0 0 0 0 0 0 0 0 0 0 0 0 0 0 0 0 0 0 0 0 0 0 0 0 0 0 0 0 0 0 0 0 0 0 0 0 0 0 0 0 0 0 0 0 0 0 0 0 0 0 0 0 0 0 0 0 0 0 0 0 
0 0 0 0 0 0 0 0 0 0 0 0 0 0 0 0 0 0 0 0 0 0 0 0 0 0 0 0 0 0 0 0 0 0 0 0 0 0 0 0 0 0 0 0 0 0 0 0 0 0 0 0 0 0 0 0 0 0 0 0 0 0 0 0 0 0 0 0 0 0 0 0 0 0 0 0 0 0 0 0 0 0 0 0 0 0 0 0 0 0 0 0 0 0 0 0 0 0 0 0 0 0 0 0 0 0 0 0 0 0 0 0 0 0 0 0 0 0 0 0 0 0 0 0 0 0 0 0 
0 0 0 0 0 0 0 0 0 0 0 0 0 0 0 0 0 0 0 0 0 0 0 0 0 0 0 0 0 0 0 0 0 0 0 0 0 0 0 0 0 0 0 0 0 0 0 0 0 0 0 0 0 0 0 0 0 0 0 0 0 0 0 0 0 0 0 0 0 0 0 0 0 0 0 0 0 0 0 0 0 0 0 0 0 0 0 0 0 0 0 0 0 0 0 0 0 0 0 0 0 0 0 0 0 0 0 0 0 0 0 0 0 0 0 0 0 0 0 0 0 0 0 0 0 0 0 0 
0 0 0 0 0 0 0 0 0 0 0 0 0 0 0 0 0 0 0 0 0 0 0 0 0 0 0 0 0 0 0 0 0 0 0 0 0 0 0 0 0 0 0 0 0 0 0 0 0 0 0 0 0 0 0 0 0 0 0 0 0 0 0 0 0 0 0 0 0 0 0 0 0 0 0 0 0 0 0 0 0 0 0 0 0 0 0 0 0 0 0 0 0 0 0 0 0 0 0 0 0 0 0 0 0 0 0 0 0 0 0 0 0 0 0 0 0 0 0 0 0 0 0 0 0 0 0 0 
0 0 0 0 0 0 0 0 0 0 0 0 0 0 0 0 0 0 0 0 0 0 0 0 0 0 0 0 0 0 0 0 0 0 0 0 0 0 0 0 0 0 0 0 0 0 0 0 0 0 0 0 0 0 0 0 0 0 0 0 0 0 0 0 0 0 0 0 0 0 0 0 0 0 0 0 0 0 0 0 0 0 0 0 0 0 0 0 0 0 0 0 0 0 0 0 0 0 0 0 0 0 0 0 0 0 0 0 0 0 0 0 0 0 0 0 0 0 0 0 0 0 0 0 0 0 0 0 
0 0 0 0 0 0 0 0 0 0 0 0 0 0 0 0 0 0 0 0 0 0 0 0 0 0 0 0 0 0 0 0 0 0 0 0 0 0 0 0 0 0 0 0 0 0 0 0 0 0 0 0 0 0 0 0 0 0 0 0 0 0 0 0 0 0 0 0 0 0 0 0 0 0 0 0 0 0 0 0 0 0 0 0 0 0 0 0 0 0 0 0 0 0 0 0 0 0 0 0 0 0 0 0 0 0 0 0 0 0 0 0 0 0 0 0 0 0 0 0 0 0 0 0 0 0 0 0 
0 0 0 0 0 0 0 0 0 0 0 0 0 0 0 0 0 0 0 0 0 0 0 0 0 0 0 0 0 0 0 0 0 0 0 0 0 0 0 0 0 0 0 0 0 0 0 0 0 0 0 0 0 0 0 0 0 0 0 0 0 0 0 0 0 0 0 0 0 0 0 0 0 0 0 0 0 0 0 0 0 0 0 0 0 0 0 0 0 0 0 0 0 0 0 0 0 0 0 0 0 0 0 0 0 0 0 0 0 0 0 0 0 0 0 0 0 0 0 0 0 0 0 0 0 0 0 0 
0 0 0 0 0 0 0 0 0 0 0 0 0 0 0 0 0 0 0 0 0 0 0 0 0 0 0 0 0 0 0 0 0 0 0 0 0 0 0 0 0 0 0 0 0 0 0 0 0 0 0 0 0 0 0 0 0 0 0 0 0 0 0 0 0 0 0 0 0 0 0 0 0 0 0 0 0 0 0 0 0 0 0 0 0 0 0 0 0 0 0 0 0 0 0 0 0 0 0 0 0 0 0 0 0 0 0 0 0 0 0 0 0 0 0 0 0 0 0 0 0 0 0 0 0 0 0 0 
0 0 0 0 0 0 0 0 0 0 0 0 0 0 0 0 0 0 0 0 0 0 0 0 0 0 0 0 0 0 0 0 0 0 0 0 0 0 0 0 0 0 0 0 0 0 0 0 0 0 0 0 0 0 0 0 0 0 0 0 0 0 0 0 0 0 0 0 0 0 0 0 0 0 0 0 0 0 0 0 0 0 0 0 0 0 0 0 0 0 0 0 0 0 0 0 0 0 0 0 0 0 0 0 0 0 0 0 0 0 0 0 0 0 0 0 0 0 0 0 0 0 0 0 0 0 0 0 
0 0 0 0 0 0 0 0 0 0 0 0 0 0 0 0 0 0 0 0 0 0 0 0 0 0 0 0 0 0 0 0 0 0 0 0 0 0 0 0 0 0 0 0 0 0 0 0 0 0 0 0 0 0 0 0 0 0 0 0 0 0 0 0 0 0 0 0 0 0 0 0 0 0 0 0 0 0 0 0 0 0 0 0 0 0 0 0 0 0 0 0 0 0 0 0 0 0 0 0 0 0 0 0 0 0 0 0 0 0 0 0 0 0 0 0 0 0 0 0 0 0 0 0 0 0 0 0 
0 0 0 0 0 0 0 0 0 0 0 0 0 0 0 0 0 0 0 0 0 0 0 0 0 0 0 0 0 0 0 0 0 0 0 0 0 0 0 0 0 0 0 0 0 0 0 0 0 0 0 0 0 0 0 0 0 0 0 0 0 0 0 0 0 0 0 0 0 0 0 0 0 0 0 0 0 0 0 0 0 0 0 0 0 0 0 0 0 0 0 0 0 0 0 0 0 0 0 0 0 0 0 0 0 0 0 0 0 0 0 0 0 0 0 0 0 0 0 0 0 0 0 0 0 0 0 0 
0 0 0 0 0 0 0 0 0 0 0 0 0 0 0 0 0 0 0 0 0 0 0 0 0 0 0 0 0 0 0 0 0 0 0 0 0 0 0 0 0 0 0 0 0 0 0 0 0 0 0 0 0 0 0 0 0 0 0 0 0 0 0 0 0 0 0 0 0 0 0 0 0 0 0 0 0 0 0 0 0 0 0 0 0 0 0 0 0 0 0 0 0 0 0 0 0 0 0 0 0 0 0 0 0 0 0 0 0 0 0 0 0 0 0 0 0 0 0 0 0 0 0 0 0 0 0 0 
0 0 0 0 0 0 0 0 0 0 0 0 0 0 0 0 0 0 0 0 0 0 0 0 0 0 0 0 0 0 0 0 0 0 0 0 0 0 0 0 0 0 0 0 0 0 0 0 0 0 0 0 0 0 0 0 0 0 0 0 0 0 0 0 0 0 0 0 0 0 0 0 0 0 0 0 0 0 0 0 0 0 0 0 0 0 0 0 0 0 0 0 0 0 0 0 0 0 0 0 0 0 0 0 0 0 0 0 0 0 0 0 0 0 0 0 0 0 0 0 0 0 0 0 0 0 0 0 
0 0 0 0 0 0 0 0 0 0 0 0 0 0 0 0 0 0 0 0 0 0 0 0 0 0 0 0 0 0 0 0 0 0 0 0 0 0 0 0 0 0 0 0 0 0 0 0 0 0 0 0 0 0 0 0 0 0 0 0 0 0 0 0 0 0 0 0 0 0 0 0 0 0 0 0 0 0 0 0 0 0 0 0 0 0 0 0 0 0 0 0 0 0 0 0 0 0 0 0 0 0 0 0 0 0 0 0 0 0 0 0 0 0 0 0 0 0 0 0 0 0 0 0 0 0 0 0 
0 0 0 0 0 0 0 0 0 0 0 0 0 0 0 0 0 0 0 0 0 0 0 0 0 0 0 0 0 0 0 0 0 0 0 0 0 0 0 0 0 0 0 0 0 0 0 0 0 0 0 0 0 0 0 0 0 0 0 0 0 0 0 0 0 0 0 0 0 0 0 0 0 0 0 0 0 0 0 0 0 0 0 0 0 0 0 0 0 0 0 0 0 0 0 0 0 0 0 0 0 0 0 0 0 0 0 0 0 0 0 0 0 0 0 0 0 0 0 0 0 0 0 0 0 0 0 0 
0 0 0 0 0 0 0 0 0 0 0 0 0 0 0 0 0 0 0 0 0 0 0 0 0 0 0 0 0 0 0 0 0 0 0 0 0 0 0 0 0 0 0 0 0 0 0 0 0 0 0 0 0 0 0 0 0 0 0 0 0 0 0 0 0 0 0 0 0 0 0 0 0 0 0 0 0 0 0 0 0 0 0 0 0 0 0 0 0 0 0 0 0 0 0 0 0 0 0 0 0 0 0 0 0 0 0 0 0 0 0 0 0 0 0 0 0 0 0 0 0 0 0 0 0 0 0 0 
0 0 0 0 0 0 0 0 0 0 0 0 0 0 0 0 0 0 0 0 0 0 0 0 0 0 0 0 0 0 0 0 0 0 0 0 0 0 0 0 0 0 0 0 0 0 0 0 0 0 0 0 0 0 0 0 0 0 0 0 0 0 0 0 0 0 0 0 0 0 0 0 0 0 0 0 0 0 0 0 0 0 0 0 0 0 0 0 0 0 0 0 0 0 0 0 0 0 0 0 0 0 0 0 0 0 0 0 0 0 0 0 0 0 0 0 0 0 0 0 0 0 0 0 0 0 0 0 
0 0 0 0 0 0 0 0 0 0 0 0 0 0 0 0 0 0 0 0 0 0 0 0 0 0 0 0 2 2 2 15 6 6 6 47 8 8 8 63 8 8 8 63 8 8 8 63 8 8 8 63 8 8 8 63 8 8 8 63 8 8 8 63 8 8 8 63 8 8 8 63 8 8 8 63 8 8 8 63 8 8 8 63 8 8 8 63 8 8 8 63 8 8 8 63 8 8 8 63 6 6 6 47 2 2 2 15 0 0 0 0 0 0 0 0 0 0 0 0 0 0 0 0 0 0 0 0 
0 0 0 0 0 0 0 0 0 0 0 0 0 0 0 0 0 0 0 0 0 0 0 0 0 0 0 0 6 6 6 47 19 19 19 143 25 25 25 191 25 25 25 191 25 25 25 191 25 25 25 191 25 25 25 191 25 25 25 191 25 25 25 191 25 25 25 191 25 25 25 191 25 25 25 191 25 25 25 191 25 25 25 191 25 25 25 191 25 25 25 191 25 25 25 191 25 25 25 191 19 19 19 143 6 6 6 47 0 0 0 0 0 0 0 0 0 0 0 0 0 0 0 0 0 0 0 0 
0 0 0 0 0 0 0 0 0 0 0 0 0 0 0 0 0 0 0 0 2 2 2 15 6 6 6 47 27 21 15 111 65 47 29 207 84 60 36 255 84 60 36 255 84 60 36 255 84 60 36 255 84 60 36 255 84 60 36 255 85 64 37 255 87 72 39 255 87 76 40 255 87 76 40 255 87 76 40 255 87 76 40 255 87 76 40 255 87 76 40 255 87 76 40 255 87 76 40 255 68 59 32 207 28 25 16 111 8 8 8 63 8 8 8 63 6 6 6 47 2 2 2 15 2 2 2 15 
0 0 0 0 0 0 0 0 0 0 0 0 0 0 0 0 0 0 0 0 6 6 6 47 19 19 19 143 65 47 29 207 146 92 38 239 186 114 42 255 186 114 42 255 186 114 42 255 186 114 42 255 186 114 42 255 186 114 42 255 189 126 45 255 193 149 51 255 195 160 54 255 195 160 54 255 195 160 54 255 195 160 54 255 195 160 54 255 195 160 54 255 195 160 54 255 195 160 54 255 153 126 47 239 68 59 32 207 25 25 25 191 25 25 25 191 19 19 19 143 6 6 6 47 6 6 6 47 
0 0 0 0 0 0 0 0 0 0 0 0 2 2 2 15 6 6 6 47 27 21 15 111 65 47 29 207 123 81 39 255 199 121 43 255 238 145 47 255 240 153 48 255 240 157 49 255 240 157 49 255 240 157 49 255 240 157 49 255 243 168 52 255 247 191 59 255 250 202 62 255 250 202 62 255 250 202 62 255 250 202 62 255 250 202 62 255 250 202 62 255 250 202 62 255 250 202 62 255 209 171 56 255 128 107 46 255 87 76 40 255 87 76 40 255 68 59 32 207 28 25 16 111 28 25 16 111 
0 0 0 0 0 0 0 0 0 0 0 0 6 6 6 47 19 19 19 143 65 47 29 207 146 92 38 239 199 121 43 255 225 135 45 255 240 153 49 255 244 176 55 255 247 187 58 255 246 187 58 255 247 187 58 255 246 187 58 255 247 191 59 255 249 199 61 255 250 203 62 255 250 203 62 255 250 203 62 255 250 203 62 255 250 203 62 255 250 203 62 255 250 203 62 255 250 203 62 255 236 192 60 255 209 171 56 255 195 160 54 255 195 160 54 255 153 126 47 239 68 59 32 207 68 59 32 207 
0 0 0 0 0 0 0 0 0 0 0 0 8 8 8 63 25 25 25 191 85 61 37 255 187 115 43 255 238 142 46 255 238 142 46 255 240 153 49 255 244 176 55 255 247 187 58 255 246 187 58 255 246 190 64 255 244 195 77 255 244 197 83 255 243 197 83 255 243 197 83 255 243 197 83 255 245 199 78 255 248 201 67 255 250 203 62 255 250 203 62 255 249 199 60 255 247 191 58 255 234 181 57 255 208 167 55 255 195 160 54 255 195 160 54 255 153 126 47 239 68 59 32 207 68 59 32 207 
0 0 0 0 0 0 0 0 0 0 0 0 8 8 8 63 25 25 25 191 85 61 37 255 187 115 43 255 238 142 46 255 238 142 46 255 238 145 47 255 240 153 49 255 241 157 50 255 241 157 50 255 238 164 69 255 234 179 107 255 232 187 126 255 232 187 126 255 232 187 126 255 232 187 126 255 236 191 110 255 245 199 78 255 250 203 62 255 250 203 62 255 247 191 59 255 243 168 53 255 202 137 47 255 126 96 43 255 88 76 41 255 88 76 41 255 68 59 32 207 28 25 16 111 28 25 16 111 
0 0 0 0 0 0 0 0 0 0 0 0 8 8 8 63 25 25 25 191 72 54 36 255 148 94 40 255 199 121 43 255 225 135 45 255 237 144 52 255 235 149 65 255 235 152 71 255 235 152 71 255 234 160 91 255 233 178 131 255 232 187 151 255 232 187 151 255 232 187 151 255 232 187 151 255 235 189 134 255 241 195 100 255 243 197 83 255 243 197 83 255 229 177 73 255 201 135 53 255 146 92 38 239 65 47 29 207 25 25 25 191 25 25 25 191 19 19 19 143 6 6 6 47 6 6 6 47 
0 0 0 0 0 0 0 0 0 0 0 0 8 8 8 63 25 25 25 191 46 40 34 255 72 54 36 255 123 81 39 255 199 121 43 255 235 149 65 255 231 164 103 255 228 172 122 255 228 172 122 255 233 178 131 255 241 191 150 255 245 197 159 255 245 197 159 255 245 197 159 255 245 197 159 255 242 195 151 255 235 189 134 255 232 187 126 255 232 187 126 255 195 155 104 255 121 92 59 255 65 47 29 207 27 21 15 111 8 8 8 63 8 8 8 63 6 6 6 47 2 2 2 15 2 2 2 15 
2 2 2 15 2 2 2 15 6 6 6 47 28 25 22 111 68 59 51 207 74 65 58 255 47 44 42 255 84 63 43 255 184 122 62 255 234 160 91 255 233 178 131 255 232 187 151 255 232 187 151 255 237 191 154 255 247 199 160 255 252 203 163 255 252 202 163 255 252 203 163 255 252 203 163 255 247 199 160 255 237 191 154 255 232 187 151 255 232 187 151 255 182 148 122 255 83 72 63 255 25 25 25 191 8 8 8 63 0 0 0 0 0 0 0 0 0 0 0 0 0 0 0 0 0 0 0 0 
6 6 6 47 6 6 6 47 19 19 19 143 68 59 51 207 154 126 104 239 156 129 106 255 74 65 58 255 82 68 56 255 180 137 100 255 233 178 131 255 241 191 150 255 245 197 159 255 245 197 159 255 247 199 160 255 250 201 162 255 252 203 163 255 252 202 163 255 252 203 163 255 252 203 163 255 250 201 162 255 247 199 160 255 245 197 159 255 245 197 159 255 192 156 127 255 86 74 65 255 25 25 25 191 8 8 8 63 0 0 0 0 0 0 0 0 0 0 0 0 0 0 0 0 0 0 0 0 
6 6 6 47 6 6 6 47 19 19 19 143 68 59 51 207 154 126 104 239 170 139 114 255 115 97 82 255 122 102 86 255 191 155 127 255 232 187 151 255 245 197 159 255 241 199 165 255 220 193 170 255 210 190 173 255 210 190 173 255 220 193 170 255 241 199 165 255 252 203 163 255 252 203 163 255 252 203 163 255 252 203 163 255 241 199 165 255 220 193 170 255 166 151 138 255 78 73 68 255 25 25 25 191 8 8 8 63 0 0 0 0 0 0 0 0 0 0 0 0 0 0 0 0 0 0 0 0 
2 2 2 15 2 2 2 15 6 6 6 47 28 25 22 111 68 59 51 207 115 97 82 255 170 139 114 255 204 166 135 255 218 176 143 255 232 187 151 255 245 197 159 255 220 193 170 255 158 174 186 255 127 164 193 255 127 164 193 255 158 174 186 255 220 193 170 255 252 203 163 255 252 203 163 255 252 203 163 255 252 203 163 255 220 193 170 255 158 174 186 255 104 132 153 255 57 66 73 255 25 25 25 191 8 8 8 63 0 0 0 0 0 0 0 0 0 0 0 0 0 0 0 0 0 0 0 0 
0 0 0 0 0 0 0 0 0 0 0 0 8 8 8 63 25 25 25 191 88 76 66 255 197 160 130 255 247 199 160 255 237 191 154 255 237 191 154 255 247 199 160 255 210 190 173 255 127 164 193 255 86 152 204 255 86 152 204 255 127 164 193 255 210 190 173 255 252 203 163 255 252 203 163 255 252 203 163 255 252 203 163 255 210 190 173 255 127 164 193 255 73 122 161 255 47 63 76 255 25 25 25 191 8 8 8 63 0 0 0 0 0 0 0 0 0 0 0 0 0 0 0 0 0 0 0 0 
0 0 0 0 0 0 0 0 0 0 0 0 8 8 8 63 25 25 25 191 88 76 66 255 197 160 130 255 250 201 162 255 247 199 160 255 247 199 160 255 250 201 162 255 210 190 173 255 127 164 193 255 86 152 204 255 86 152 204 255 127 164 193 255 210 190 173 255 252 203 163 255 252 203 163 255 252 203 163 255 252 203 163 255 210 190 173 255 127 164 193 255 73 122 161 255 47 63 76 255 25 25 25 191 8 8 8 63 0 0 0 0 0 0 0 0 0 0 0 0 0 0 0 0 0 0 0 0 
0 0 0 0 0 0 0 0 0 0 0 0 8 8 8 63 25 25 25 191 87 72 58 255 194 149 108 255 249 191 141 255 251 199 155 255 252 203 163 255 252 202 163 255 219 192 169 255 153 170 183 255 121 159 190 255 121 159 190 255 153 170 183 255 219 192 169 255 252 203 163 255 252 203 163 255 252 203 163 255 252 203 163 255 219 192 169 255 153 170 183 255 99 128 151 255 55 65 73 255 25 25 25 191 8 8 8 63 0 0 0 0 0 0 0 0 0 0 0 0 0 0 0 0 0 0 0 0 
0 0 0 0 0 0 0 0 0 0 0 0 8 8 8 63 25 25 25 191 85 64 44 255 189 126 64 255 244 168 97 255 249 191 141 255 252 203 163 255 252 202 163 255 236 195 162 255 206 181 162 255 191 174 162 255 191 174 162 255 206 181 162 255 236 195 162 255 252 203 163 255 252 203 163 255 252 203 163 255 252 203 163 255 236 195 162 255 206 181 162 255 151 139 130 255 73 69 65 255 25 25 25 191 8 8 8 63 0 0 0 0 0 0 0 0 0 0 0 0 0 0 0 0 0 0 0 0 
2 2 2 15 2 2 2 15 6 6 6 47 27 21 15 111 65 47 29 207 123 81 39 255 199 121 43 255 239 155 74 255 243 183 130 255 247 199 160 255 250 201 162 255 247 199 160 255 237 191 154 255 232 187 151 255 232 187 151 255 237 191 154 255 247 199 160 255 252 203 163 255 252 203 163 255 252 203 163 255 252 203 163 255 247 199 160 255 237 191 154 255 195 155 123 255 121 92 65 255 65 47 29 207 27 21 15 111 6 6 6 47 2 2 2 15 0 0 0 0 0 0 0 0 0 0 0 0 
6 6 6 47 6 6 6 47 19 19 19 143 65 47 29 207 146 92 38 239 199 121 43 255 225 135 45 255 236 153 72 255 233 175 125 255 237 191 154 255 247 199 160 255 250 201 162 255 247 199 160 255 245 197 159 255 245 197 159 255 247 199 160 255 250 201 162 255 252 203 163 255 252 203 163 255 252 203 163 255 252 203 163 255 250 201 162 255 247 199 160 255 230 177 130 255 201 135 72 255 146 92 38 239 65 47 29 207 19 19 19 143 6 6 6 47 0 0 0 0 0 0 0 0 0 0 0 0 
8 8 8 63 8 8 8 63 25 25 25 191 72 54 36 255 148 94 40 255 187 115 42 255 187 115 42 255 185 124 65 255 183 143 109 255 186 156 134 255 196 164 139 255 201 168 142 255 201 168 142 255 201 168 142 255 201 168 142 255 213 177 147 255 239 194 157 255 252 203 163 255 252 203 163 255 252 203 163 255 252 203 163 255 252 203 163 255 252 203 163 255 235 181 132 255 203 137 73 255 148 94 40 255 72 54 36 255 25 25 25 191 8 8 8 63 0 0 0 0 0 0 0 0 0 0 0 0 
8 8 8 63 8 8 8 63 25 25 25 191 46 40 34 255 72 54 36 255 85 61 37 255 85 61 37 255 87 69 52 255 91 85 83 255 94 95 99 255 98 98 101 255 99 99 102 255 99 99 102 255 99 99 102 255 99 99 102 255 137 125 117 255 213 177 147 255 252 203 163 255 252 203 163 255 252 203 163 255 252 203 163 255 252 203 163 255 252 203 163 255 210 167 131 255 126 96 68 255 72 54 36 255 46 40 34 255 25 25 25 191 8 8 8 63 0 0 0 0 0 0 0 0 0 0 0 0 
6 6 6 47 6 6 6 47 19 19 19 143 25 25 25 191 25 25 25 191 27 27 27 207 31 31 31 239 39 48 45 255 50 76 67 255 55 90 79 255 55 90 79 255 55 90 79 255 55 90 79 255 55 90 79 255 55 90 79 255 91 110 95 255 164 149 126 255 213 177 147 255 239 194 157 255 239 194 157 255 213 177 147 255 201 168 142 255 201 168 142 255 159 134 115 255 75 67 61 255 31 31 31 239 27 27 27 207 19 19 19 143 6 6 6 47 0 0 0 0 0 0 0 0 0 0 0 0 
2 2 2 15 2 2 2 15 6 6 6 47 8 8 8 63 8 8 8 63 14 14 14 111 27 27 27 207 42 60 43 255 59 114 63 255 68 141 73 255 68 141 73 255 68 141 73 255 68 141 73 255 68 141 73 255 68 141 73 255 76 130 80 255 91 109 95 255 137 125 117 255 213 177 147 255 213 177 147 255 137 125 117 255 99 99 102 255 99 99 102 255 83 83 85 255 50 50 51 255 27 27 27 207 14 14 14 111 6 6 6 47 2 2 2 15 0 0 0 0 0 0 0 0 0 0 0 0 
0 0 0 0 0 0 0 0 0 0 0 0 0 0 0 0 0 0 0 0 8 8 8 63 25 25 25 191 44 67 43 255 64 133 61 255 75 167 71 255 75 167 71 255 75 167 71 255 75 167 71 255 75 167 71 255 75 167 71 255 70 147 73 255 60 109 77 255 91 109 95 255 164 149 126 255 164 149 126 255 91 109 95 255 55 90 79 255 55 90 79 255 50 76 67 255 39 48 45 255 25 25 25 191 8 8 8 63 0 0 0 0 0 0 0 0 0 0 0 0 0 0 0 0 0 0 0 0 
0 0 0 0 0 0 0 0 0 0 0 0 0 0 0 0 0 0 0 0 8 8 8 63 25 25 25 191 44 67 43 255 64 133 61 255 75 167 71 255 75 167 71 255 75 167 71 255 75 167 71 255 75 167 71 255 75 167 71 255 73 160 71 255 70 147 73 255 76 131 80 255 91 109 95 255 91 109 95 255 76 131 80 255 68 141 73 255 68 141 73 255 59 114 63 255 42 60 43 255 25 25 25 191 8 8 8 63 0 0 0 0 0 0 0 0 0 0 0 0 0 0 0 0 0 0 0 0 
0 0 0 0 0 0 0 0 0 0 0 0 0 0 0 0 0 0 0 0 8 8 8 63 25 25 25 191 44 67 43 255 64 133 61 255 75 167 71 255 75 167 71 255 75 167 71 255 75 167 71 255 75 167 71 255 75 167 71 255 75 167 71 255 75 167 71 255 70 147 73 255 60 109 77 255 58 103 77 255 65 128 75 255 70 147 73 255 73 160 71 255 64 133 61 255 44 67 43 255 25 25 25 191 8 8 8 63 0 0 0 0 0 0 0 0 0 0 0 0 0 0 0 0 0 0 0 0 
0 0 0 0 0 0 0 0 0 0 0 0 0 0 0 0 0 0 0 0 8 8 8 63 25 25 25 191 44 67 43 255 64 133 61 255 75 167 71 255 75 167 71 255 75 167 71 255 75 167 71 255 75 167 71 255 75 167 71 255 75 167 71 255 75 167 71 255 73 160 71 255 70 147 73 255 65 128 75 255 58 103 77 255 60 109 77 255 70 147 73 255 64 133 61 255 44 67 43 255 25 25 25 191 8 8 8 63 0 0 0 0 0 0 0 0 0 0 0 0 0 0 0 0 0 0 0 0 
0 0 0 0 0 0 0 0 0 0 0 0 0 0 0 0 0 0 0 0 8 8 8 63 25 25 25 191 44 67 43 255 64 133 61 255 75 167 71 255 75 167 71 255 75 167 71 255 75 167 71 255 75 167 71 255 75 167 71 255 75 167 71 255 75 167 71 255 75 167 71 255 75 167 71 255 70 147 73 255 60 109 77 255 58 103 77 255 65 128 75 255 59 114 63 255 42 60 43 255 25 25 25 191 8 8 8 63 0 0 0 0 0 0 0 0 0 0 0 0 0 0 0 0 0 0 0 0 
0 0 0 0 0 0 0 0 0 0 0 0 0 0 0 0 0 0 0 0 8 8 8 63 25 25 25 191 44 67 43 255 64 133 61 255 75 167 71 255 75 167 71 255 75 167 71 255 75 167 71 255 75 167 71 255 75 167 71 255 75 167 71 255 75 167 71 255 75 167 71 255 75 167 71 255 73 160 71 255 70 147 73 255 65 128 75 255 58 103 77 255 50 76 67 255 39 48 45 255 25 25 25 191 8 8 8 63 0 0 0 0 0 0 0 0 0 0 0 0 0 0 0 0 0 0 0 0 
0 0 0 0 0 0 0 0 0 0 0 0 0 0 0 0 0 0 0 0 8 8 8 63 25 25 25 191 43 64 43 255 62 124 63 255 71 153 73 255 71 153 73 255 71 153 73 255 71 153 73 255 71 153 73 255 71 153 73 255 71 153 73 255 71 153 73 255 71 153 73 255 71 153 73 255 71 153 73 255 71 153 73 255 66 134 75 255 56 96 79 255 47 66 69 255 38 44 45 255 25 25 25 191 8 8 8 63 0 0 0 0 0 0 0 0 0 0 0 0 0 0 0 0 0 0 0 0 
0 0 0 0 0 0 0 0 0 0 0 0 0 0 0 0 0 0 0 0 8 8 8 63 25 25 25 191 41 57 44 255 56 104 66 255 64 127 77 255 64 127 77 255 64 127 77 255 64 127 77 255 64 127 77 255 64 127 77 255 64 127 77 255 64 127 77 255 64 127 77 255 64 127 77 255 64 127 77 255 64 127 77 255 62 121 77 255 59 108 79 255 52 85 68 255 40 51 45 255 25 25 25 191 8 8 8 63 0 0 0 0 0 0 0 0 0 0 0 0 0 0 0 0 0 0 0 0 
0 0 0 0 0 0 0 0 0 0 0 0 0 0 0 0 0 0 0 0 8 8 8 63 25 25 25 191 40 54 45 255 54 94 67 255 60 115 79 255 60 115 79 255 59 109 76 255 55 99 70 255 54 94 67 255 54 94 67 255 54 94 67 255 54 94 67 255 54 94 67 255 54 94 67 255 55 99 70 255 59 109 76 255 60 115 79 255 60 115 79 255 54 94 67 255 40 54 45 255 25 25 25 191 8 8 8 63 0 0 0 0 0 0 0 0 0 0 0 0 0 0 0 0 0 0 0 0 
0 0 0 0 0 0 0 0 0 0 0 0 0 0 0 0 0 0 0 0 8 8 8 63 25 25 25 191 40 54 45 255 54 94 67 255 60 115 79 255 60 115 79 255 55 99 70 255 45 69 53 255 40 54 45 255 40 54 45 255 40 54 45 255 40 54 45 255 40 54 45 255 40 54 45 255 45 69 53 255 55 99 70 255 60 115 79 255 60 115 79 255 54 94 67 255 40 54 45 255 25 25 25 191 8 8 8 63 0 0 0 0 0 0 0 0 0 0 0 0 0 0 0 0 0 0 0 0 
0 0 0 0 0 0 0 0 0 0 0 0 0 0 0 0 0 0 0 0 8 8 8 63 25 25 25 191 39 49 42 255 49 79 59 255 54 94 67 255 54 94 67 255 47 77 57 239 32 42 36 207 25 25 25 191 25 25 25 191 25 25 25 191 25 25 25 191 27 27 27 207 31 31 31 239 39 49 42 255 49 79 59 255 54 94 67 255 54 94 67 255 47 77 57 239 32 42 36 207 19 19 19 143 6 6 6 47 0 0 0 0 0 0 0 0 0 0 0 0 0 0 0 0 0 0 0 0 
0 0 0 0 0 0 0 0 0 0 0 0 0 0 0 0 0 0 0 0 8 8 8 63 25 25 25 191 35 39 36 255 39 49 42 255 40 54 45 255 40 54 45 255 32 42 36 207 16 19 17 111 8 8 8 63 8 8 8 63 8 8 8 63 8 8 8 63 14 14 14 111 27 27 27 207 35 39 36 255 39 49 42 255 40 54 45 255 40 54 45 255 32 42 36 207 16 19 17 111 6 6 6 47 2 2 2 15 0 0 0 0 0 0 0 0 0 0 0 0 0 0 0 0 0 0 0 0 
0 0 0 0 0 0 0 0 0 0 0 0 0 0 0 0 0 0 0 0 8 8 8 63 25 25 25 191 35 39 36 255 39 49 42 255 40 54 45 255 40 54 45 255 32 42 36 207 16 19 17 111 8 8 8 63 8 8 8 63 8 8 8 63 8 8 8 63 14 14 14 111 27 27 27 207 35 39 36 255 39 49 42 255 40 54 45 255 40 54 45 255 32 42 36 207 16 19 17 111 6 6 6 47 2 2 2 15 0 0 0 0 0 0 0 0 0 0 0 0 0 0 0 0 0 0 0 0 
