0 0 0 0 0 0 0 0 0 0 0 0 0 0 0 0 0 0 0 0 0 0 0 0 0 0 0 0 0 0 0 0 0 0 0 0 0 0 0 0 0 0 0 0 0 0 0 0 0 0 0 0 0 0 0 0 0 0 0 0 0 0 0 0 0 0 0 0 0 0 0 0 0 0 0 0 0 0 0 0 0 0 0 0 0 0 0 0 0 0 0 0 0 0 0 0 0 0 0 0 0 0 0 0 0 0 0 0 0 0 0 0 0 0 0 0 0 0 0 0 0 0 0 0 0 0 0 0 
0 0 0 0 0 0 0 0 0 0 0 0 0 0 0 0 0 0 0 0 0 0 0 0 0 0 0 0 0 0 0 0 0 0 0 0 0 0 0 0 0 0 0 0 0 0 0 0 0 0 0 0 0 0 0 0 0 0 0 0 0 0 0 0 0 0 0 0 0 0 0 0 0 0 0 0 0 0 0 0 0 0 0 0 0 0 0 0 0 0 0 0 0 0 0 0 0 0 0 0 0 0 0 0 0 0 0 0 0 0 0 0 0 0 0 0 0 0 0 0 0 0 0 0 0 0 0 0 
0 0 0 0 0 0 0 0 0 0 0 0 0 0 0 0 0 0 0 0 0 0 0 0 0 0 0 0 0 0 0 0 0 0 0 0 0 0 0 0 0 0 0 0 0 0 0 0 0 0 0 0 0 0 0 0 0 0 0 0 0 0 0 0 0 0 0 0 0 0 0 0 0 0 0 0 0 0 0 0 0 0 0 0 0 0 0 0 0 0 0 0 0 0 0 0 0 0 0 0 0 0 0 0 0 0 0 0 0 0 0 0 0 0 0 0 0 0 0 0 0 0 0 0 0 0 0 0 
0 0 0 0 0 0 0 0 0 0 0 0 0 0 0 0 0 0 0 0 0 0 0 0 0 0 0 0 0 0 0 0 0 0 0 0 0 0 0 0 0 0 0 0 0 0 0 0 0 0 0 0 0 0 0 0 0 0 0 0 0 0 0 0 0 0 0 0 0 0 0 0 0 0 0 0 0 0 0 0 0 0 0 0 0 0 0 0 0 0 0 0 0 0 0 0 0 0 0 0 0 0 0 0 0 0 0 0 0 0 0 0 0 0 0 0 0 0 0 0 0 0 0 0 0 0 0 0 
0 0 0 0 0 0 0 0 0 0 0 0 0 0 0 0 0 0 0 0 0 0 0 0 0 0 0 0 0 0 0 0 0 0 0 0 0 0 0 0 0 0 0 0 0 0 0 0 0 0 0 0 0 0 0 0 0 0 0 0 0 0 0 0 0 0 0 0 0 0 0 0 0 0 0 0 0 0 0 0 0 0 0 0 0 0 0 0 0 0 0 0 0 0 0 0 0 0 0 0 0 0 0 0 0 0 0 0 0 0 0 0 0 0 0 0 0 0 0 0 0 0 0 0 0 0 0 0 
0 0 0 0 0 0 0 0 0 0 0 0 0 0 0 0 0 0 0 0 0 0 0 0 0 0 0 0 0 0 0 0 0 0 0 0 0 0 0 0 0 0 0 0 0 0 0 0 0 0 0 0 0 0 0 0 0 0 0 0 0 0 0 0 0 0 0 0 0 0 0 0 0 0 0 0 0 0 0 0 0 0 0 0 0 0 0 0 0 0 0 0 0 0 0 0 0 0 0 0 0 0 0 0 0 0 0 0 0 0 0 0 0 0 0 0 0 0 0 0 0 0 0 0 0 0 0 0 
0 0 0 0 0 0 0 0 0 0 0 0 0 0 0 0 0 0 0 0 0 0 0 0 0 0 0 0 0 0 0 0 0 0 0 0 0 0 0 0 0 0 0 0 0 0 0 0 0 0 0 0 0 0 0 0 0 0 0 0 0 0 0 0 0 0 0 0 0 0 0 0 0 0 0 0 0 0 0 0 0 0 0 0 0 0 0 0 0 0 0 0 0 0 0 0 0 0 0 0 0 0 0 0 0 0 0 0 0 0 0 0 0 0 0 0 0 0 0 0 0 0 0 0 0 0 0 0 
0 0 0 0 0 0 0 0 0 0 0 0 0 0 0 0 0 0 0 0 0 0 0 0 0 0 0 0 2 2 2 15 6 6 6 47 8 8 8 63 8 8 8 63 8 8 8 63 8 8 8 63 8 8 8 63 8 8 8 63 8 8 8 63 8 8 8 63 8 8 8 63 8 8 8 63 8 8 8 63 8 8 8 63 8 8 8 63 8 8 8 63 6 6 6 47 2 2 2 15 0 0 0 0 0 0 0 0 0 0 0 0 0 0 0 0 0 0 0 0 0 0 0 0 0 0 0 0 
0 0 0 0 0 0 0 0 0 0 0 0 0 0 0 0 0 0 0 0 0 0 0 0 0 0 0 0 6 6 6 47 19 19 19 143 25 25 25 191 25 25 25 191 25 25 25 191 25 25 25 191 25 25 25 191 25 25 25 191 25 25 25 191 25 25 25 191 25 25 25 191 25 25 25 191 25 25 25 191 25 25 25 191 25 25 25 191 25 25 25 191 19 19 19 143 6 6 6 47 0 0 0 0 0 0 0 0 0 0 0 0 0 0 0 0 0 0 0 0 0 0 0 0 0 0 0 0 
0 0 0 0 0 0 0 0 0 0 0 0 0 0 0 0 0 0 0 0 0 0 0 0 0 0 0 0 8 8 8 63 25 25 25 191 40 35 34 255 54 39 35 255 61 41 35 255 61 41 35 255 64 43 35 255 71 47 35 255 74 49 34 255 74 49 34 255 74 49 34 255 74 49 34 255 74 49 34 255 74 49 34 255 64 45 34 255 44 37 34 255 25 25 25 191 8 8 8 63 0 0 0 0 0 0 0 0 0 0 0 0 0 0 0 0 0 0 0 0 0 0 0 0 0 0 0 0 
0 0 0 0 0 0 0 0 0 0 0 0 0 0 0 0 0 0 0 0 0 0 0 0 0 0 0 0 8 8 8 63 25 25 25 191 54 39 35 255 95 50 37 255 115 56 39 255 115 56 39 255 125 62 38 255 146 74 36 255 156 80 36 255 156 80 36 255 156 80 36 255 156 80 36 255 156 80 36 255 156 80 36 255 125 68 35 255 64 45 34 255 25 25 25 191 8 8 8 63 0 0 0 0 0 0 0 0 0 0 0 0 0 0 0 0 0 0 0 0 0 0 0 0 0 0 0 0 
0 0 0 0 0 0 0 0 0 0 0 0 0 0 0 0 0 0 0 0 0 0 0 0 0 0 0 0 8 8 8 63 25 25 25 191 68 52 47 255 136 90 75 255 166 107 88 255 157 101 84 255 162 104 81 255 183 116 80 255 193 122 79 255 193 122 79 255 193 122 79 255 193 122 79 255 197 125 81 255 206 131 85 255 166 108 73 255 78 58 47 255 25 25 25 191 8 8 8 63 0 0 0 0 0 0 0 0 0 0 0 0 0 0 0 0 0 0 0 0 0 0 0 0 0 0 0 0 
0 0 0 0 0 0 0 0 0 0 0 0 0 0 0 0 0 0 0 0 0 0 0 0 0 0 0 0 8 8 8 63 25 25 25 191 81 75 72 255 177 159 149 255 212 193 182 255 185 176 171 255 175 170 165 255 182 174 164 255 185 176 164 255 185 176 164 255 185 176 164 255 185 176 164 255 199 184 170 255 225 201 181 255 187 165 148 255 85 77 72 255 25 25 25 191 8 8 8 63 0 0 0 0 0 0 0 0 0 0 0 0 0 0 0 0 0 0 0 0 0 0 0 0 0 0 0 0 
0 0 0 0 0 0 0 0 0 0 0 0 0 0 0 0 0 0 0 0 0 0 0 0 0 0 0 0 6 6 6 47 19 19 19 143 68 67 65 207 155 151 146 239 198 198 193 255 199 208 207 255 195 211 212 255 186 205 208 255 182 203 207 255 182 202 207 255 186 205 208 255 195 211 212 255 199 208 207 255 198 198 193 255 155 151 146 239 68 67 65 207 19 19 19 143 6 6 6 47 0 0 0 0 0 0 0 0 0 0 0 0 0 0 0 0 0 0 0 0 0 0 0 0 0 0 0 0 
0 0 0 0 0 0 0 0 0 0 0 0 0 0 0 0 0 0 0 0 0 0 0 0 0 0 0 0 2 2 2 15 6 6 6 47 28 28 27 111 68 67 65 207 125 124 120 255 198 198 193 255 221 227 223 255 195 211 212 255 182 203 207 255 182 202 207 255 195 211 212 255 221 227 223 255 198 198 193 255 125 124 120 255 68 67 65 207 28 28 27 111 6 6 6 47 2 2 2 15 0 0 0 0 0 0 0 0 0 0 0 0 0 0 0 0 0 0 0 0 0 0 0 0 0 0 0 0 
0 0 0 0 0 0 0 0 0 0 0 0 0 0 0 0 0 0 0 0 0 0 0 0 0 0 0 0 0 0 0 0 0 0 0 0 8 8 8 63 25 25 25 191 88 87 84 255 198 193 186 255 237 228 220 255 206 190 186 255 191 171 169 255 191 171 169 255 206 190 186 255 237 228 220 255 198 193 186 255 88 87 84 255 25 25 25 191 8 8 8 63 0 0 0 0 0 0 0 0 0 0 0 0 0 0 0 0 0 0 0 0 0 0 0 0 0 0 0 0 0 0 0 0 0 0 0 0 
0 0 0 0 0 0 0 0 0 0 0 0 0 0 0 0 0 0 0 0 0 0 0 0 0 0 0 0 0 0 0 0 0 0 0 0 8 8 8 63 25 25 25 191 88 87 84 255 198 193 186 255 242 212 201 255 220 143 129 255 209 109 93 255 209 109 93 255 219 143 129 255 242 212 201 255 198 193 186 255 88 87 84 255 25 25 25 191 8 8 8 63 0 0 0 0 0 0 0 0 0 0 0 0 0 0 0 0 0 0 0 0 0 0 0 0 0 0 0 0 0 0 0 0 0 0 0 0 
0 0 0 0 0 0 0 0 0 0 0 0 0 0 0 0 0 0 0 0 0 0 0 0 0 0 0 0 2 2 2 15 6 6 6 47 28 28 27 111 68 67 65 207 127 116 111 255 205 175 164 255 239 183 169 255 231 141 123 255 224 109 89 255 220 88 67 255 224 109 89 255 237 173 157 255 205 175 164 255 127 116 111 255 68 67 65 207 28 28 27 111 6 6 6 47 2 2 2 15 0 0 0 0 0 0 0 0 0 0 0 0 0 0 0 0 0 0 0 0 0 0 0 0 0 0 0 0 
0 0 0 0 0 0 0 0 0 0 0 0 0 0 0 0 0 0 0 0 0 0 0 0 0 0 0 0 6 6 6 47 19 19 19 143 68 67 65 207 155 151 146 239 205 175 165 255 219 138 122 255 231 141 123 255 239 183 169 255 237 173 157 255 224 109 89 255 220 88 67 255 224 109 89 255 219 138 122 255 205 175 165 255 155 151 146 239 68 67 65 207 19 19 19 143 6 6 6 47 0 0 0 0 0 0 0 0 0 0 0 0 0 0 0 0 0 0 0 0 0 0 0 0 0 0 0 0 
0 0 0 0 0 0 0 0 0 0 0 0 0 0 0 0 0 0 0 0 2 2 2 15 6 6 6 47 28 28 27 111 68 67 65 207 127 116 111 255 205 175 164 255 239 183 169 255 231 141 123 255 231 141 123 255 239 183 169 255 237 173 157 255 224 109 89 255 218 78 56 255 218 78 56 255 224 109 89 255 237 173 157 255 204 168 153 255 124 96 75 255 65 47 29 207 27 21 15 111 6 6 6 47 2 2 2 15 0 0 0 0 0 0 0 0 0 0 0 0 0 0 0 0 0 0 0 0 
0 0 0 0 0 0 0 0 0 0 0 0 0 0 0 0 0 0 0 0 6 6 6 47 19 19 19 143 68 67 65 207 155 151 146 239 205 175 165 255 219 138 122 255 231 141 123 255 239 183 169 255 239 183 169 255 231 141 123 255 224 109 89 255 220 88 67 255 218 78 56 255 218 78 56 255 220 88 67 255 224 109 89 255 216 118 86 255 196 116 57 255 146 92 38 239 65 47 29 207 19 19 19 143 6 6 6 47 0 0 0 0 0 0 0 0 0 0 0 0 0 0 0 0 0 0 0 0 
0 0 0 0 0 0 0 0 0 0 0 0 0 0 0 0 0 0 0 0 8 8 8 63 25 25 25 191 88 87 84 255 198 193 186 255 245 208 191 255 230 132 99 255 228 121 88 255 238 177 157 255 239 183 169 255 231 141 123 255 224 109 89 255 220 88 67 255 219 82 55 255 221 90 54 255 221 90 54 255 219 82 55 255 223 94 53 255 233 126 48 255 187 115 42 255 85 61 37 255 25 25 25 191 8 8 8 63 0 0 0 0 0 0 0 0 0 0 0 0 0 0 0 0 0 0 0 0 
0 0 0 0 0 0 0 0 0 0 0 0 0 0 0 0 0 0 0 0 8 8 8 63 25 25 25 191 88 87 84 255 198 193 186 255 248 216 189 255 238 156 95 255 231 124 61 255 228 121 88 255 231 141 123 255 239 183 169 255 237 173 157 255 224 109 89 255 221 90 54 255 229 114 50 255 229 114 50 255 221 90 54 255 223 94 53 255 233 126 48 255 187 115 42 255 85 61 37 255 25 25 25 191 8 8 8 63 0 0 0 0 0 0 0 0 0 0 0 0 0 0 0 0 0 0 0 0 
0 0 0 0 0 0 0 0 0 0 0 0 0 0 0 0 0 0 0 0 8 8 8 63 25 25 25 191 88 87 84 255 198 193 186 255 248 216 189 255 238 156 95 255 229 114 50 255 221 90 54 255 225 113 89 255 241 185 155 255 242 189 155 255 229 125 87 255 225 102 52 255 230 118 49 255 229 114 50 255 221 90 54 255 223 94 53 255 233 126 48 255 187 115 42 255 85 61 37 255 25 25 25 191 8 8 8 63 0 0 0 0 0 0 0 0 0 0 0 0 0 0 0 0 0 0 0 0 
0 0 0 0 0 0 0 0 0 0 0 0 0 0 0 0 0 0 0 0 8 8 8 63 25 25 25 191 88 87 84 255 198 193 186 255 245 208 191 255 230 132 99 255 221 90 54 255 219 82 55 255 223 100 65 255 235 145 84 255 239 157 82 255 235 136 59 255 230 118 49 255 225 102 52 255 221 90 54 255 219 82 55 255 223 94 53 255 233 126 48 255 187 115 42 255 85 61 37 255 25 25 25 191 8 8 8 63 0 0 0 0 0 0 0 0 0 0 0 0 0 0 0 0 0 0 0 0 
0 0 0 0 0 0 0 0 0 0 0 0 0 0 0 0 0 0 0 0 6 6 6 47 19 19 19 143 68 67 65 207 155 151 146 239 205 175 165 255 219 138 122 255 225 113 89 255 223 100 65 255 226 105 51 255 234 129 47 255 238 142 46 255 238 142 45 255 234 130 47 255 226 106 51 255 223 94 53 255 223 94 53 255 214 99 50 255 196 109 45 255 146 92 38 239 65 47 29 207 19 19 19 143 6 6 6 47 0 0 0 0 0 0 0 0 0 0 0 0 0 0 0 0 0 0 0 0 
0 0 0 0 0 0 0 0 0 0 0 0 0 0 0 0 0 0 0 0 2 2 2 15 6 6 6 47 28 28 27 111 68 67 65 207 127 116 111 255 205 175 164 255 241 185 155 255 235 145 84 255 234 130 47 255 236 138 46 255 238 142 46 255 238 142 45 255 236 138 46 255 234 130 47 255 233 126 48 255 233 126 48 255 195 109 45 255 121 77 39 255 65 47 29 207 27 21 15 111 6 6 6 47 2 2 2 15 0 0 0 0 0 0 0 0 0 0 0 0 0 0 0 0 0 0 0 0 
0 0 0 0 0 0 0 0 0 0 0 0 0 0 0 0 0 0 0 0 0 0 0 0 0 0 0 0 6 6 6 47 19 19 19 143 68 67 65 207 155 151 146 239 195 174 150 255 189 134 78 255 187 115 42 255 187 115 42 255 187 115 42 255 187 115 42 255 187 115 42 255 187 115 42 255 187 115 42 255 187 115 42 255 146 92 38 239 65 47 29 207 19 19 19 143 6 6 6 47 0 0 0 0 0 0 0 0 0 0 0 0 0 0 0 0 0 0 0 0 0 0 0 0 0 0 0 0 
0 0 0 0 0 0 0 0 0 0 0 0 0 0 0 0 0 0 0 0 0 0 0 0 0 0 0 0 2 2 2 15 6 6 6 47 28 28 27 111 68 67 65 207 87 80 72 255 85 67 48 255 85 61 37 255 85 61 36 255 85 61 37 255 85 61 36 255 85 61 37 255 85 61 37 255 85 61 37 255 85 61 37 255 65 47 29 207 27 21 15 111 6 6 6 47 2 2 2 15 0 0 0 0 0 0 0 0 0 0 0 0 0 0 0 0 0 0 0 0 0 0 0 0 0 0 0 0 
0 0 0 0 0 0 0 0 0 0 0 0 0 0 0 0 0 0 0 0 0 0 0 0 0 0 0 0 0 0 0 0 0 0 0 0 6 6 6 47 19 19 19 143 25 25 25 191 25 25 25 191 25 25 25 191 25 25 25 191 25 25 25 191 25 25 25 191 25 25 25 191 25 25 25 191 25 25 25 191 25 25 25 191 19 19 19 143 6 6 6 47 0 0 0 0 0 0 0 0 0 0 0 0 0 0 0 0 0 0 0 0 0 0 0 0 0 0 0 0 0 0 0 0 0 0 0 0 
0 0 0 0 0 0 0 0 0 0 0 0 0 0 0 0 0 0 0 0 0 0 0 0 0 0 0 0 0 0 0 0 0 0 0 0 2 2 2 15 6 6 6 47 8 8 8 63 8 8 8 63 8 8 8 63 8 8 8 63 8 8 8 63 8 8 8 63 8 8 8 63 8 8 8 63 8 8 8 63 8 8 8 63 6 6 6 47 2 2 2 15 0 0 0 0 0 0 0 0 0 0 0 0 0 0 0 0 0 0 0 0 0 0 0 0 0 0 0 0 0 0 0 0 0 0 0 0 
0 0 0 0 0 0 0 0 0 0 0 0 0 0 0 0 0 0 0 0 0 0 0 0 0 0 0 0 0 0 0 0 0 0 0 0 2 2 2 15 6 6 6 47 8 8 8 63 8 8 8 63 8 8 8 63 8 8 8 63 8 8 8 63 8 8 8 63 8 8 8 63 8 8 8 63 8 8 8 63 8 8 8 63 6 6 6 47 2 2 2 15 0 0 0 0 0 0 0 0 0 0 0 0 0 0 0 0 0 0 0 0 0 0 0 0 0 0 0 0 0 0 0 0 0 0 0 0 
