36 35 35 255 36 35 35 255 41 38 38 255 43 40 40 255 43 40 40 255 50 44 44 255 64 54 53 255 64 54 53 255 50 44 44 255 43 40 40 255 43 40 40 255 43 40 40 255 43 40 40 255 43 40 40 255 43 40 40 255 50 44 44 255 64 54 53 255 72 59 58 255 72 59 58 255 72 59 58 255 72 59 58 255 64 54 53 255 50 44 44 255 50 44 44 255 64 54 53 255 64 54 53 255 50 44 44 255 43 40 40 255 43 40 40 255 46 42 41 255 52 46 45 255 52 46 45 255 
36 35 35 255 36 35 35 255 41 38 38 255 43 40 40 255 43 40 40 255 50 44 44 255 64 54 53 255 64 54 53 255 50 44 44 255 43 40 40 255 43 40 40 255 43 40 40 255 43 40 40 255 43 40 40 255 43 40 40 255 50 44 44 255 64 54 53 255 72 59 58 255 72 59 58 255 72 59 58 255 72 59 58 255 64 54 53 255 50 44 44 255 50 44 44 255 64 54 53 255 64 54 53 255 50 44 44 255 43 40 40 255 43 40 40 255 46 42 41 255 52 46 45 255 52 46 45 255 
41 38 38 255 41 38 38 255 55 48 47 255 62 52 52 255 62 52 51 255 64 54 53 255 69 57 56 255 69 57 56 255 64 54 53 255 62 52 52 255 62 52 51 255 62 52 52 255 62 52 51 255 62 52 52 255 62 52 51 255 64 54 53 255 69 57 56 255 72 59 58 255 72 59 58 255 72 59 58 255 72 59 58 255 69 57 56 255 64 54 53 255 64 54 53 255 69 57 56 255 69 57 56 255 64 54 53 255 62 52 52 255 62 52 52 255 71 58 57 255 88 71 67 255 88 71 67 255 
50 44 44 255 50 44 44 255 64 54 53 255 72 59 58 255 72 59 57 255 72 59 58 255 72 59 57 255 72 59 58 255 72 59 57 255 72 59 58 255 72 59 57 255 72 59 58 255 72 59 57 255 72 59 58 255 72 59 57 255 72 59 58 255 72 59 57 255 72 59 58 255 72 59 58 255 72 59 58 255 72 59 58 255 72 59 58 255 72 59 58 255 72 59 58 255 72 59 58 255 72 59 58 255 72 59 58 255 72 59 58 255 72 59 58 255 83 67 64 255 107 83 78 255 107 83 78 255 
64 54 53 255 64 54 53 255 69 57 56 255 72 59 58 255 72 59 57 255 72 59 58 255 72 59 57 255 72 59 58 255 72 59 57 255 72 59 58 255 72 59 57 255 72 59 58 255 72 59 57 255 72 59 58 255 72 59 57 255 72 59 58 255 72 59 57 255 72 59 58 255 72 59 58 255 72 59 58 255 72 59 58 255 72 59 58 255 72 59 58 255 72 59 58 255 72 59 58 255 72 59 58 255 72 59 58 255 72 59 58 255 72 59 58 255 83 67 64 255 107 83 78 255 107 83 78 255 
72 59 57 255 72 59 58 255 72 59 57 255 72 59 58 255 72 59 57 255 72 59 58 255 72 59 57 255 72 59 58 255 72 59 57 255 72 59 58 255 72 59 57 255 72 59 58 255 72 59 57 255 72 59 58 255 72 59 57 255 72 59 58 255 72 59 57 255 72 59 58 255 72 59 58 255 72 59 58 255 72 59 58 255 72 59 58 255 72 59 58 255 72 59 58 255 72 59 58 255 72 59 58 255 72 59 58 255 72 59 58 255 72 59 58 255 83 67 64 255 107 83 78 255 107 83 78 255 
72 59 57 255 72 59 58 255 72 59 57 255 72 59 58 255 72 59 57 255 72 59 58 255 72 59 57 255 72 59 58 255 72 59 57 255 72 59 58 255 72 59 57 255 72 59 58 255 72 59 57 255 72 59 58 255 72 59 57 255 72 59 58 255 72 59 57 255 72 59 58 255 72 59 58 255 72 59 58 255 72 59 58 255 72 59 58 255 72 59 58 255 72 59 58 255 72 59 58 255 72 59 58 255 72 59 58 255 72 59 58 255 72 59 58 255 83 67 64 255 107 83 78 255 107 83 78 255 
64 54 53 255 64 54 53 255 69 57 56 255 72 59 58 255 72 59 57 255 72 59 58 255 72 59 57 255 79 61 56 255 95 65 54 255 98 68 55 255 88 67 61 255 83 67 64 255 83 67 64 255 83 67 64 255 83 67 64 255 83 67 64 255 83 67 64 255 83 67 64 255 83 67 64 255 83 67 64 255 83 67 64 255 88 67 61 255 98 68 55 255 95 65 54 255 79 61 56 255 72 59 58 255 72 59 58 255 72 59 58 255 72 59 58 255 83 67 64 255 107 83 78 255 107 83 78 255 
50 44 44 255 50 44 44 255 64 54 53 255 72 59 58 255 72 59 57 255 72 59 58 255 72 59 57 255 95 65 54 255 142 79 46 255 151 86 51 255 121 84 69 255 107 83 78 255 107 83 78 255 107 83 78 255 107 83 78 255 107 83 78 255 107 83 78 255 107 83 78 255 107 83 78 255 107 83 78 255 107 83 78 255 121 84 69 255 151 86 51 255 142 79 46 255 95 65 54 255 72 59 58 255 72 59 58 255 72 59 58 255 72 59 58 255 83 67 64 255 107 83 78 255 107 83 78 255 
50 44 44 255 50 44 44 255 64 54 53 255 74 61 59 255 80 65 63 255 83 67 64 255 83 67 64 255 112 74 57 255 168 88 43 255 172 91 45 255 122 82 63 255 107 81 72 255 128 89 72 255 138 93 73 255 138 92 73 255 138 93 73 255 138 92 73 255 138 93 73 255 138 93 73 255 133 92 76 255 123 92 81 255 138 93 73 255 177 95 48 255 168 88 43 255 112 74 57 255 83 67 64 255 83 67 64 255 80 65 63 255 74 61 59 255 83 67 64 255 107 83 78 255 107 83 78 255 
64 54 53 255 64 54 53 255 69 57 56 255 80 65 63 255 98 77 73 255 107 83 78 255 107 83 78 255 129 86 67 255 174 92 47 255 161 84 39 255 90 60 44 255 85 60 47 255 146 83 48 255 177 95 48 255 177 95 48 255 177 95 48 255 177 95 48 255 177 95 48 255 177 95 48 255 162 94 57 255 133 92 76 255 138 93 73 255 177 95 48 255 174 92 47 255 129 86 67 255 107 83 78 255 107 83 78 255 98 77 73 255 80 65 63 255 83 67 64 255 107 83 78 255 107 83 78 255 
67 56 55 255 67 56 55 255 78 63 61 255 92 73 69 255 110 85 79 255 113 88 81 255 103 81 75 255 122 82 63 255 172 91 45 255 156 80 36 255 74 49 34 255 64 45 34 255 125 68 35 255 156 80 36 255 156 80 36 255 156 80 36 255 156 80 36 255 156 80 36 255 156 80 36 255 141 79 45 255 112 78 63 255 122 82 63 255 172 91 45 255 177 95 48 255 138 93 73 255 113 88 81 255 103 81 75 255 94 74 70 255 87 69 66 255 89 71 68 255 101 79 74 255 101 79 74 255 
59 51 49 255 59 51 49 255 91 72 68 255 110 85 79 255 116 89 83 255 103 81 75 255 71 59 56 255 90 60 44 255 161 84 39 255 156 80 36 255 74 49 34 255 44 37 34 255 64 45 34 255 74 49 34 255 74 49 34 255 74 49 34 255 74 49 34 255 74 49 34 255 74 49 34 255 69 49 37 255 60 48 43 255 90 60 44 255 161 84 39 255 177 95 48 255 138 93 73 255 103 81 75 255 71 59 56 255 68 57 54 255 94 74 70 255 101 79 74 255 89 71 68 255 89 71 68 255 
49 44 43 255 49 44 43 255 81 66 62 255 103 81 75 255 113 88 81 255 97 77 72 255 55 48 46 255 74 49 34 255 156 80 36 255 156 80 36 255 74 49 34 255 44 37 34 255 64 45 34 255 74 49 34 255 74 49 34 255 74 49 34 255 74 49 34 255 74 49 34 255 74 49 34 255 64 45 34 255 44 37 34 255 74 49 34 255 156 80 36 255 172 91 45 255 122 82 63 255 81 66 62 255 49 44 43 255 49 44 43 255 81 66 62 255 94 74 70 255 87 69 66 255 87 69 66 255 
39 37 37 255 39 37 37 255 49 44 43 255 71 59 56 255 103 81 75 255 97 77 72 255 55 48 46 255 74 49 34 255 156 80 36 255 156 80 36 255 74 49 34 255 64 45 34 255 125 68 35 255 156 80 36 255 156 80 36 255 156 80 36 255 156 80 36 255 156 80 36 255 156 80 36 255 125 68 35 255 64 45 34 255 74 49 34 255 156 80 36 255 161 84 39 255 90 60 44 255 49 44 43 255 39 37 37 255 39 37 37 255 49 44 43 255 68 57 54 255 94 74 70 255 94 74 70 255 
34 34 34 255 34 34 34 255 34 34 34 255 49 44 43 255 81 66 62 255 81 66 62 255 49 44 43 255 71 47 34 255 146 74 36 255 146 74 36 255 71 47 35 255 64 45 34 255 125 68 35 255 156 80 36 255 156 80 36 255 156 80 36 255 156 80 36 255 156 80 36 255 156 80 36 255 125 68 35 255 64 45 34 255 71 47 35 255 146 74 36 255 146 74 36 255 71 47 35 255 34 34 34 255 34 34 34 255 34 34 34 255 34 34 34 255 52 46 45 255 88 71 67 255 88 71 67 255 
34 34 34 255 34 34 34 255 34 34 34 255 39 37 37 255 49 44 43 255 49 44 43 255 39 37 37 255 64 43 35 255 125 62 38 255 125 62 38 255 64 43 35 255 44 37 34 255 64 45 34 255 74 49 34 255 74 49 34 255 74 49 34 255 74 49 34 255 74 49 34 255 74 49 34 255 64 45 34 255 44 37 34 255 64 43 35 255 125 62 38 255 125 62 38 255 64 43 35 255 34 34 34 255 34 34 34 255 34 34 34 255 34 34 34 255 46 42 41 255 71 58 57 255 71 58 57 255 
41 38 38 255 41 38 38 255 36 35 35 255 34 34 34 255 34 34 34 255 34 34 34 255 34 34 34 255 61 41 35 255 115 56 39 255 115 56 39 255 61 41 35 255 40 35 34 255 54 39 35 255 61 41 35 255 61 41 35 255 61 41 35 255 61 41 35 255 61 41 35 255 61 41 35 255 54 39 35 255 40 35 34 255 61 41 35 255 115 56 39 255 115 56 39 255 61 41 35 255 34 34 34 255 34 34 34 255 34 34 34 255 34 34 34 255 43 40 40 255 62 52 52 255 62 52 52 255 
55 48 47 255 55 48 47 255 41 38 38 255 34 34 34 255 34 34 34 255 34 34 34 255 34 34 34 255 61 41 35 255 115 56 39 255 115 56 39 255 61 41 35 255 54 39 35 255 95 50 37 255 115 56 39 255 115 56 39 255 115 56 39 255 115 56 39 255 115 56 39 255 115 56 39 255 95 50 37 255 54 39 35 255 61 41 35 255 115 56 39 255 115 56 39 255 61 41 35 255 34 34 34 255 34 34 34 255 34 34 34 255 34 34 34 255 43 40 40 255 62 52 52 255 62 52 52 255 
67 56 55 255 67 56 55 255 59 51 49 255 49 44 43 255 39 37 37 255 34 34 34 255 34 34 34 255 58 39 36 255 107 51 40 255 107 51 40 255 58 39 36 255 54 39 35 255 95 50 37 255 115 56 39 255 115 56 39 255 115 56 39 255 115 56 39 255 115 56 39 255 115 56 39 255 95 50 37 255 54 39 35 255 58 39 36 255 107 51 40 255 107 51 40 255 58 39 36 255 34 34 34 255 34 34 34 255 39 37 37 255 49 44 43 255 62 53 51 255 76 62 60 255 76 62 60 255 
78 63 61 255 78 63 61 255 91 72 68 255 81 66 62 255 49 44 43 255 34 34 34 255 34 34 34 255 52 36 36 255 90 40 42 255 90 40 42 255 52 36 36 255 40 35 34 255 54 39 35 255 61 41 35 255 61 41 35 255 61 41 35 255 61 41 35 255 61 41 35 255 61 41 35 255 54 39 35 255 40 35 34 255 52 36 36 255 90 40 42 255 90 40 42 255 52 36 36 255 34 34 34 255 34 34 34 255 49 44 43 255 81 66 62 255 100 79 73 255 104 82 76 255 104 82 76 255 
73 60 58 255 73 60 58 255 96 75 71 255 94 74 70 255 68 57 54 255 55 48 46 255 55 48 46 255 65 45 46 255 87 38 46 255 82 34 43 255 50 34 37 255 37 34 34 255 45 34 36 255 50 34 37 255 50 34 37 255 50 34 37 255 50 34 37 255 50 34 37 255 50 34 37 255 46 34 36 255 38 34 34 255 50 34 37 255 81 34 43 255 87 38 46 255 65 45 46 255 55 48 46 255 55 48 46 255 68 57 54 255 94 74 70 255 107 83 78 255 107 83 78 255 107 83 78 255 
53 47 46 255 53 46 46 255 73 60 58 255 87 69 66 255 94 74 70 255 97 77 72 255 97 77 72 255 97 66 65 255 97 45 53 255 82 34 43 255 50 34 37 255 45 34 36 255 69 34 41 255 81 34 43 255 81 34 43 255 81 34 43 255 81 34 43 255 81 34 43 255 81 34 43 255 69 34 41 255 46 34 36 255 50 34 37 255 81 34 43 255 97 45 53 255 97 66 65 255 97 77 72 255 97 77 72 255 94 74 70 255 87 69 66 255 83 67 64 255 83 67 64 255 83 67 64 255 
43 40 40 255 43 40 39 255 62 52 51 255 80 65 63 255 98 77 73 255 107 83 78 255 107 83 78 255 106 75 72 255 104 57 61 255 91 49 54 255 67 48 49 255 67 48 49 255 91 49 54 255 103 49 56 255 103 49 56 255 103 49 56 255 103 49 56 255 103 49 56 255 103 49 56 255 91 49 54 255 67 48 49 255 67 48 49 255 91 49 54 255 104 57 61 255 106 75 72 255 107 83 78 255 107 83 78 255 98 77 73 255 80 65 63 255 72 59 58 255 72 59 58 255 72 59 58 255 
43 40 40 255 43 40 39 255 62 52 51 255 74 61 59 255 80 65 63 255 83 67 64 255 83 67 64 255 91 69 67 255 106 75 72 255 109 77 74 255 101 77 73 255 101 77 73 255 109 77 74 255 113 77 75 255 113 77 75 255 113 77 75 255 113 77 75 255 113 77 75 255 113 77 75 255 109 77 74 255 101 77 73 255 101 77 73 255 109 77 74 255 106 75 72 255 91 69 67 255 83 67 64 255 83 67 64 255 80 65 63 255 74 61 59 255 72 59 58 255 72 59 58 255 72 59 58 255 
43 40 40 255 43 40 39 255 62 52 51 255 72 59 58 255 72 59 57 255 72 59 58 255 72 59 57 255 80 65 63 255 98 77 73 255 107 83 78 255 107 83 78 255 107 83 78 255 107 83 78 255 107 83 78 255 107 83 78 255 107 83 78 255 107 83 78 255 107 83 78 255 107 83 78 255 107 83 78 255 107 83 78 255 107 83 78 255 107 83 78 255 98 77 73 255 80 65 63 255 72 59 58 255 72 59 58 255 72 59 58 255 72 59 58 255 74 61 59 255 80 65 63 255 80 65 63 255 
43 40 40 255 43 40 39 255 62 52 51 255 72 59 58 255 72 59 57 255 72 59 58 255 72 59 57 255 74 61 59 255 80 65 63 255 83 67 64 255 83 67 64 255 83 67 64 255 83 67 64 255 83 67 64 255 83 67 64 255 83 67 64 255 83 67 64 255 83 67 64 255 83 67 64 255 83 67 64 255 83 67 64 255 83 67 64 255 83 67 64 255 80 65 63 255 74 61 59 255 72 59 58 255 72 59 58 255 72 59 58 255 72 59 58 255 80 65 63 255 98 77 73 255 98 77 73 255 
43 40 40 255 43 40 39 255 62 52 51 255 72 59 58 255 72 59 57 255 72 59 58 255 72 59 57 255 72 59 58 255 72 59 57 255 72 59 58 255 72 59 57 255 72 59 58 255 72 59 57 255 72 59 58 255 72 59 57 255 72 59 58 255 72 59 57 255 72 59 58 255 72 59 58 255 72 59 58 255 72 59 58 255 72 59 58 255 72 59 58 255 72 59 58 255 72 59 58 255 72 59 58 255 72 59 58 255 72 59 58 255 72 59 58 255 83 67 64 255 107 83 78 255 107 83 78 255 
43 40 40 255 43 40 39 255 62 52 51 255 72 59 58 255 72 59 57 255 72 59 58 255 72 59 57 255 72 59 58 255 72 59 57 255 72 59 58 255 72 59 57 255 72 59 58 255 72 59 57 255 72 59 58 255 72 59 57 255 72 59 58 255 72 59 57 255 72 59 58 255 72 59 58 255 72 59 58 255 72 59 58 255 72 59 58 255 72 59 58 255 72 59 58 255 72 59 58 255 72 59 58 255 72 59 58 255 72 59 58 255 72 59 58 255 83 67 64 255 107 83 78 255 107 83 78 255 
62 53 51 255 62 53 51 255 76 62 60 255 83 67 64 255 83 67 64 255 80 65 63 255 74 61 59 255 72 59 58 255 72 59 57 255 74 61 59 255 80 65 63 255 80 65 63 255 74 61 59 255 74 61 59 255 80 65 63 255 83 67 64 255 83 67 64 255 83 67 64 255 83 67 64 255 83 67 64 255 83 67 64 255 80 65 63 255 74 61 59 255 74 61 59 255 80 65 63 255 83 67 64 255 83 67 64 255 83 67 64 255 83 67 64 255 92 73 69 255 110 85 79 255 110 85 79 255 
100 79 73 255 100 79 73 255 104 82 76 255 107 83 78 255 107 83 78 255 98 77 73 255 80 65 63 255 72 59 58 255 72 59 57 255 80 65 63 255 98 77 73 255 98 77 73 255 80 65 63 255 80 65 63 255 98 77 73 255 107 83 78 255 107 83 78 255 107 83 78 255 107 83 78 255 107 83 78 255 107 83 78 255 98 77 73 255 80 65 63 255 80 65 63 255 98 77 73 255 107 83 78 255 107 83 78 255 107 83 78 255 107 83 78 255 110 85 79 255 116 89 83 255 116 89 83 255 
100 79 73 255 100 79 73 255 104 82 76 255 107 83 78 255 107 83 78 255 98 77 73 255 80 65 63 255 72 59 58 255 72 59 57 255 80 65 63 255 98 77 73 255 98 77 73 255 80 65 63 255 80 65 63 255 98 77 73 255 107 83 78 255 107 83 78 255 107 83 78 255 107 83 78 255 107 83 78 255 107 83 78 255 98 77 73 255 80 65 63 255 80 65 63 255 98 77 73 255 107 83 78 255 107 83 78 255 107 83 78 255 107 83 78 255 110 85 79 255 116 89 83 255 116 89 83 255 
