36 35 35 255 36 35 35 255 41 38 38 255 43 40 40 255 43 40 40 255 50 44 44 255 64 54 53 255 64 54 53 255 50 44 44 255 43 40 40 255 43 40 40 255 43 40 40 255 43 40 40 255 43 40 40 255 43 40 40 255 50 44 44 255 64 54 53 255 72 59 58 255 72 59 58 255 72 59 58 255 72 59 58 255 64 54 53 255 50 44 44 255 50 44 44 255 64 54 53 255 64 54 53 255 50 44 44 255 43 40 40 255 43 40 40 255 46 42 41 255 52 46 45 255 52 46 45 255 
36 35 35 255 36 35 35 255 41 38 38 255 43 40 40 255 43 40 40 255 50 44 44 255 64 54 53 255 64 54 53 255 50 44 44 255 43 40 40 255 43 40 40 255 43 40 40 255 43 40 40 255 43 40 40 255 43 40 40 255 50 44 44 255 64 54 53 255 72 59 58 255 72 59 58 255 72 59 58 255 72 59 58 255 64 54 53 255 50 44 44 255 50 44 44 255 64 54 53 255 64 54 53 255 50 44 44 255 43 40 40 255 43 40 40 255 46 42 41 255 52 46 45 255 52 46 45 255 
41 38 38 255 41 38 38 255 55 48 47 255 62 52 52 255 62 52 51 255 64 54 53 255 69 57 56 255 69 57 56 255 64 54 53 255 62 52 52 255 62 52 51 255 62 52 52 255 62 52 51 255 62 52 52 255 62 52 51 255 64 54 53 255 69 57 56 255 72 59 58 255 72 59 58 255 72 59 58 255 72 59 58 255 69 57 56 255 64 54 53 255 64 54 53 255 69 57 56 255 69 57 56 255 64 54 53 255 62 52 52 255 62 52 52 255 71 58 57 255 88 71 67 255 88 71 67 255 
50 44 44 255 50 44 44 255 64 54 53 255 72 59 58 255 72 59 57 255 72 59 58 255 72 59 57 255 72 59 58 255 72 59 57 255 72 59 58 255 72 59 57 255 72 59 58 255 72 59 57 255 72 59 58 255 72 59 57 255 72 59 58 255 72 59 57 255 72 59 58 255 72 59 58 255 72 59 58 255 72 59 58 255 72 59 58 255 72 59 58 255 72 59 58 255 72 59 58 255 72 59 58 255 72 59 58 255 72 59 58 255 72 59 58 255 83 67 64 255 107 83 78 255 107 83 78 255 
64 54 53 255 64 54 53 255 69 57 56 255 72 59 58 255 72 59 57 255 72 59 58 255 72 59 57 255 72 59 58 255 72 59 57 255 72 59 58 255 72 59 57 255 72 59 58 255 72 59 57 255 72 59 58 255 72 59 57 255 72 59 58 255 72 59 57 255 72 59 58 255 72 59 58 255 72 59 58 255 72 59 58 255 72 59 58 255 72 59 58 255 72 59 58 255 72 59 58 255 72 59 58 255 72 59 58 255 72 59 58 255 72 59 58 255 83 67 64 255 107 83 78 255 107 83 78 255 
72 59 57 255 72 59 58 255 72 59 57 255 72 59 58 255 72 59 57 255 72 59 58 255 72 59 57 255 72 59 58 255 72 59 57 255 72 59 58 255 72 59 57 255 72 59 58 255 72 59 57 255 72 59 58 255 72 59 57 255 72 59 58 255 72 59 57 255 72 59 58 255 72 59 58 255 72 59 58 255 72 59 58 255 72 59 58 255 72 59 58 255 72 59 58 255 72 59 58 255 72 59 58 255 72 59 58 255 72 59 58 255 72 59 58 255 83 67 64 255 107 83 78 255 107 83 78 255 
72 59 57 255 72 59 58 255 72 59 57 255 72 59 58 255 72 59 57 255 72 59 58 255 72 59 57 255 72 59 58 255 72 59 57 255 72 59 58 255 72 59 57 255 72 59 58 255 72 59 57 255 72 59 58 255 72 59 57 255 72 59 58 255 72 59 57 255 72 59 58 255 72 59 58 255 72 59 58 255 72 59 58 255 72 59 58 255 72 59 58 255 72 59 58 255 72 59 58 255 72 59 58 255 72 59 58 255 72 59 58 255 72 59 58 255 83 67 64 255 107 83 78 255 107 83 78 255 
64 54 53 255 64 54 53 255 69 57 56 255 72 59 58 255 72 59 57 255 72 59 58 255 72 59 57 255 72 59 58 255 72 59 57 255 72 59 58 255 72 59 57 255 72 59 58 255 72 59 57 255 72 59 58 255 72 59 57 255 72 59 58 255 72 59 57 255 72 59 58 255 72 59 58 255 72 59 58 255 72 59 58 255 72 59 58 255 72 59 58 255 72 59 58 255 72 59 58 255 72 59 58 255 72 59 58 255 72 59 58 255 72 59 58 255 83 67 64 255 107 83 78 255 107 83 78 255 
50 44 44 255 50 44 44 255 64 54 53 255 72 59 58 255 72 59 57 255 72 59 58 255 72 59 57 255 72 59 58 255 72 59 57 255 72 59 58 255 72 59 57 255 72 59 58 255 72 59 57 255 72 59 58 255 72 59 57 255 72 59 58 255 72 59 57 255 72 59 58 255 72 59 58 255 72 59 58 255 72 59 58 255 72 59 58 255 72 59 58 255 72 59 58 255 72 59 58 255 72 59 58 255 72 59 58 255 72 59 58 255 72 59 58 255 83 67 64 255 107 83 78 255 107 83 78 255 
50 44 44 255 50 44 44 255 64 54 53 255 72 59 58 255 72 59 57 255 72 59 58 255 72 59 57 255 72 59 58 255 72 59 57 255 72 59 58 255 72 59 57 255 72 59 58 255 72 59 57 255 72 59 58 255 72 59 57 255 72 59 58 255 72 59 57 255 72 59 58 255 72 59 58 255 72 59 58 255 72 59 58 255 72 59 58 255 72 59 58 255 72 59 58 255 72 59 58 255 72 59 58 255 72 59 58 255 72 59 58 255 72 59 58 255 83 67 64 255 107 83 78 255 107 83 78 255 
64 54 53 255 64 54 53 255 69 57 56 255 72 59 58 255 72 59 57 255 72 59 58 255 72 59 57 255 72 59 58 255 72 59 57 255 72 59 58 255 72 59 57 255 72 59 58 255 72 59 57 255 72 59 58 255 72 59 57 255 72 59 58 255 72 59 57 255 72 59 58 255 72 59 58 255 72 59 58 255 72 59 58 255 72 59 58 255 72 59 58 255 72 59 58 255 72 59 58 255 72 59 58 255 72 59 58 255 72 59 58 255 72 59 58 255 83 67 64 255 107 83 78 255 107 83 78 255 
64 54 53 255 64 54 53 255 69 57 56 255 72 59 58 255 72 59 57 255 72 59 58 255 72 59 57 255 72 59 58 255 72 59 57 255 72 59 58 255 72 59 57 255 72 59 58 255 72 59 57 255 72 59 58 255 72 59 57 255 72 59 58 255 72 59 57 255 72 59 58 255 72 59 58 255 72 59 58 255 72 59 58 255 72 59 58 255 72 59 58 255 72 59 58 255 72 59 58 255 72 59 58 255 72 59 58 255 72 59 58 255 72 59 58 255 80 65 63 255 98 77 73 255 98 77 73 255 
50 44 44 255 50 44 44 255 64 54 53 255 72 59 58 255 72 59 57 255 72 59 58 255 72 59 57 255 72 59 58 255 72 59 57 255 72 59 58 255 72 59 57 255 72 59 58 255 72 59 57 255 72 59 58 255 72 59 57 255 72 59 58 255 72 59 57 255 72 59 58 255 72 59 58 255 72 59 58 255 72 59 58 255 72 59 58 255 72 59 58 255 72 59 58 255 72 59 58 255 72 59 58 255 72 59 58 255 72 59 58 255 72 59 58 255 74 61 59 255 80 65 63 255 80 65 63 255 
43 40 40 255 43 40 39 255 62 52 51 255 72 59 58 255 72 59 57 255 72 59 58 255 72 59 57 255 72 59 58 255 72 59 57 255 72 59 58 255 72 59 57 255 72 59 58 255 72 59 57 255 72 59 58 255 72 59 57 255 72 59 58 255 72 59 57 255 72 59 58 255 72 59 58 255 72 59 58 255 72 59 58 255 72 59 58 255 72 59 58 255 72 59 58 255 72 59 58 255 72 59 58 255 72 59 58 255 72 59 58 255 72 59 58 255 74 61 59 255 80 65 63 255 80 65 63 255 
43 40 40 255 43 40 39 255 62 52 51 255 72 59 58 255 72 59 57 255 72 59 58 255 72 59 57 255 72 59 58 255 72 59 57 255 72 59 58 255 72 59 57 255 72 59 58 255 72 59 57 255 72 59 58 255 72 59 57 255 72 59 58 255 72 59 57 255 72 59 58 255 72 59 58 255 72 59 58 255 72 59 58 255 72 59 58 255 72 59 58 255 72 59 58 255 72 59 58 255 72 59 58 255 72 59 58 255 72 59 58 255 72 59 58 255 80 65 63 255 98 77 73 255 98 77 73 255 
43 40 40 255 43 40 39 255 62 52 51 255 72 59 58 255 72 59 57 255 72 59 58 255 72 59 57 255 72 59 58 255 72 59 57 255 72 59 58 255 72 59 57 255 72 59 58 255 72 59 57 255 72 59 58 255 72 59 57 255 72 59 58 255 72 59 57 255 72 59 58 255 72 59 58 255 72 59 58 255 72 59 58 255 72 59 58 255 72 59 58 255 72 59 58 255 72 59 58 255 72 59 58 255 72 59 58 255 72 59 58 255 72 59 58 255 80 65 63 255 98 77 73 255 98 77 73 255 
43 40 40 255 43 40 39 255 62 52 51 255 72 59 58 255 72 59 57 255 72 59 58 255 72 59 57 255 72 59 58 255 72 59 57 255 72 59 58 255 72 59 57 255 72 59 58 255 72 59 57 255 72 59 58 255 72 59 57 255 72 59 58 255 72 59 57 255 72 59 58 255 72 59 58 255 72 59 58 255 72 59 58 255 72 59 58 255 72 59 58 255 72 59 58 255 72 59 58 255 72 59 58 255 72 59 58 255 72 59 58 255 72 59 58 255 74 61 59 255 80 65 63 255 80 65 63 255 
50 44 44 255 50 44 44 255 64 54 53 255 72 59 58 255 72 59 57 255 72 59 58 255 72 59 57 255 72 59 58 255 72 59 57 255 72 59 58 255 72 59 57 255 72 59 58 255 72 59 57 255 72 59 58 255 72 59 57 255 72 59 58 255 72 59 57 255 72 59 58 255 72 59 58 255 72 59 58 255 72 59 58 255 72 59 58 255 72 59 58 255 72 59 58 255 72 59 58 255 72 59 58 255 72 59 58 255 72 59 58 255 72 59 58 255 74 61 59 255 80 65 63 255 80 65 63 255 
64 54 53 255 64 54 53 255 69 57 56 255 72 59 58 255 72 59 57 255 72 59 58 255 72 59 57 255 72 59 58 255 72 59 57 255 72 59 58 255 72 59 57 255 72 59 58 255 72 59 57 255 72 59 58 255 72 59 57 255 72 59 58 255 72 59 57 255 72 59 58 255 72 59 58 255 72 59 58 255 72 59 58 255 72 59 58 255 72 59 58 255 72 59 58 255 72 59 58 255 72 59 58 255 72 59 58 255 72 59 58 255 72 59 58 255 80 65 63 255 98 77 73 255 98 77 73 255 
72 59 57 255 72 59 58 255 72 59 57 255 72 59 58 255 72 59 57 255 72 59 58 255 72 59 57 255 72 59 58 255 72 59 57 255 72 59 58 255 72 59 57 255 72 59 58 255 72 59 57 255 72 59 58 255 72 59 57 255 72 59 58 255 72 59 57 255 72 59 58 255 72 59 58 255 72 59 58 255 72 59 58 255 72 59 58 255 72 59 58 255 72 59 58 255 72 59 58 255 72 59 58 255 72 59 58 255 72 59 58 255 72 59 58 255 83 67 64 255 107 83 78 255 107 83 78 255 
72 59 57 255 72 59 58 255 72 59 57 255 72 59 58 255 72 59 57 255 72 59 58 255 72 59 57 255 72 59 58 255 72 59 57 255 72 59 58 255 72 59 57 255 72 59 58 255 72 59 57 255 72 59 58 255 72 59 57 255 72 59 58 255 72 59 57 255 72 59 58 255 72 59 58 255 72 59 58 255 72 59 58 255 72 59 58 255 72 59 58 255 72 59 58 255 72 59 58 255 72 59 58 255 72 59 58 255 72 59 58 255 72 59 58 255 83 67 64 255 107 83 78 255 107 83 78 255 
64 54 53 255 64 54 53 255 69 57 56 255 72 59 58 255 72 59 57 255 72 59 58 255 72 59 57 255 72 59 58 255 72 59 57 255 72 59 58 255 72 59 57 255 72 59 58 255 72 59 57 255 72 59 58 255 72 59 57 255 72 59 58 255 72 59 57 255 72 59 58 255 72 59 58 255 72 59 58 255 72 59 58 255 72 59 58 255 72 59 58 255 72 59 58 255 72 59 58 255 72 59 58 255 72 59 58 255 72 59 58 255 72 59 58 255 80 65 63 255 98 77 73 255 98 77 73 255 
50 44 44 255 50 44 44 255 64 54 53 255 72 59 58 255 72 59 57 255 72 59 58 255 72 59 57 255 72 59 58 255 72 59 57 255 72 59 58 255 72 59 57 255 72 59 58 255 72 59 57 255 72 59 58 255 72 59 57 255 72 59 58 255 72 59 57 255 72 59 58 255 72 59 58 255 72 59 58 255 72 59 58 255 72 59 58 255 72 59 58 255 72 59 58 255 72 59 58 255 72 59 58 255 72 59 58 255 72 59 58 255 72 59 58 255 74 61 59 255 80 65 63 255 80 65 63 255 
43 40 40 255 43 40 39 255 62 52 51 255 72 59 58 255 72 59 57 255 72 59 58 255 72 59 57 255 72 59 58 255 72 59 57 255 72 59 58 255 72 59 57 255 72 59 58 255 72 59 57 255 72 59 58 255 72 59 57 255 72 59 58 255 72 59 57 255 72 59 58 255 72 59 58 255 72 59 58 255 72 59 58 255 72 59 58 255 72 59 58 255 72 59 58 255 72 59 58 255 72 59 58 255 72 59 58 255 72 59 58 255 72 59 58 255 72 59 58 255 72 59 58 255 72 59 58 255 
43 40 40 255 43 40 39 255 62 52 51 255 72 59 58 255 72 59 57 255 72 59 58 255 72 59 57 255 72 59 58 255 72 59 57 255 72 59 58 255 72 59 57 255 72 59 58 255 72 59 57 255 72 59 58 255 72 59 57 255 72 59 58 255 72 59 57 255 72 59 58 255 72 59 58 255 72 59 58 255 72 59 58 255 72 59 58 255 72 59 58 255 72 59 58 255 72 59 58 255 72 59 58 255 72 59 58 255 72 59 58 255 72 59 58 255 72 59 58 255 72 59 58 255 72 59 58 255 
43 40 40 255 43 40 39 255 62 52 51 255 72 59 58 255 72 59 57 255 72 59 58 255 72 59 57 255 72 59 58 255 72 59 57 255 72 59 58 255 72 59 57 255 72 59 58 255 72 59 57 255 72 59 58 255 72 59 57 255 72 59 58 255 72 59 57 255 72 59 58 255 72 59 58 255 72 59 58 255 72 59 58 255 72 59 58 255 72 59 58 255 72 59 58 255 72 59 58 255 72 59 58 255 72 59 58 255 72 59 58 255 72 59 58 255 74 61 59 255 80 65 63 255 80 65 63 255 
43 40 40 255 43 40 39 255 62 52 51 255 72 59 58 255 72 59 57 255 72 59 58 255 72 59 57 255 72 59 58 255 72 59 57 255 72 59 58 255 72 59 57 255 72 59 58 255 72 59 57 255 72 59 58 255 72 59 57 255 72 59 58 255 72 59 57 255 72 59 58 255 72 59 58 255 72 59 58 255 72 59 58 255 72 59 58 255 72 59 58 255 72 59 58 255 72 59 58 255 72 59 58 255 72 59 58 255 72 59 58 255 72 59 58 255 80 65 63 255 98 77 73 255 98 77 73 255 
43 40 40 255 43 40 39 255 62 52 51 255 72 59 58 255 72 59 57 255 72 59 58 255 72 59 57 255 72 59 58 255 72 59 57 255 72 59 58 255 72 59 57 255 72 59 58 255 72 59 57 255 72 59 58 255 72 59 57 255 72 59 58 255 72 59 57 255 72 59 58 255 72 59 58 255 72 59 58 255 72 59 58 255 72 59 58 255 72 59 58 255 72 59 58 255 72 59 58 255 72 59 58 255 72 59 58 255 72 59 58 255 72 59 58 255 83 67 64 255 107 83 78 255 107 83 78 255 
43 40 40 255 43 40 39 255 62 52 51 255 72 59 58 255 72 59 57 255 72 59 58 255 72 59 57 255 72 59 58 255 72 59 57 255 72 59 58 255 72 59 57 255 72 59 58 255 72 59 57 255 72 59 58 255 72 59 57 255 72 59 58 255 72 59 57 255 72 59 58 255 72 59 58 255 72 59 58 255 72 59 58 255 72 59 58 255 72 59 58 255 72 59 58 255 72 59 58 255 72 59 58 255 72 59 58 255 72 59 58 255 72 59 58 255 83 67 64 255 107 83 78 255 107 83 78 255 
62 53 51 255 62 53 51 255 76 62 60 255 83 67 64 255 83 67 64 255 80 65 63 255 74 61 59 255 72 59 58 255 72 59 57 255 74 61 59 255 80 65 63 255 80 65 63 255 74 61 59 255 74 61 59 255 80 65 63 255 83 67 64 255 83 67 64 255 83 67 64 255 83 67 64 255 83 67 64 255 83 67 64 255 80 65 63 255 74 61 59 255 74 61 59 255 80 65 63 255 83 67 64 255 83 67 64 255 83 67 64 255 83 67 64 255 92 73 69 255 110 85 79 255 110 85 79 255 
100 79 73 255 100 79 73 255 104 82 76 255 107 83 78 255 107 83 78 255 98 77 73 255 80 65 63 255 72 59 58 255 72 59 57 255 80 65 63 255 98 77 73 255 98 77 73 255 80 65 63 255 80 65 63 255 98 77 73 255 107 83 78 255 107 83 78 255 107 83 78 255 107 83 78 255 107 83 78 255 107 83 78 255 98 77 73 255 80 65 63 255 80 65 63 255 98 77 73 255 107 83 78 255 107 83 78 255 107 83 78 255 107 83 78 255 110 85 79 255 116 89 83 255 116 89 83 255 
100 79 73 255 100 79 73 255 104 82 76 255 107 83 78 255 107 83 78 255 98 77 73 255 80 65 63 255 72 59 58 255 72 59 57 255 80 65 63 255 98 77 73 255 98 77 73 255 80 65 63 255 80 65 63 255 98 77 73 255 107 83 78 255 107 83 78 255 107 83 78 255 107 83 78 255 107 83 78 255 107 83 78 255 98 77 73 255 80 65 63 255 80 65 63 255 98 77 73 255 107 83 78 255 107 83 78 255 107 83 78 255 107 83 78 255 110 85 79 255 116 89 83 255 116 89 83 255 
