36 35 35 255 36 35 35 255 41 38 38 255 43 40 40 255 43 40 40 255 50 44 44 255 64 54 53 255 64 54 53 255 50 44 44 255 43 40 40 255 43 40 40 255 43 40 40 255 43 40 40 255 43 40 40 255 43 40 40 255 50 44 44 255 64 54 53 255 72 59 58 255 72 59 58 255 72 59 58 255 72 59 58 255 64 54 53 255 50 44 44 255 50 44 44 255 64 54 53 255 64 54 53 255 50 44 44 255 43 40 40 255 43 40 40 255 46 42 41 255 52 46 45 255 52 46 45 255 
36 35 35 255 36 35 35 255 41 38 38 255 43 40 40 255 43 40 40 255 50 44 44 255 64 54 53 255 64 54 53 255 50 44 44 255 43 40 40 255 43 40 40 255 43 40 40 255 43 40 40 255 43 40 40 255 43 40 40 255 50 44 44 255 64 54 53 255 72 59 58 255 72 59 58 255 72 59 58 255 72 59 58 255 64 54 53 255 50 44 44 255 50 44 44 255 64 54 53 255 64 54 53 255 50 44 44 255 43 40 40 255 43 40 40 255 46 42 41 255 52 46 45 255 52 46 45 255 
41 38 38 255 41 38 38 255 55 48 47 255 62 52 52 255 62 52 51 255 64 54 53 255 69 57 56 255 69 57 56 255 64 54 53 255 62 52 52 255 62 52 51 255 62 52 52 255 62 52 51 255 62 52 52 255 62 52 51 255 64 54 53 255 69 57 56 255 72 59 58 255 72 59 58 255 72 59 58 255 72 59 58 255 69 57 56 255 64 54 53 255 64 54 53 255 69 57 56 255 69 57 56 255 64 54 53 255 62 52 52 255 62 52 52 255 71 58 57 255 88 71 67 255 88 71 67 255 
50 44 44 255 50 44 44 255 64 54 53 255 72 59 58 255 72 59 57 255 72 59 58 255 72 59 57 255 72 59 58 255 72 59 57 255 72 59 58 255 72 59 57 255 72 59 58 255 72 59 57 255 72 59 58 255 72 59 57 255 72 59 58 255 72 59 57 255 72 59 58 255 72 59 58 255 72 59 58 255 72 59 58 255 72 59 58 255 72 59 58 255 72 59 58 255 72 59 58 255 72 59 58 255 72 59 58 255 72 59 58 255 72 59 58 255 83 67 64 255 107 83 78 255 107 83 78 255 
64 54 53 255 64 54 53 255 69 57 56 255 72 59 58 255 72 59 57 255 72 59 58 255 72 59 57 255 72 59 58 255 72 59 57 255 72 59 58 255 72 59 57 255 72 59 58 255 72 59 57 255 72 59 58 255 72 59 57 255 72 59 58 255 72 59 57 255 72 59 58 255 72 59 58 255 72 59 58 255 72 59 58 255 72 59 58 255 72 59 58 255 72 59 58 255 72 59 58 255 72 59 58 255 72 59 58 255 72 59 58 255 72 59 58 255 83 67 64 255 107 83 78 255 107 83 78 255 
72 59 57 255 72 59 58 255 72 59 57 255 72 59 58 255 72 59 57 255 69 57 56 255 64 54 53 255 76 66 64 255 103 92 90 255 103 92 90 255 76 66 64 255 64 54 53 255 69 57 56 255 72 59 58 255 72 59 57 255 72 59 58 255 72 59 57 255 72 59 58 255 72 59 58 255 69 57 56 255 64 54 53 255 76 66 64 255 103 92 90 255 103 92 90 255 76 66 64 255 64 54 53 255 69 57 56 255 72 59 58 255 72 59 58 255 83 67 64 255 107 83 78 255 107 83 78 255 
72 59 57 255 72 59 58 255 72 59 57 255 72 59 58 255 72 59 57 255 64 54 53 255 50 44 44 255 84 80 78 255 166 160 154 255 166 160 154 255 84 80 78 255 50 44 44 255 64 54 53 255 72 59 58 255 72 59 57 255 72 59 58 255 72 59 57 255 72 59 58 255 72 59 58 255 64 54 53 255 50 44 44 255 84 80 78 255 166 160 154 255 166 160 154 255 84 80 78 255 50 44 44 255 64 54 53 255 72 59 58 255 72 59 58 255 83 67 64 255 107 83 78 255 107 83 78 255 
64 54 53 255 64 54 53 255 69 57 56 255 69 57 56 255 64 54 53 255 55 48 47 255 41 38 38 255 88 87 84 255 198 193 186 255 198 193 186 255 88 87 84 255 41 38 38 255 55 48 47 255 64 54 53 255 69 57 56 255 72 59 58 255 72 59 57 255 69 57 56 255 64 54 53 255 55 48 47 255 41 38 38 255 88 87 84 255 198 193 186 255 198 193 186 255 88 87 84 255 41 38 38 255 55 48 47 255 64 54 53 255 69 57 56 255 83 67 64 255 107 83 78 255 107 83 78 255 
50 44 44 255 50 44 44 255 64 54 53 255 64 54 53 255 50 44 44 255 41 38 38 255 36 35 35 255 88 87 84 255 198 193 186 255 198 193 186 255 88 87 84 255 36 35 35 255 41 38 38 255 50 44 44 255 64 54 53 255 72 59 58 255 72 59 57 255 64 54 53 255 50 44 44 255 41 38 38 255 36 35 35 255 88 87 84 255 198 193 186 255 198 193 186 255 88 87 84 255 36 35 35 255 41 38 38 255 50 44 44 255 64 54 53 255 83 67 64 255 107 83 78 255 107 83 78 255 
50 44 44 255 50 44 44 255 64 54 53 255 67 56 55 255 59 51 49 255 51 52 51 255 44 61 60 255 81 105 102 255 163 185 178 255 175 190 183 255 117 121 117 255 80 77 75 255 63 58 56 255 59 51 49 255 67 56 55 255 72 59 58 255 72 59 57 255 67 56 55 255 59 51 49 255 51 52 51 255 44 61 60 255 81 105 102 255 163 185 178 255 175 190 183 255 117 121 117 255 80 77 75 255 63 58 56 255 59 51 49 255 67 56 55 255 83 67 64 255 107 83 78 255 107 83 78 255 
64 54 53 255 64 54 53 255 69 57 56 255 78 63 61 255 91 72 68 255 86 90 85 255 64 115 112 255 67 141 138 255 94 167 163 255 130 184 178 255 175 190 183 255 173 164 157 255 122 106 100 255 91 72 68 255 78 63 61 255 72 59 58 255 72 59 57 255 78 63 61 255 91 72 68 255 86 90 85 255 64 115 112 255 67 141 138 255 94 167 163 255 130 184 178 255 175 190 183 255 173 164 157 255 122 106 100 255 91 72 68 255 78 63 61 255 83 67 64 255 107 83 78 255 107 83 78 255 
64 54 53 255 64 54 53 255 69 57 56 255 80 65 63 255 98 77 73 255 99 98 93 255 82 127 123 255 74 142 138 255 74 142 138 255 110 158 153 255 183 191 183 255 191 177 168 255 135 114 108 255 98 77 73 255 80 65 63 255 72 59 58 255 72 59 57 255 80 65 63 255 98 77 73 255 99 98 93 255 82 127 123 255 74 142 138 255 74 142 138 255 110 158 153 255 183 191 183 255 191 177 168 255 135 114 108 255 98 77 73 255 80 65 63 255 80 65 63 255 98 77 73 255 98 77 73 255 
50 44 44 255 50 44 44 255 64 54 53 255 74 61 59 255 80 65 63 255 88 77 74 255 99 98 93 255 104 108 102 255 104 108 102 255 116 114 107 255 140 125 117 255 135 114 108 255 100 83 79 255 80 65 63 255 74 61 59 255 72 59 58 255 72 59 57 255 74 61 59 255 80 65 63 255 88 77 74 255 99 98 93 255 104 108 102 255 104 108 102 255 116 114 107 255 140 125 117 255 135 114 108 255 100 83 79 255 80 65 63 255 74 61 59 255 74 61 59 255 80 65 63 255 80 65 63 255 
43 40 40 255 43 40 39 255 62 52 51 255 72 59 58 255 72 59 57 255 80 65 63 255 98 77 73 255 107 83 78 255 107 83 78 255 107 83 78 255 107 83 78 255 98 77 73 255 80 65 63 255 72 59 58 255 72 59 57 255 72 59 58 255 72 59 57 255 72 59 58 255 72 59 58 255 80 65 63 255 98 77 73 255 107 83 78 255 107 83 78 255 107 83 78 255 107 83 78 255 98 77 73 255 80 65 63 255 72 59 58 255 72 59 58 255 74 61 59 255 80 65 63 255 80 65 63 255 
43 40 40 255 43 40 39 255 62 52 51 255 72 59 58 255 72 59 57 255 74 61 59 255 80 65 63 255 83 67 64 255 83 67 64 255 83 67 64 255 83 67 64 255 80 65 63 255 74 61 59 255 72 59 58 255 72 59 57 255 72 59 58 255 72 59 57 255 72 59 58 255 72 59 58 255 74 61 59 255 80 65 63 255 83 67 64 255 83 67 64 255 83 67 64 255 83 67 64 255 80 65 63 255 74 61 59 255 72 59 58 255 72 59 58 255 80 65 63 255 98 77 73 255 98 77 73 255 
43 40 40 255 43 40 39 255 62 52 51 255 72 59 58 255 72 59 57 255 72 59 58 255 72 59 57 255 72 59 58 255 72 59 57 255 72 59 58 255 72 59 57 255 72 59 58 255 72 59 57 255 72 59 58 255 72 59 57 255 72 59 58 255 72 59 57 255 72 59 58 255 72 59 58 255 72 59 58 255 72 59 58 255 72 59 58 255 72 59 58 255 72 59 58 255 72 59 58 255 72 59 58 255 72 59 58 255 72 59 58 255 72 59 58 255 80 65 63 255 98 77 73 255 98 77 73 255 
43 40 40 255 43 40 39 255 62 52 51 255 72 59 58 255 72 59 57 255 72 59 58 255 72 59 57 255 72 59 58 255 72 59 57 255 72 59 58 255 72 59 57 255 72 59 58 255 72 59 57 255 72 59 58 255 72 59 57 255 72 59 58 255 72 59 57 255 72 59 58 255 72 59 58 255 72 59 58 255 72 59 58 255 72 59 58 255 72 59 58 255 72 59 58 255 72 59 58 255 72 59 58 255 72 59 58 255 72 59 58 255 72 59 58 255 74 61 59 255 80 65 63 255 80 65 63 255 
50 44 44 255 50 44 44 255 64 54 53 255 72 59 58 255 72 59 57 255 69 57 56 255 64 54 53 255 76 66 64 255 103 92 90 255 103 92 90 255 76 66 64 255 64 54 53 255 69 57 56 255 72 59 58 255 72 59 57 255 72 59 58 255 72 59 57 255 72 59 58 255 72 59 58 255 69 57 56 255 64 54 53 255 76 66 64 255 103 92 90 255 103 92 90 255 76 66 64 255 64 54 53 255 69 57 56 255 72 59 58 255 72 59 58 255 74 61 59 255 80 65 63 255 80 65 63 255 
64 54 53 255 64 54 53 255 69 57 56 255 72 59 58 255 72 59 57 255 64 54 53 255 50 44 44 255 84 80 78 255 166 160 154 255 166 160 154 255 84 80 78 255 50 44 44 255 64 54 53 255 72 59 58 255 72 59 57 255 72 59 58 255 72 59 57 255 72 59 58 255 72 59 58 255 64 54 53 255 50 44 44 255 84 80 78 255 166 160 154 255 166 160 154 255 84 80 78 255 50 44 44 255 64 54 53 255 72 59 58 255 72 59 58 255 80 65 63 255 98 77 73 255 98 77 73 255 
72 59 57 255 72 59 58 255 72 59 57 255 69 57 56 255 64 54 53 255 55 48 47 255 41 38 38 255 88 87 84 255 198 193 186 255 198 193 186 255 88 87 84 255 41 38 38 255 55 48 47 255 64 54 53 255 69 57 56 255 72 59 58 255 72 59 57 255 69 57 56 255 64 54 53 255 55 48 47 255 41 38 38 255 88 87 84 255 198 193 186 255 198 193 186 255 88 87 84 255 41 38 38 255 55 48 47 255 64 54 53 255 69 57 56 255 83 67 64 255 107 83 78 255 107 83 78 255 
72 59 57 255 72 59 58 255 72 59 57 255 64 54 53 255 50 44 44 255 41 38 38 255 36 35 35 255 88 87 84 255 198 193 186 255 198 193 186 255 88 87 84 255 36 35 35 255 41 38 38 255 50 44 44 255 64 54 53 255 72 59 58 255 72 59 57 255 64 54 53 255 50 44 44 255 41 38 38 255 36 35 35 255 88 87 84 255 198 193 186 255 198 193 186 255 88 87 84 255 36 35 35 255 41 38 38 255 50 44 44 255 64 54 53 255 83 67 64 255 107 83 78 255 107 83 78 255 
64 54 53 255 64 54 53 255 69 57 56 255 67 56 55 255 59 51 49 255 51 52 51 255 44 61 60 255 81 105 102 255 163 185 178 255 163 185 178 255 81 105 102 255 44 61 60 255 51 52 51 255 59 51 49 255 67 56 55 255 72 59 58 255 72 59 57 255 67 56 55 255 59 51 49 255 51 52 51 255 44 61 60 255 81 105 102 255 163 185 178 255 175 190 183 255 117 121 117 255 80 77 75 255 63 58 56 255 59 51 49 255 67 56 55 255 80 65 63 255 98 77 73 255 98 77 73 255 
50 44 44 255 50 44 44 255 64 54 53 255 78 63 61 255 91 72 68 255 86 90 85 255 64 115 112 255 67 141 138 255 94 167 163 255 94 167 163 255 67 141 138 255 64 115 112 255 86 90 85 255 91 72 68 255 78 63 61 255 72 59 58 255 72 59 57 255 78 63 61 255 91 72 68 255 86 90 85 255 64 115 112 255 67 141 138 255 94 167 163 255 130 184 178 255 175 190 183 255 173 164 157 255 122 106 100 255 91 72 68 255 78 63 61 255 74 61 59 255 80 65 63 255 80 65 63 255 
43 40 40 255 43 40 39 255 62 52 51 255 80 65 63 255 98 77 73 255 99 98 93 255 82 127 123 255 74 142 138 255 74 142 138 255 74 142 138 255 74 142 138 255 82 127 123 255 99 98 93 255 98 77 73 255 80 65 63 255 72 59 58 255 72 59 57 255 80 65 63 255 98 77 73 255 99 98 93 255 82 127 123 255 74 142 138 255 74 142 138 255 110 158 153 255 183 191 183 255 191 177 168 255 135 114 108 255 98 77 73 255 80 65 63 255 72 59 58 255 72 59 58 255 72 59 58 255 
43 40 40 255 43 40 39 255 62 52 51 255 74 61 59 255 80 65 63 255 88 77 74 255 99 98 93 255 104 108 102 255 104 108 102 255 104 108 102 255 104 108 102 255 99 98 93 255 88 77 74 255 80 65 63 255 74 61 59 255 72 59 58 255 72 59 57 255 74 61 59 255 80 65 63 255 88 77 74 255 99 98 93 255 104 108 102 255 104 108 102 255 116 114 107 255 140 125 117 255 135 114 108 255 100 83 79 255 80 65 63 255 74 61 59 255 72 59 58 255 72 59 58 255 72 59 58 255 
43 40 40 255 43 40 39 255 62 52 51 255 72 59 58 255 72 59 57 255 80 65 63 255 98 77 73 255 107 83 78 255 107 83 78 255 107 83 78 255 107 83 78 255 98 77 73 255 80 65 63 255 72 59 58 255 72 59 57 255 72 59 58 255 72 59 57 255 72 59 58 255 72 59 58 255 80 65 63 255 98 77 73 255 107 83 78 255 107 83 78 255 107 83 78 255 107 83 78 255 98 77 73 255 80 65 63 255 72 59 58 255 72 59 58 255 74 61 59 255 80 65 63 255 80 65 63 255 
43 40 40 255 43 40 39 255 62 52 51 255 72 59 58 255 72 59 57 255 74 61 59 255 80 65 63 255 83 67 64 255 83 67 64 255 83 67 64 255 83 67 64 255 80 65 63 255 74 61 59 255 72 59 58 255 72 59 57 255 72 59 58 255 72 59 57 255 72 59 58 255 72 59 58 255 74 61 59 255 80 65 63 255 83 67 64 255 83 67 64 255 83 67 64 255 83 67 64 255 80 65 63 255 74 61 59 255 72 59 58 255 72 59 58 255 80 65 63 255 98 77 73 255 98 77 73 255 
43 40 40 255 43 40 39 255 62 52 51 255 72 59 58 255 72 59 57 255 72 59 58 255 72 59 57 255 72 59 58 255 72 59 57 255 72 59 58 255 72 59 57 255 72 59 58 255 72 59 57 255 72 59 58 255 72 59 57 255 72 59 58 255 72 59 57 255 72 59 58 255 72 59 58 255 72 59 58 255 72 59 58 255 72 59 58 255 72 59 58 255 72 59 58 255 72 59 58 255 72 59 58 255 72 59 58 255 72 59 58 255 72 59 58 255 83 67 64 255 107 83 78 255 107 83 78 255 
43 40 40 255 43 40 39 255 62 52 51 255 72 59 58 255 72 59 57 255 72 59 58 255 72 59 57 255 72 59 58 255 72 59 57 255 72 59 58 255 72 59 57 255 72 59 58 255 72 59 57 255 72 59 58 255 72 59 57 255 72 59 58 255 72 59 57 255 72 59 58 255 72 59 58 255 72 59 58 255 72 59 58 255 72 59 58 255 72 59 58 255 72 59 58 255 72 59 58 255 72 59 58 255 72 59 58 255 72 59 58 255 72 59 58 255 83 67 64 255 107 83 78 255 107 83 78 255 
62 53 51 255 62 53 51 255 76 62 60 255 83 67 64 255 83 67 64 255 80 65 63 255 74 61 59 255 72 59 58 255 72 59 57 255 74 61 59 255 80 65 63 255 80 65 63 255 74 61 59 255 74 61 59 255 80 65 63 255 83 67 64 255 83 67 64 255 83 67 64 255 83 67 64 255 83 67 64 255 83 67 64 255 80 65 63 255 74 61 59 255 74 61 59 255 80 65 63 255 83 67 64 255 83 67 64 255 83 67 64 255 83 67 64 255 92 73 69 255 110 85 79 255 110 85 79 255 
100 79 73 255 100 79 73 255 104 82 76 255 107 83 78 255 107 83 78 255 98 77 73 255 80 65 63 255 72 59 58 255 72 59 57 255 80 65 63 255 98 77 73 255 98 77 73 255 80 65 63 255 80 65 63 255 98 77 73 255 107 83 78 255 107 83 78 255 107 83 78 255 107 83 78 255 107 83 78 255 107 83 78 255 98 77 73 255 80 65 63 255 80 65 63 255 98 77 73 255 107 83 78 255 107 83 78 255 107 83 78 255 107 83 78 255 110 85 79 255 116 89 83 255 116 89 83 255 
100 79 73 255 100 79 73 255 104 82 76 255 107 83 78 255 107 83 78 255 98 77 73 255 80 65 63 255 72 59 58 255 72 59 57 255 80 65 63 255 98 77 73 255 98 77 73 255 80 65 63 255 80 65 63 255 98 77 73 255 107 83 78 255 107 83 78 255 107 83 78 255 107 83 78 255 107 83 78 255 107 83 78 255 98 77 73 255 80 65 63 255 80 65 63 255 98 77 73 255 107 83 78 255 107 83 78 255 107 83 78 255 107 83 78 255 110 85 79 255 116 89 83 255 116 89 83 255 
