36 35 35 255 36 35 35 255 41 38 38 255 43 40 40 255 43 40 40 255 50 44 44 255 64 54 53 255 64 54 53 255 50 44 44 255 43 40 40 255 43 40 40 255 43 40 40 255 43 40 40 255 43 40 40 255 43 40 40 255 50 44 44 255 64 54 53 255 72 59 58 255 72 59 58 255 72 59 58 255 72 59 58 255 64 54 53 255 50 44 44 255 50 44 44 255 64 54 53 255 64 54 53 255 50 44 44 255 43 40 40 255 43 40 40 255 46 42 41 255 52 46 45 255 52 46 45 255 
36 35 35 255 36 35 35 255 41 38 38 255 43 40 40 255 43 40 40 255 50 44 44 255 64 54 53 255 64 54 53 255 50 44 44 255 43 40 40 255 43 40 40 255 43 40 40 255 43 40 40 255 43 40 40 255 43 40 40 255 50 44 44 255 64 54 53 255 72 59 58 255 72 59 58 255 72 59 58 255 72 59 58 255 64 54 53 255 50 44 44 255 50 44 44 255 64 54 53 255 64 54 53 255 50 44 44 255 43 40 40 255 43 40 40 255 46 42 41 255 52 46 45 255 52 46 45 255 
41 38 38 255 41 38 38 255 55 48 47 255 62 52 52 255 62 52 51 255 64 54 53 255 69 57 56 255 69 57 56 255 64 54 53 255 62 52 52 255 62 52 51 255 62 52 52 255 62 52 51 255 62 52 52 255 62 52 51 255 64 54 53 255 69 57 56 255 72 59 58 255 72 59 58 255 72 59 58 255 72 59 58 255 69 57 56 255 64 54 53 255 64 54 53 255 69 57 56 255 69 57 56 255 64 54 53 255 62 52 52 255 62 52 52 255 71 58 57 255 88 71 67 255 88 71 67 255 
50 44 44 255 50 44 44 255 64 54 53 255 72 59 58 255 72 59 57 255 72 59 58 255 72 59 57 255 83 70 69 255 105 94 91 255 105 94 91 255 83 70 69 255 72 59 58 255 72 59 57 255 72 59 58 255 72 59 57 255 72 59 58 255 72 59 57 255 72 59 58 255 72 59 58 255 72 59 58 255 72 59 58 255 83 70 69 255 105 94 91 255 105 94 91 255 83 70 69 255 72 59 58 255 72 59 58 255 72 59 58 255 72 59 58 255 83 67 64 255 107 83 78 255 107 83 78 255 
64 54 53 255 64 54 53 255 69 57 56 255 72 59 58 255 72 59 57 255 72 59 58 255 72 59 57 255 105 94 91 255 173 164 158 255 173 164 158 255 105 94 91 255 72 59 58 255 72 59 57 255 72 59 58 255 72 59 57 255 72 59 58 255 72 59 57 255 72 59 58 255 72 59 58 255 72 59 58 255 72 59 58 255 105 94 91 255 173 164 158 255 173 164 158 255 105 94 91 255 72 59 58 255 72 59 58 255 72 59 58 255 72 59 58 255 83 67 64 255 107 83 78 255 107 83 78 255 
72 59 57 255 72 59 58 255 72 59 57 255 72 59 58 255 72 59 57 255 72 59 58 255 72 59 57 255 117 105 102 255 207 199 192 255 207 200 192 255 117 106 102 255 72 59 58 255 72 59 57 255 72 59 58 255 72 59 57 255 72 59 58 255 72 59 57 255 72 59 58 255 72 59 58 255 72 59 58 255 72 59 58 255 117 105 102 255 207 200 192 255 207 200 192 255 117 105 102 255 72 59 58 255 72 59 58 255 72 59 58 255 72 59 58 255 83 67 64 255 107 83 78 255 107 83 78 255 
72 59 57 255 72 59 58 255 72 59 57 255 72 59 58 255 72 59 57 255 72 59 58 255 72 59 57 255 117 105 102 255 207 199 192 255 207 200 192 255 117 106 102 255 72 59 58 255 72 59 57 255 72 59 58 255 72 59 57 255 72 59 58 255 72 59 57 255 72 59 58 255 72 59 58 255 72 59 58 255 72 59 58 255 117 105 102 255 207 200 192 255 207 200 192 255 117 105 102 255 72 59 58 255 72 59 58 255 72 59 58 255 72 59 58 255 83 67 64 255 107 83 78 255 107 83 78 255 
64 54 53 255 64 54 53 255 69 57 56 255 69 57 56 255 64 54 53 255 64 60 59 255 67 76 74 255 102 119 116 255 170 189 183 255 182 195 188 255 139 135 131 255 103 92 90 255 76 66 64 255 64 54 53 255 69 57 56 255 72 59 58 255 72 59 57 255 69 57 56 255 64 54 53 255 64 60 59 255 67 76 74 255 102 119 116 255 170 189 183 255 182 195 188 255 139 135 131 255 103 92 90 255 76 66 64 255 64 54 53 255 69 57 56 255 83 67 64 255 107 83 78 255 107 83 78 255 
50 44 44 255 50 44 44 255 64 54 53 255 64 54 53 255 50 44 44 255 48 63 62 255 58 110 108 255 74 145 142 255 96 169 165 255 133 185 180 255 182 195 188 255 166 160 154 255 84 80 78 255 50 44 44 255 64 54 53 255 72 59 58 255 72 59 57 255 64 54 53 255 50 44 44 255 48 63 62 255 58 110 108 255 74 145 142 255 96 169 165 255 133 185 180 255 182 195 188 255 166 160 154 255 84 80 78 255 50 44 44 255 64 54 53 255 83 67 64 255 107 83 78 255 107 83 78 255 
50 44 44 255 50 44 44 255 64 54 53 255 67 56 55 255 59 51 49 255 56 76 74 255 58 131 128 255 60 159 156 255 60 159 156 255 108 180 176 255 204 224 216 255 203 197 189 255 104 98 94 255 59 51 49 255 67 56 55 255 72 59 58 255 72 59 57 255 67 56 55 255 59 51 49 255 56 76 74 255 58 131 128 255 60 159 156 255 60 159 156 255 108 181 176 255 204 225 216 255 203 197 189 255 104 98 94 255 59 51 49 255 67 56 55 255 83 67 64 255 107 83 78 255 107 83 78 255 
64 54 53 255 64 54 53 255 69 57 56 255 78 63 61 255 91 72 68 255 88 97 93 255 69 138 135 255 60 159 156 255 60 159 156 255 108 180 176 255 204 224 216 255 214 204 195 255 136 119 113 255 91 72 68 255 78 63 61 255 72 59 58 255 72 59 57 255 78 63 61 255 91 72 68 255 88 97 93 255 69 138 135 255 60 159 156 255 60 159 156 255 108 181 176 255 204 225 216 255 214 204 195 255 136 119 113 255 91 72 68 255 78 63 61 255 83 67 64 255 107 83 78 255 107 83 78 255 
64 54 53 255 64 54 53 255 69 57 56 255 80 65 63 255 98 77 73 255 99 98 93 255 82 127 123 255 74 142 138 255 74 142 138 255 110 158 153 255 183 191 183 255 191 177 168 255 135 114 108 255 98 77 73 255 80 65 63 255 72 59 58 255 72 59 57 255 80 65 63 255 98 77 73 255 99 98 93 255 82 127 123 255 74 142 138 255 74 142 138 255 110 158 153 255 183 191 183 255 191 177 168 255 135 114 108 255 98 77 73 255 80 65 63 255 80 65 63 255 98 77 73 255 98 77 73 255 
50 44 44 255 50 44 44 255 64 54 53 255 74 61 59 255 80 65 63 255 88 77 74 255 99 98 93 255 104 108 102 255 104 108 102 255 116 114 107 255 140 125 117 255 135 114 108 255 100 83 79 255 80 65 63 255 74 61 59 255 72 59 58 255 72 59 57 255 74 61 59 255 80 65 63 255 88 77 74 255 99 98 93 255 104 108 102 255 104 108 102 255 116 114 107 255 140 125 117 255 135 114 108 255 100 83 79 255 80 65 63 255 74 61 59 255 74 61 59 255 80 65 63 255 80 65 63 255 
43 40 40 255 43 40 39 255 62 52 51 255 72 59 58 255 72 59 57 255 80 65 63 255 98 77 73 255 107 83 78 255 107 83 78 255 107 83 78 255 107 83 78 255 98 77 73 255 80 65 63 255 72 59 58 255 72 59 57 255 72 59 58 255 72 59 57 255 72 59 58 255 72 59 58 255 80 65 63 255 98 77 73 255 107 83 78 255 107 83 78 255 107 83 78 255 107 83 78 255 98 77 73 255 80 65 63 255 72 59 58 255 72 59 58 255 74 61 59 255 80 65 63 255 80 65 63 255 
43 40 40 255 43 40 39 255 62 52 51 255 72 59 58 255 72 59 57 255 74 61 59 255 80 65 63 255 83 67 64 255 83 67 64 255 83 67 64 255 83 67 64 255 80 65 63 255 74 61 59 255 72 59 58 255 72 59 57 255 72 59 58 255 72 59 57 255 72 59 58 255 72 59 58 255 74 61 59 255 80 65 63 255 83 67 64 255 83 67 64 255 83 67 64 255 83 67 64 255 80 65 63 255 74 61 59 255 72 59 58 255 72 59 58 255 80 65 63 255 98 77 73 255 98 77 73 255 
43 40 40 255 43 40 39 255 62 52 51 255 72 59 58 255 72 59 57 255 72 59 58 255 72 59 57 255 83 70 69 255 105 94 91 255 105 94 91 255 83 70 69 255 72 59 58 255 72 59 57 255 72 59 58 255 72 59 57 255 72 59 58 255 72 59 57 255 72 59 58 255 72 59 58 255 72 59 58 255 72 59 58 255 83 70 69 255 105 94 91 255 105 94 91 255 83 70 69 255 72 59 58 255 72 59 58 255 72 59 58 255 72 59 58 255 80 65 63 255 98 77 73 255 98 77 73 255 
43 40 40 255 43 40 39 255 62 52 51 255 72 59 58 255 72 59 57 255 72 59 58 255 72 59 57 255 105 94 91 255 173 164 158 255 173 164 158 255 105 94 91 255 72 59 58 255 72 59 57 255 72 59 58 255 72 59 57 255 72 59 58 255 72 59 57 255 72 59 58 255 72 59 58 255 72 59 58 255 72 59 58 255 105 94 91 255 173 164 158 255 173 164 158 255 105 94 91 255 72 59 58 255 72 59 58 255 72 59 58 255 72 59 58 255 74 61 59 255 80 65 63 255 80 65 63 255 
50 44 44 255 50 44 44 255 64 54 53 255 72 59 58 255 72 59 57 255 72 59 58 255 72 59 57 255 117 105 102 255 207 199 192 255 207 200 192 255 117 106 102 255 72 59 58 255 72 59 57 255 72 59 58 255 72 59 57 255 72 59 58 255 72 59 57 255 72 59 58 255 72 59 58 255 72 59 58 255 72 59 58 255 117 105 102 255 207 200 192 255 207 200 192 255 117 105 102 255 72 59 58 255 72 59 58 255 72 59 58 255 72 59 58 255 74 61 59 255 80 65 63 255 80 65 63 255 
64 54 53 255 64 54 53 255 69 57 56 255 72 59 58 255 72 59 57 255 72 59 58 255 72 59 57 255 117 105 102 255 207 199 192 255 207 200 192 255 117 106 102 255 72 59 58 255 72 59 57 255 72 59 58 255 72 59 57 255 72 59 58 255 72 59 57 255 72 59 58 255 72 59 58 255 72 59 58 255 72 59 58 255 117 105 102 255 207 200 192 255 207 200 192 255 117 105 102 255 72 59 58 255 72 59 58 255 72 59 58 255 72 59 58 255 80 65 63 255 98 77 73 255 98 77 73 255 
72 59 57 255 72 59 58 255 72 59 57 255 69 57 56 255 64 54 53 255 64 60 59 255 67 76 74 255 102 119 116 255 170 189 183 255 182 195 188 255 139 135 131 255 103 92 90 255 76 66 64 255 64 54 53 255 69 57 56 255 72 59 58 255 72 59 57 255 69 57 56 255 64 54 53 255 64 60 59 255 67 76 74 255 102 119 116 255 170 189 183 255 182 195 188 255 139 135 131 255 103 92 90 255 76 66 64 255 64 54 53 255 69 57 56 255 83 67 64 255 107 83 78 255 107 83 78 255 
72 59 57 255 72 59 58 255 72 59 57 255 64 54 53 255 50 44 44 255 48 63 62 255 58 110 108 255 74 145 142 255 96 169 165 255 133 185 180 255 182 195 188 255 166 160 154 255 84 80 78 255 50 44 44 255 64 54 53 255 72 59 58 255 72 59 57 255 64 54 53 255 50 44 44 255 48 63 62 255 58 110 108 255 74 145 142 255 96 169 165 255 133 185 180 255 182 195 188 255 166 160 154 255 84 80 78 255 50 44 44 255 64 54 53 255 83 67 64 255 107 83 78 255 107 83 78 255 
64 54 53 255 64 54 53 255 69 57 56 255 67 56 55 255 59 51 49 255 56 76 74 255 58 131 128 255 60 159 156 255 60 159 156 255 108 180 176 255 204 224 216 255 203 197 189 255 104 98 94 255 59 51 49 255 67 56 55 255 72 59 58 255 72 59 57 255 67 56 55 255 59 51 49 255 56 76 74 255 58 131 128 255 60 159 156 255 60 159 156 255 108 181 176 255 204 225 216 255 203 197 189 255 104 98 94 255 59 51 49 255 67 56 55 255 80 65 63 255 98 77 73 255 98 77 73 255 
50 44 44 255 50 44 44 255 64 54 53 255 78 63 61 255 91 72 68 255 88 97 93 255 69 138 135 255 60 159 156 255 60 159 156 255 108 180 176 255 204 224 216 255 214 204 195 255 136 119 113 255 91 72 68 255 78 63 61 255 72 59 58 255 72 59 57 255 78 63 61 255 91 72 68 255 88 97 93 255 69 138 135 255 60 159 156 255 60 159 156 255 108 181 176 255 204 225 216 255 214 204 195 255 136 119 113 255 91 72 68 255 78 63 61 255 74 61 59 255 80 65 63 255 80 65 63 255 
43 40 40 255 43 40 39 255 62 52 51 255 80 65 63 255 98 77 73 255 99 98 93 255 82 127 123 255 74 142 138 255 74 142 138 255 110 158 153 255 183 191 183 255 191 177 168 255 135 114 108 255 98 77 73 255 80 65 63 255 72 59 58 255 72 59 57 255 80 65 63 255 98 77 73 255 99 98 93 255 82 127 123 255 74 142 138 255 74 142 138 255 110 158 153 255 183 191 183 255 191 177 168 255 135 114 108 255 98 77 73 255 80 65 63 255 72 59 58 255 72 59 58 255 72 59 58 255 
43 40 40 255 43 40 39 255 62 52 51 255 74 61 59 255 80 65 63 255 88 77 74 255 99 98 93 255 104 108 102 255 104 108 102 255 116 114 107 255 140 125 117 255 135 114 108 255 100 83 79 255 80 65 63 255 74 61 59 255 72 59 58 255 72 59 57 255 74 61 59 255 80 65 63 255 88 77 74 255 99 98 93 255 104 108 102 255 104 108 102 255 116 114 107 255 140 125 117 255 135 114 108 255 100 83 79 255 80 65 63 255 74 61 59 255 72 59 58 255 72 59 58 255 72 59 58 255 
43 40 40 255 43 40 39 255 62 52 51 255 72 59 58 255 72 59 57 255 80 65 63 255 98 77 73 255 107 83 78 255 107 83 78 255 107 83 78 255 107 83 78 255 98 77 73 255 80 65 63 255 72 59 58 255 72 59 57 255 72 59 58 255 72 59 57 255 72 59 58 255 72 59 58 255 80 65 63 255 98 77 73 255 107 83 78 255 107 83 78 255 107 83 78 255 107 83 78 255 98 77 73 255 80 65 63 255 72 59 58 255 72 59 58 255 74 61 59 255 80 65 63 255 80 65 63 255 
43 40 40 255 43 40 39 255 62 52 51 255 72 59 58 255 72 59 57 255 74 61 59 255 80 65 63 255 83 67 64 255 83 67 64 255 83 67 64 255 83 67 64 255 80 65 63 255 74 61 59 255 72 59 58 255 72 59 57 255 72 59 58 255 72 59 57 255 72 59 58 255 72 59 58 255 74 61 59 255 80 65 63 255 83 67 64 255 83 67 64 255 83 67 64 255 83 67 64 255 80 65 63 255 74 61 59 255 72 59 58 255 72 59 58 255 80 65 63 255 98 77 73 255 98 77 73 255 
43 40 40 255 43 40 39 255 62 52 51 255 72 59 58 255 72 59 57 255 72 59 58 255 72 59 57 255 72 59 58 255 72 59 57 255 72 59 58 255 72 59 57 255 72 59 58 255 72 59 57 255 72 59 58 255 72 59 57 255 72 59 58 255 72 59 57 255 72 59 58 255 72 59 58 255 72 59 58 255 72 59 58 255 72 59 58 255 72 59 58 255 72 59 58 255 72 59 58 255 72 59 58 255 72 59 58 255 72 59 58 255 72 59 58 255 83 67 64 255 107 83 78 255 107 83 78 255 
43 40 40 255 43 40 39 255 62 52 51 255 72 59 58 255 72 59 57 255 72 59 58 255 72 59 57 255 72 59 58 255 72 59 57 255 72 59 58 255 72 59 57 255 72 59 58 255 72 59 57 255 72 59 58 255 72 59 57 255 72 59 58 255 72 59 57 255 72 59 58 255 72 59 58 255 72 59 58 255 72 59 58 255 72 59 58 255 72 59 58 255 72 59 58 255 72 59 58 255 72 59 58 255 72 59 58 255 72 59 58 255 72 59 58 255 83 67 64 255 107 83 78 255 107 83 78 255 
62 53 51 255 62 53 51 255 76 62 60 255 83 67 64 255 83 67 64 255 80 65 63 255 74 61 59 255 72 59 58 255 72 59 57 255 74 61 59 255 80 65 63 255 80 65 63 255 74 61 59 255 74 61 59 255 80 65 63 255 83 67 64 255 83 67 64 255 83 67 64 255 83 67 64 255 83 67 64 255 83 67 64 255 80 65 63 255 74 61 59 255 74 61 59 255 80 65 63 255 83 67 64 255 83 67 64 255 83 67 64 255 83 67 64 255 92 73 69 255 110 85 79 255 110 85 79 255 
100 79 73 255 100 79 73 255 104 82 76 255 107 83 78 255 107 83 78 255 98 77 73 255 80 65 63 255 72 59 58 255 72 59 57 255 80 65 63 255 98 77 73 255 98 77 73 255 80 65 63 255 80 65 63 255 98 77 73 255 107 83 78 255 107 83 78 255 107 83 78 255 107 83 78 255 107 83 78 255 107 83 78 255 98 77 73 255 80 65 63 255 80 65 63 255 98 77 73 255 107 83 78 255 107 83 78 255 107 83 78 255 107 83 78 255 110 85 79 255 116 89 83 255 116 89 83 255 
100 79 73 255 100 79 73 255 104 82 76 255 107 83 78 255 107 83 78 255 98 77 73 255 80 65 63 255 72 59 58 255 72 59 57 255 80 65 63 255 98 77 73 255 98 77 73 255 80 65 63 255 80 65 63 255 98 77 73 255 107 83 78 255 107 83 78 255 107 83 78 255 107 83 78 255 107 83 78 255 107 83 78 255 98 77 73 255 80 65 63 255 80 65 63 255 98 77 73 255 107 83 78 255 107 83 78 255 107 83 78 255 107 83 78 255 110 85 79 255 116 89 83 255 116 89 83 255 
