0 0 0 0 0 0 0 0 0 0 0 0 0 0 0 0 0 0 0 0 0 0 0 0 0 0 0 0 0 0 0 0 0 0 0 0 0 0 0 0 0 0 0 0 0 0 0 0 0 0 0 0 0 0 0 0 0 0 0 0 0 0 0 0 0 0 0 0 0 0 0 0 0 0 0 0 0 0 0 0 0 0 0 0 0 0 0 0 0 0 0 0 0 0 0 0 0 0 0 0 0 0 0 0 0 0 0 0 0 0 0 0 0 0 0 0 0 0 0 0 0 0 0 0 0 0 0 0 
0 0 0 0 0 0 0 0 0 0 0 0 0 0 0 0 0 0 0 0 0 0 0 0 0 0 0 0 0 0 0 0 0 0 0 0 0 0 0 0 0 0 0 0 0 0 0 0 0 0 0 0 0 0 0 0 0 0 0 0 0 0 0 0 0 0 0 0 0 0 0 0 0 0 0 0 0 0 0 0 0 0 0 0 0 0 0 0 0 0 0 0 0 0 0 0 0 0 0 0 0 0 0 0 0 0 0 0 0 0 0 0 0 0 0 0 0 0 0 0 0 0 0 0 0 0 0 0 
0 0 0 0 0 0 0 0 0 0 0 0 0 0 0 0 0 0 0 0 0 0 0 0 0 0 0 0 0 0 0 0 0 0 0 0 0 0 0 0 0 0 0 0 0 0 0 0 0 0 0 0 0 0 0 0 0 0 0 0 0 0 0 0 0 0 0 0 0 0 0 0 0 0 0 0 0 0 0 0 0 0 0 0 0 0 0 0 0 0 0 0 0 0 0 0 0 0 0 0 0 0 0 0 0 0 0 0 0 0 0 0 0 0 0 0 0 0 0 0 0 0 0 0 0 0 0 0 
0 0 0 0 0 0 0 0 0 0 0 0 0 0 0 0 0 0 0 0 0 0 0 0 0 0 0 0 0 0 0 0 0 0 0 0 0 0 0 0 0 0 0 0 0 0 0 0 0 0 0 0 0 0 0 0 0 0 0 0 0 0 0 0 0 0 0 0 0 0 0 0 0 0 0 0 0 0 0 0 0 0 0 0 0 0 0 0 0 0 0 0 0 0 0 0 0 0 0 0 0 0 0 0 0 0 0 0 0 0 0 0 0 0 0 0 0 0 0 0 0 0 0 0 0 0 0 0 
0 0 0 0 0 0 0 0 0 0 0 0 0 0 0 0 0 0 0 0 0 0 0 0 0 0 0 0 0 0 0 0 0 0 0 0 0 0 0 0 0 0 0 0 0 0 0 0 0 0 0 0 0 0 0 0 0 0 0 0 0 0 0 0 0 0 0 0 0 0 0 0 0 0 0 0 0 0 0 0 0 0 0 0 0 0 0 0 0 0 0 0 0 0 0 0 0 0 0 0 0 0 0 0 0 0 0 0 0 0 0 0 0 0 0 0 0 0 0 0 0 0 0 0 0 0 0 0 
0 0 0 0 0 0 0 0 0 0 0 0 0 0 0 0 0 0 0 0 0 0 0 0 0 0 0 0 0 0 0 0 0 0 0 0 0 0 0 0 0 0 0 0 0 0 0 0 0 0 0 0 0 0 0 0 0 0 0 0 0 0 0 0 0 0 0 0 0 0 0 0 0 0 0 0 0 0 0 0 0 0 0 0 0 0 0 0 0 0 0 0 0 0 0 0 0 0 0 0 0 0 0 0 0 0 0 0 0 0 0 0 0 0 0 0 0 0 0 0 0 0 0 0 0 0 0 0 
0 0 0 0 0 0 0 0 0 0 0 0 0 0 0 0 0 0 0 0 0 0 0 0 0 0 0 0 0 0 0 0 0 0 0 0 0 0 0 0 0 0 0 0 0 0 0 0 0 0 0 0 0 0 0 0 0 0 0 0 0 0 0 0 0 0 0 0 0 0 0 0 0 0 0 0 0 0 0 0 0 0 0 0 0 0 0 0 0 0 0 0 0 0 0 0 0 0 0 0 0 0 0 0 0 0 0 0 0 0 0 0 0 0 0 0 0 0 0 0 0 0 0 0 0 0 0 0 
0 0 0 0 0 0 0 0 0 0 0 0 0 0 0 0 0 0 0 0 0 0 0 0 0 0 0 0 0 0 0 0 0 0 0 0 0 0 0 0 0 0 0 0 0 0 0 0 0 0 0 0 0 0 0 0 0 0 0 0 0 0 0 0 0 0 0 0 0 0 0 0 0 0 0 0 0 0 0 0 0 0 0 0 0 0 0 0 0 0 0 0 0 0 0 0 0 0 0 0 0 0 0 0 0 0 0 0 0 0 0 0 0 0 0 0 0 0 0 0 0 0 0 0 0 0 0 0 
0 0 0 0 0 0 0 0 0 0 0 0 0 0 0 0 0 0 0 0 0 0 0 0 0 0 0 0 0 0 0 0 0 0 0 0 0 0 0 0 0 0 0 0 0 0 0 0 0 0 0 0 0 0 0 0 0 0 0 0 0 0 0 0 0 0 0 0 0 0 0 0 0 0 0 0 0 0 0 0 0 0 0 0 0 0 0 0 0 0 0 0 0 0 0 0 0 0 0 0 0 0 0 0 0 0 0 0 0 0 0 0 0 0 0 0 0 0 0 0 0 0 0 0 0 0 0 0 
0 0 0 0 0 0 0 0 0 0 0 0 0 0 0 0 0 0 0 0 0 0 0 0 0 0 0 0 0 0 0 0 0 0 0 0 0 0 0 0 0 0 0 0 0 0 0 0 0 0 0 0 0 0 0 0 0 0 0 0 0 0 0 0 0 0 0 0 0 0 0 0 0 0 0 0 0 0 0 0 0 0 0 0 0 0 0 0 0 0 0 0 0 0 0 0 0 0 0 0 0 0 0 0 0 0 0 0 0 0 0 0 0 0 0 0 0 0 0 0 0 0 0 0 0 0 0 0 
0 0 0 0 0 0 0 0 0 0 0 0 0 0 0 0 0 0 0 0 0 0 0 0 0 0 0 0 0 0 0 0 0 0 0 0 0 0 0 0 0 0 0 0 0 0 0 0 0 0 0 0 0 0 0 0 0 0 0 0 0 0 0 0 0 0 0 0 0 0 0 0 0 0 0 0 0 0 0 0 0 0 0 0 0 0 0 0 0 0 0 0 0 0 0 0 0 0 0 0 0 0 0 0 0 0 0 0 0 0 0 0 0 0 0 0 0 0 0 0 0 0 0 0 0 0 0 0 
0 0 0 0 0 0 0 0 0 0 0 0 0 0 0 0 0 0 0 0 244 178 74 209 247 177 62 225 247 170 38 239 248 174 29 245 251 191 43 247 252 200 64 248 249 203 97 243 249 195 75 243 249 185 47 245 247 183 61 235 247 184 82 221 0 0 0 0 0 0 0 0 0 0 0 0 0 0 0 0 0 0 0 0 0 0 0 0 0 0 0 0 0 0 0 0 0 0 0 0 0 0 0 0 0 0 0 0 0 0 0 0 0 0 0 0 0 0 0 0 0 0 0 0 0 0 0 0 
0 0 0 0 0 0 0 0 0 0 0 0 0 0 0 0 246 186 73 232 248 167 24 247 251 179 19 253 252 190 15 254 251 187 16 254 251 197 26 255 253 212 44 254 253 219 71 253 252 211 47 252 252 208 46 253 251 208 68 250 250 209 106 244 250 200 99 235 0 0 0 0 0 0 0 0 0 0 0 0 0 0 0 0 0 0 0 0 0 0 0 0 0 0 0 0 0 0 0 0 0 0 0 0 0 0 0 0 0 0 0 0 0 0 0 0 0 0 0 0 0 0 0 0 0 0 0 0 
0 0 0 0 0 0 0 0 0 0 0 0 247 193 64 237 254 190 14 253 253 199 18 255 252 209 36 255 252 217 48 255 251 218 55 255 252 219 62 255 251 225 77 255 250 221 74 255 251 223 63 255 252 217 65 255 253 225 75 255 252 224 97 253 251 215 106 248 250 183 40 247 0 0 0 0 0 0 0 0 0 0 0 0 0 0 0 0 0 0 0 0 0 0 0 0 0 0 0 0 0 0 0 0 0 0 0 0 0 0 0 0 0 0 0 0 0 0 0 0 0 0 0 0 0 0 0 0 
0 0 0 0 0 0 0 0 248 177 24 251 250 179 19 254 252 201 44 254 252 210 52 255 251 223 58 255 251 227 58 255 251 229 57 255 251 231 57 255 252 232 63 255 253 239 65 255 253 236 84 255 251 229 68 255 252 229 72 255 253 221 63 255 252 219 75 254 252 219 110 247 249 204 85 245 0 0 0 0 0 0 0 0 0 0 0 0 0 0 0 0 0 0 0 0 0 0 0 0 0 0 0 0 0 0 0 0 0 0 0 0 0 0 0 0 0 0 0 0 0 0 0 0 0 0 0 0 
0 0 0 0 246 170 36 245 249 172 10 254 253 213 46 255 252 230 52 255 251 227 60 255 252 229 64 255 252 233 71 255 253 239 79 255 253 241 87 255 253 242 94 255 252 235 85 255 253 240 85 255 252 241 96 255 253 238 81 255 252 229 73 255 252 222 66 255 252 223 75 254 253 223 93 252 251 207 84 245 0 0 0 0 0 0 0 0 0 0 0 0 0 0 0 0 0 0 0 0 0 0 0 0 0 0 0 0 0 0 0 0 0 0 0 0 0 0 0 0 0 0 0 0 0 0 0 0 
249 194 68 236 248 184 28 253 250 194 32 255 251 219 51 255 251 227 55 255 251 227 59 255 253 236 72 255 253 241 94 255 253 245 110 255 253 247 123 255 254 246 131 255 253 242 110 255 253 243 118 255 253 245 121 255 254 243 112 255 253 239 83 255 252 230 64 255 251 223 70 255 253 220 65 254 251 219 77 252 250 209 85 246 0 0 0 0 0 0 0 0 0 0 0 0 0 0 0 0 0 0 0 0 0 0 0 0 0 0 0 0 0 0 0 0 0 0 0 0 0 0 0 0 0 0 0 0 
251 196 56 248 250 199 37 255 251 211 51 255 251 215 52 255 251 226 60 255 252 233 74 255 253 243 100 255 254 247 127 255 254 247 144 255 254 249 151 255 254 248 149 255 254 247 135 255 254 247 140 255 254 246 136 255 254 246 130 255 253 243 106 255 252 239 78 255 251 230 70 255 252 220 62 255 253 223 71 254 252 211 71 250 0 0 0 0 0 0 0 0 0 0 0 0 0 0 0 0 0 0 0 0 0 0 0 0 0 0 0 0 0 0 0 0 0 0 0 0 0 0 0 0 0 0 0 0 
252 194 46 252 253 211 44 255 252 220 51 255 251 219 54 255 252 233 66 255 253 243 99 255 254 246 130 255 254 247 141 255 254 247 145 255 254 248 147 255 254 246 129 255 254 246 133 255 254 246 131 255 254 246 135 255 254 246 135 255 253 243 120 255 253 242 100 255 253 239 86 255 251 227 65 255 252 223 52 255 251 213 70 250 0 0 0 0 0 0 0 0 0 0 0 0 0 0 0 0 0 0 0 0 0 0 0 0 0 0 0 0 0 0 0 0 0 0 0 0 0 0 0 0 0 0 0 0 
252 202 40 253 253 214 44 255 252 225 59 255 251 229 56 255 252 238 82 255 253 243 119 255 254 247 141 255 254 248 146 255 254 248 146 255 254 247 143 255 254 245 129 255 254 246 133 255 255 247 135 255 254 246 137 255 254 246 133 255 254 246 135 255 253 243 120 255 253 243 94 255 252 230 70 255 251 220 60 255 252 217 88 250 0 0 0 0 0 0 0 0 0 0 0 0 0 0 0 0 0 0 0 0 0 0 0 0 0 0 0 0 0 0 0 0 0 0 0 0 0 0 0 0 0 0 0 0 
252 207 42 253 253 216 48 255 252 227 61 255 252 232 70 255 253 242 103 255 254 245 131 255 254 246 145 255 254 246 138 255 254 245 123 255 254 245 129 255 253 246 129 255 254 247 128 255 254 245 135 255 254 245 135 255 254 247 139 255 254 246 137 255 253 245 127 255 254 243 104 255 253 236 81 255 247 202 59 255 253 226 121 251 0 0 0 0 0 0 0 0 0 0 0 0 0 0 0 0 0 0 0 0 0 0 0 0 0 0 0 0 0 0 0 0 0 0 0 0 0 0 0 0 0 0 0 0 
253 212 52 253 253 224 48 255 251 224 57 255 253 240 72 255 253 243 111 255 254 246 138 255 254 246 134 255 253 243 124 255 254 245 127 255 254 247 140 255 254 243 132 255 254 247 145 255 254 245 133 255 254 246 135 255 254 248 141 255 254 246 129 255 253 243 114 255 253 242 107 255 253 237 80 255 252 222 75 255 253 224 121 250 0 0 0 0 0 0 0 0 0 0 0 0 0 0 0 0 0 0 0 0 0 0 0 0 0 0 0 0 0 0 0 0 0 0 0 0 0 0 0 0 0 0 0 0 
252 209 48 255 252 216 50 255 251 224 64 255 253 241 80 255 253 242 118 255 254 247 146 255 254 245 130 255 254 243 128 255 254 246 138 255 254 246 130 255 254 247 131 255 254 247 146 255 254 248 143 255 254 247 138 255 254 247 136 255 253 243 122 255 252 241 104 255 253 243 84 255 252 236 83 255 252 220 71 255 252 222 130 249 0 0 0 0 0 0 0 0 0 0 0 0 0 0 0 0 0 0 0 0 0 0 0 0 0 0 0 0 0 0 0 0 0 0 0 0 0 0 0 0 0 0 0 0 
252 207 43 254 253 215 47 255 251 223 64 255 252 235 67 255 253 240 106 255 253 243 130 255 254 243 135 255 254 246 145 255 254 243 128 255 254 243 123 255 254 245 123 255 254 245 129 255 254 243 116 255 253 245 118 255 254 246 135 255 254 246 137 255 253 246 127 255 253 245 102 255 252 236 73 255 249 209 59 255 253 225 69 254 0 0 0 0 0 0 0 0 0 0 0 0 0 0 0 0 0 0 0 0 0 0 0 0 0 0 0 0 0 0 0 0 0 0 0 0 0 0 0 0 0 0 0 0 
250 204 40 253 254 206 37 255 252 220 55 255 252 232 65 255 253 242 93 255 254 246 127 255 254 246 135 255 254 246 147 255 254 246 144 255 253 246 128 255 254 243 133 255 254 245 128 255 254 245 129 255 254 245 136 255 254 247 146 255 254 247 149 255 253 245 113 255 252 240 80 255 250 225 60 255 252 218 56 255 252 216 65 252 0 0 0 0 0 0 0 0 0 0 0 0 0 0 0 0 0 0 0 0 0 0 0 0 0 0 0 0 0 0 0 0 0 0 0 0 0 0 0 0 0 0 0 0 
250 197 43 250 253 201 31 255 252 217 49 255 252 231 56 255 253 238 75 255 253 243 112 255 254 246 136 255 254 246 141 255 254 247 147 255 254 247 155 255 253 246 146 255 254 245 138 255 253 245 141 255 254 245 140 255 254 246 153 255 254 246 137 255 253 241 97 255 252 234 71 255 251 223 55 255 253 214 52 255 252 214 87 250 0 0 0 0 0 0 0 0 0 0 0 0 0 0 0 0 0 0 0 0 0 0 0 0 0 0 0 0 0 0 0 0 0 0 0 0 0 0 0 0 0 0 0 0 
247 188 57 240 250 198 29 252 253 209 34 255 251 225 56 255 251 230 62 255 253 238 84 255 253 243 115 255 254 245 133 255 254 247 143 255 254 247 151 255 254 246 144 255 254 245 142 255 254 247 146 255 254 247 152 255 254 246 149 255 253 241 114 255 252 237 75 255 251 232 56 255 253 213 46 255 253 216 47 254 252 206 72 248 0 0 0 0 0 0 0 0 0 0 0 0 0 0 0 0 0 0 0 0 0 0 0 0 0 0 0 0 0 0 0 0 0 0 0 0 0 0 0 0 0 0 0 0 
0 0 0 0 246 191 50 242 251 203 33 253 252 219 46 255 251 230 64 255 252 235 73 255 252 240 91 255 253 241 105 255 254 243 122 255 254 245 130 255 254 245 126 255 253 243 128 255 254 247 129 255 253 245 128 255 253 242 110 255 253 240 86 255 251 230 66 255 253 225 48 255 253 204 28 255 252 216 81 253 250 185 39 240 0 0 0 0 0 0 0 0 0 0 0 0 0 0 0 0 0 0 0 0 0 0 0 0 0 0 0 0 0 0 0 0 0 0 0 0 0 0 0 0 0 0 0 0 
0 0 0 0 0 0 0 0 251 200 43 252 252 215 47 254 253 226 63 255 252 233 69 255 252 236 72 255 252 237 76 255 252 239 88 255 252 237 88 255 253 240 96 255 253 241 101 255 253 241 95 255 252 237 87 255 252 236 72 255 252 231 56 255 252 223 51 255 252 220 55 255 253 209 60 253 250 192 48 250 0 0 0 0 0 0 0 0 0 0 0 0 0 0 0 0 0 0 0 0 0 0 0 0 0 0 0 0 0 0 0 0 0 0 0 0 0 0 0 0 0 0 0 0 0 0 0 0 
0 0 0 0 0 0 0 0 0 0 0 0 250 214 46 253 253 222 54 255 254 231 56 255 252 234 63 255 252 233 65 255 253 237 67 255 252 237 66 255 252 237 67 255 252 239 73 255 251 231 65 255 253 233 62 255 252 226 57 255 252 221 51 255 253 215 42 255 252 211 42 254 253 201 40 253 0 0 0 0 0 0 0 0 0 0 0 0 0 0 0 0 0 0 0 0 0 0 0 0 0 0 0 0 0 0 0 0 0 0 0 0 0 0 0 0 0 0 0 0 0 0 0 0 0 0 0 0 
0 0 0 0 0 0 0 0 0 0 0 0 0 0 0 0 249 214 72 252 253 225 79 254 252 227 68 255 252 226 54 255 252 231 56 255 252 232 68 255 252 230 63 255 252 227 57 255 252 224 51 255 253 226 52 255 253 224 49 255 252 219 48 255 253 210 39 253 251 199 51 251 0 0 0 0 0 0 0 0 0 0 0 0 0 0 0 0 0 0 0 0 0 0 0 0 0 0 0 0 0 0 0 0 0 0 0 0 0 0 0 0 0 0 0 0 0 0 0 0 0 0 0 0 0 0 0 0 
0 0 0 0 0 0 0 0 0 0 0 0 0 0 0 0 0 0 0 0 250 217 104 245 253 222 98 250 251 215 74 254 252 211 55 254 252 220 55 255 253 218 55 255 252 225 62 255 252 216 42 255 253 209 35 254 253 211 48 253 252 215 75 249 250 202 75 239 0 0 0 0 0 0 0 0 0 0 0 0 0 0 0 0 0 0 0 0 0 0 0 0 0 0 0 0 0 0 0 0 0 0 0 0 0 0 0 0 0 0 0 0 0 0 0 0 0 0 0 0 0 0 0 0 0 0 0 0 
