0 0 0 0 0 0 0 0 0 0 0 0 0 0 0 0 0 0 0 0 0 0 0 0 0 0 0 0 0 0 0 0 0 0 0 0 0 0 0 0 0 0 0 0 0 0 0 0 0 0 0 0 0 0 0 0 0 0 0 0 0 0 0 0 0 0 0 0 0 0 0 0 0 0 0 0 0 0 0 0 0 0 0 0 0 0 0 0 0 0 0 0 0 0 0 0 0 0 0 0 0 0 0 0 0 0 0 0 0 0 0 0 0 0 0 0 0 0 0 0 0 0 0 0 0 0 0 0 
0 0 0 0 0 0 0 0 0 0 0 0 0 0 0 0 0 0 0 0 0 0 0 0 0 0 0 0 0 0 0 0 0 0 0 0 0 0 0 0 0 0 0 0 0 0 0 0 0 0 0 0 0 0 0 0 0 0 0 0 0 0 0 0 0 0 0 0 0 0 0 0 0 0 0 0 0 0 0 0 0 0 0 0 0 0 0 0 0 0 0 0 0 0 0 0 0 0 0 0 0 0 0 0 0 0 0 0 0 0 0 0 0 0 0 0 0 0 0 0 0 0 0 0 0 0 0 0 
0 0 0 0 0 0 0 0 0 0 0 0 0 0 0 0 0 0 0 0 0 0 0 0 0 0 0 0 0 0 0 0 0 0 0 0 0 0 0 0 0 0 0 0 0 0 0 0 0 0 0 0 0 0 0 0 0 0 0 0 0 0 0 0 0 0 0 0 0 0 0 0 0 0 0 0 0 0 0 0 0 0 0 0 0 0 0 0 0 0 0 0 0 0 0 0 0 0 0 0 0 0 0 0 0 0 0 0 0 0 0 0 0 0 0 0 0 0 0 0 0 0 0 0 0 0 0 0 
0 0 0 0 0 0 0 0 0 0 0 0 0 0 0 0 0 0 0 0 0 0 0 0 0 0 0 0 0 0 0 0 0 0 0 0 0 0 0 0 0 0 0 0 0 0 0 0 0 0 0 0 0 0 0 0 0 0 0 0 0 0 0 0 0 0 0 0 0 0 0 0 0 0 0 0 0 0 0 0 0 0 0 0 0 0 0 0 0 0 0 0 0 0 0 0 0 0 0 0 0 0 0 0 0 0 0 0 0 0 0 0 0 0 0 0 0 0 0 0 0 0 0 0 0 0 0 0 
0 0 0 0 0 0 0 0 0 0 0 0 0 0 0 0 0 0 0 0 0 0 0 0 0 0 0 0 0 0 0 0 0 0 0 0 0 0 0 0 0 0 0 0 0 0 0 0 0 0 0 0 0 0 0 0 0 0 0 0 0 0 0 0 0 0 0 0 0 0 0 0 0 0 0 0 0 0 0 0 0 0 0 0 0 0 0 0 0 0 0 0 0 0 0 0 0 0 0 0 0 0 0 0 0 0 0 0 0 0 0 0 0 0 0 0 0 0 0 0 0 0 0 0 0 0 0 0 
0 0 0 0 0 0 0 0 0 0 0 0 0 0 0 0 0 0 0 0 0 0 0 0 0 0 0 0 0 0 0 0 0 0 0 0 0 0 0 0 0 0 0 0 0 0 0 0 0 0 0 0 0 0 0 0 0 0 0 0 0 0 0 0 0 0 0 0 0 0 0 0 0 0 0 0 0 0 0 0 0 0 0 0 0 0 0 0 0 0 0 0 0 0 0 0 0 0 0 0 0 0 0 0 0 0 0 0 0 0 0 0 0 0 0 0 0 0 0 0 0 0 0 0 0 0 0 0 
0 0 0 0 0 0 0 0 0 0 0 0 0 0 0 0 0 0 0 0 0 0 0 0 0 0 0 0 0 0 0 0 0 0 0 0 0 0 0 0 0 0 0 0 0 0 0 0 0 0 0 0 0 0 0 0 0 0 0 0 0 0 0 0 0 0 0 0 0 0 0 0 0 0 0 0 0 0 0 0 0 0 0 0 0 0 0 0 0 0 0 0 0 0 0 0 0 0 0 0 0 0 0 0 0 0 0 0 0 0 0 0 0 0 0 0 0 0 0 0 0 0 0 0 0 0 0 0 
0 0 0 0 0 0 0 0 0 0 0 0 0 0 0 0 0 0 0 0 0 0 0 0 0 0 0 0 0 0 0 0 0 0 0 0 0 0 0 0 0 0 0 0 0 0 0 0 0 0 0 0 0 0 0 0 0 0 0 0 0 0 0 0 0 0 0 0 0 0 0 0 0 0 0 0 0 0 0 0 0 0 0 0 0 0 0 0 0 0 0 0 0 0 0 0 0 0 0 0 0 0 0 0 0 0 0 0 0 0 0 0 0 0 0 0 0 0 0 0 0 0 0 0 0 0 0 0 
0 0 0 0 0 0 0 0 0 0 0 0 0 0 0 0 0 0 0 0 0 0 0 0 0 0 0 0 0 0 0 1 0 0 0 12 0 4 0 34 1 7 0 58 2 9 0 73 2 9 0 73 1 6 0 59 0 3 0 35 0 0 0 13 0 0 0 2 0 0 0 0 0 0 0 0 0 0 0 0 0 0 0 0 0 0 0 0 0 0 0 0 0 0 0 0 0 0 0 0 0 0 0 0 0 0 0 0 0 0 0 0 0 0 0 0 0 0 0 0 0 0 0 0 0 0 0 0 
0 0 0 0 0 0 0 0 0 0 0 0 0 0 0 0 0 0 0 0 0 0 0 1 0 3 0 25 5 18 0 88 13 43 0 161 21 66 0 207 25 79 0 228 26 81 0 235 24 75 0 236 20 61 0 229 13 43 0 208 7 24 0 162 2 8 0 90 0 1 0 26 0 0 0 2 0 0 0 0 0 0 0 0 0 0 0 0 0 0 0 0 0 0 0 0 0 0 0 0 0 0 0 0 0 0 0 0 0 0 0 0 0 0 0 0 0 0 0 0 0 0 0 0 0 0 0 0 
0 0 0 0 0 0 0 0 0 0 0 0 0 0 0 0 0 0 0 8 4 15 0 72 20 60 0 178 39 110 4 236 53 141 9 250 60 155 13 253 62 160 14 253 59 156 11 253 54 148 7 253 46 134 2 253 37 112 0 253 27 83 0 251 17 53 0 237 7 24 0 179 1 5 0 73 0 0 0 9 0 0 0 0 0 0 0 0 0 0 0 0 0 0 0 0 0 0 0 0 0 0 0 0 0 0 0 0 0 0 0 0 0 0 0 0 0 0 0 0 0 0 0 0 0 0 0 0 
0 0 0 0 0 0 0 0 0 0 0 0 0 1 0 12 8 28 0 106 35 97 3 219 65 155 19 250 87 184 39 254 99 195 51 254 101 198 52 254 96 195 47 255 88 189 38 255 79 181 28 255 69 170 18 255 58 157 8 254 46 136 2 254 35 105 0 254 23 70 0 251 11 35 0 220 2 8 0 107 0 0 0 13 0 0 0 0 0 0 0 0 0 0 0 0 0 0 0 0 0 0 0 0 0 0 0 0 0 0 0 0 0 0 0 0 0 0 0 0 0 0 0 0 0 0 0 0 
0 0 0 0 0 0 0 0 0 0 0 8 8 28 0 106 41 110 6 228 83 176 36 252 122 205 80 254 145 216 109 254 150 219 115 255 142 217 105 255 130 212 88 255 115 207 68 255 100 199 50 255 87 188 36 255 74 176 23 255 62 163 11 255 49 143 2 254 36 111 0 254 24 73 0 253 11 36 0 229 2 8 0 107 0 0 0 9 0 0 0 0 0 0 0 0 0 0 0 0 0 0 0 0 0 0 0 0 0 0 0 0 0 0 0 0 0 0 0 0 0 0 0 0 0 0 0 0 
0 0 0 0 0 0 0 1 4 15 0 72 35 97 4 219 83 176 36 252 140 213 103 254 188 231 166 254 200 236 182 255 191 233 169 255 174 227 148 255 157 222 124 255 138 215 99 255 119 209 74 255 102 201 52 255 87 189 36 255 74 176 23 255 61 162 10 255 48 141 1 254 35 105 0 254 22 67 0 253 9 29 0 220 1 4 0 73 0 0 0 2 0 0 0 0 0 0 0 0 0 0 0 0 0 0 0 0 0 0 0 0 0 0 0 0 0 0 0 0 0 0 0 0 0 0 0 0 
0 0 0 0 0 3 0 25 19 60 0 178 65 155 19 250 122 205 80 254 188 231 166 254 231 247 224 255 228 245 219 255 211 240 196 255 192 233 171 255 172 227 145 255 153 220 119 255 133 214 92 255 113 207 67 255 97 198 46 255 83 185 32 255 69 171 18 255 56 157 6 255 43 130 0 254 30 92 0 254 17 52 0 251 5 16 0 179 0 1 0 26 0 0 0 0 0 0 0 0 0 0 0 0 0 0 0 0 0 0 0 0 0 0 0 0 0 0 0 0 0 0 0 0 0 0 0 0 
0 0 0 2 5 18 0 89 39 110 4 236 87 184 39 253 145 216 109 254 200 235 182 255 227 245 218 255 226 245 217 255 213 240 199 255 196 234 176 255 178 228 152 255 159 222 128 255 140 216 102 255 121 210 77 255 103 202 53 255 89 191 38 255 75 177 24 255 62 163 12 255 48 145 2 255 36 111 0 254 23 72 0 254 10 32 0 237 1 5 0 89 0 0 0 2 0 0 0 0 0 0 0 0 0 0 0 0 0 0 0 0 0 0 0 0 0 0 0 0 0 0 0 0 0 0 0 0 
0 1 0 14 13 43 0 161 53 141 9 250 99 194 51 254 149 218 114 255 190 232 168 255 210 240 195 255 213 240 199 255 205 238 188 255 192 233 171 255 176 228 151 255 160 222 129 255 142 216 105 255 124 210 81 255 107 204 58 255 92 194 41 255 79 181 28 255 65 168 15 255 54 153 4 255 40 124 0 255 28 86 0 254 15 47 0 251 3 12 0 162 0 0 0 14 0 0 0 0 0 0 0 0 0 0 0 0 0 0 0 0 0 0 0 0 0 0 0 0 0 0 0 0 0 0 0 0 
1 5 0 35 21 66 0 207 60 155 13 253 100 197 52 254 141 216 104 255 173 227 147 255 191 232 170 255 195 234 176 255 192 233 171 255 183 230 159 255 170 226 142 255 156 221 123 255 140 216 102 255 123 210 80 255 107 204 58 255 92 194 42 255 80 182 29 255 68 170 17 255 56 157 5 255 43 131 0 255 31 95 0 254 18 56 0 254 6 20 0 208 0 1 0 35 0 0 0 0 0 0 0 0 0 0 0 0 0 0 0 0 0 0 0 0 0 0 0 0 0 0 0 0 0 0 0 0 
2 9 0 59 25 79 0 228 61 159 13 253 95 194 46 255 129 211 87 255 156 221 123 255 171 227 144 255 178 227 151 255 176 227 151 255 170 226 142 255 160 223 129 255 148 219 113 255 134 214 94 255 119 209 74 255 104 203 55 255 92 193 41 255 80 182 29 255 68 170 17 255 56 157 6 255 44 134 0 255 32 99 0 255 20 62 0 254 8 25 0 229 0 2 0 59 0 0 0 0 0 0 0 0 0 0 0 0 0 0 0 0 0 0 0 0 0 0 0 0 0 0 0 0 0 0 0 0 
3 11 0 74 26 81 0 236 58 155 10 253 87 188 37 255 114 206 68 255 137 215 98 255 152 219 118 255 159 222 127 255 160 222 129 255 156 221 123 255 148 219 113 255 138 215 99 255 126 211 83 255 112 207 65 255 100 200 49 255 89 191 38 255 78 180 27 255 67 169 16 255 56 157 5 255 44 133 0 255 32 99 0 255 20 63 0 254 8 27 0 237 1 3 0 73 0 0 0 0 0 0 0 0 0 0 0 0 0 0 0 0 0 0 0 0 0 0 0 0 0 0 0 0 0 0 0 0 
3 10 0 74 23 74 0 236 53 147 6 253 78 180 27 255 99 198 49 255 118 208 73 255 132 214 91 255 139 215 101 255 142 216 105 255 140 216 102 255 134 214 94 255 126 211 83 255 116 208 70 255 104 203 55 255 94 196 43 255 85 187 34 255 75 177 24 255 64 166 13 255 54 154 4 255 42 129 0 255 31 96 0 255 20 60 0 254 8 26 0 237 1 3 0 73 0 0 0 0 0 0 0 0 0 0 0 0 0 0 0 0 0 0 0 0 0 0 0 0 0 0 0 0 0 0 0 0 
2 7 0 59 19 60 0 228 45 133 2 253 68 169 17 255 86 187 35 255 101 200 51 255 112 207 66 255 120 210 76 255 123 210 81 255 123 210 80 255 119 209 74 255 112 207 65 255 104 203 55 255 96 198 45 255 88 190 37 255 79 181 28 255 70 172 19 255 60 162 9 255 50 147 1 255 40 121 0 255 29 89 0 255 18 56 0 254 7 23 0 229 0 2 0 59 0 0 0 0 0 0 0 0 0 0 0 0 0 0 0 0 0 0 0 0 0 0 0 0 0 0 0 0 0 0 0 0 
1 3 0 35 12 42 0 207 36 110 0 253 57 156 7 254 73 175 22 255 86 188 35 255 96 197 45 255 102 201 52 255 107 204 57 255 107 204 58 255 104 203 55 255 100 200 49 255 94 196 43 255 88 190 37 255 81 183 30 255 73 175 22 255 65 167 14 255 56 157 5 255 46 139 0 255 36 110 0 255 26 80 0 254 15 48 0 254 5 17 0 208 0 1 0 35 0 0 0 0 0 0 0 0 0 0 0 0 0 0 0 0 0 0 0 0 0 0 0 0 0 0 0 0 0 0 0 0 
0 1 0 14 6 23 0 161 26 82 0 250 45 135 1 254 61 162 10 255 73 175 22 255 82 184 31 255 88 191 37 255 91 194 40 255 92 194 41 255 92 193 41 255 89 191 38 255 85 187 34 255 79 181 28 255 73 175 22 255 66 168 15 255 58 160 7 255 50 147 1 255 40 124 0 255 31 96 0 255 22 67 0 254 12 36 0 251 3 10 0 162 0 0 0 14 0 0 0 0 0 0 0 0 0 0 0 0 0 0 0 0 0 0 0 0 0 0 0 0 0 0 0 0 0 0 0 0 
0 0 0 2 1 8 0 89 16 52 0 236 33 104 0 253 48 142 1 254 60 161 9 255 68 170 17 255 75 177 23 255 78 181 27 255 80 182 28 255 80 182 29 255 78 179 27 255 75 177 24 255 70 172 19 255 64 166 13 255 58 160 7 255 51 150 2 255 43 131 0 255 35 107 0 255 26 80 0 254 17 52 0 254 8 24 0 237 1 3 0 89 0 0 0 2 0 0 0 0 0 0 0 0 0 0 0 0 0 0 0 0 0 0 0 0 0 0 0 0 0 0 0 0 0 0 0 0 
0 0 0 0 0 0 0 25 6 23 0 178 22 69 0 250 36 110 0 254 47 140 0 254 55 156 5 255 62 163 11 255 65 167 14 255 67 170 16 255 68 170 17 255 67 169 16 255 64 166 13 255 60 162 9 255 56 157 5 255 50 147 1 255 43 131 0 255 36 110 0 255 28 87 0 254 20 62 0 254 11 36 0 251 3 11 0 179 0 0 0 26 0 0 0 0 0 0 0 0 0 0 0 0 0 0 0 0 0 0 0 0 0 0 0 0 0 0 0 0 0 0 0 0 0 0 0 0 
0 0 0 0 0 0 0 1 0 4 0 72 10 34 0 219 23 73 0 252 34 105 0 254 42 129 0 254 48 144 0 255 53 152 3 255 56 157 4 255 56 157 5 255 56 157 5 255 54 154 3 255 50 148 1 255 46 139 0 255 41 124 0 255 35 107 0 255 28 87 0 254 21 65 0 254 13 42 0 253 5 18 0 220 0 2 0 73 0 0 0 2 0 0 0 0 0 0 0 0 0 0 0 0 0 0 0 0 0 0 0 0 0 0 0 0 0 0 0 0 0 0 0 0 0 0 0 0 
0 0 0 0 0 0 0 0 0 0 0 8 1 7 0 105 10 35 0 228 21 66 0 252 29 91 0 254 35 110 0 254 40 123 0 255 42 131 0 255 44 134 0 255 44 133 0 255 42 129 0 255 40 121 0 255 36 110 0 255 31 96 0 255 26 80 0 254 20 62 0 254 13 42 0 253 6 21 0 229 1 4 0 105 0 0 0 9 0 0 0 0 0 0 0 0 0 0 0 0 0 0 0 0 0 0 0 0 0 0 0 0 0 0 0 0 0 0 0 0 0 0 0 0 0 0 0 0 
0 0 0 0 0 0 0 0 0 0 0 0 0 0 0 12 1 7 0 106 8 28 0 219 16 52 0 250 22 71 0 254 27 85 0 254 30 94 0 254 32 99 0 255 32 99 0 255 31 96 0 255 29 89 0 255 26 80 0 254 22 67 0 254 17 53 0 254 11 36 0 251 5 18 0 220 1 4 0 105 0 0 0 13 0 0 0 0 0 0 0 0 0 0 0 0 0 0 0 0 0 0 0 0 0 0 0 0 0 0 0 0 0 0 0 0 0 0 0 0 0 0 0 0 0 0 0 0 
0 0 0 0 0 0 0 0 0 0 0 0 0 0 0 0 0 0 0 8 0 3 0 72 4 15 0 177 9 32 0 236 14 46 0 250 17 55 0 253 19 61 0 253 20 63 0 253 20 61 0 253 18 56 0 253 15 48 0 253 12 37 0 251 8 25 0 237 3 11 0 179 0 2 0 73 0 0 0 9 0 0 0 0 0 0 0 0 0 0 0 0 0 0 0 0 0 0 0 0 0 0 0 0 0 0 0 0 0 0 0 0 0 0 0 0 0 0 0 0 0 0 0 0 0 0 0 0 
0 0 0 0 0 0 0 0 0 0 0 0 0 0 0 0 0 0 0 0 0 0 0 1 0 0 0 25 0 4 0 88 2 11 0 161 5 18 0 207 7 24 0 228 8 26 0 235 8 26 0 236 7 23 0 229 5 17 0 208 3 10 0 162 0 3 0 89 0 0 0 26 0 0 0 2 0 0 0 0 0 0 0 0 0 0 0 0 0 0 0 0 0 0 0 0 0 0 0 0 0 0 0 0 0 0 0 0 0 0 0 0 0 0 0 0 0 0 0 0 0 0 0 0 0 0 0 0 
0 0 0 0 0 0 0 0 0 0 0 0 0 0 0 0 0 0 0 0 0 0 0 0 0 0 0 0 0 0 0 1 0 0 0 12 0 0 0 34 0 1 0 58 0 2 0 73 0 2 0 73 0 2 0 59 0 0 0 35 0 0 0 13 0 0 0 2 0 0 0 0 0 0 0 0 0 0 0 0 0 0 0 0 0 0 0 0 0 0 0 0 0 0 0 0 0 0 0 0 0 0 0 0 0 0 0 0 0 0 0 0 0 0 0 0 0 0 0 0 0 0 0 0 0 0 0 0 
