36 35 35 255 36 35 35 255 41 38 38 255 43 40 40 255 43 40 40 255 50 44 44 255 64 54 53 255 64 54 53 255 50 44 44 255 43 40 40 255 43 40 40 255 43 40 40 255 43 40 40 255 43 40 40 255 43 40 40 255 50 44 44 255 64 54 53 255 72 59 58 255 72 59 58 255 72 59 58 255 72 59 58 255 64 54 53 255 50 44 44 255 50 44 44 255 64 54 53 255 64 54 53 255 50 44 44 255 43 40 40 255 43 40 40 255 46 42 41 255 52 46 45 255 52 46 45 255 
36 35 35 255 36 35 35 255 41 38 38 255 43 40 40 255 43 40 40 255 50 44 44 255 64 54 53 255 64 54 53 255 50 44 44 255 43 40 40 255 43 40 40 255 43 40 40 255 43 40 40 255 43 40 40 255 43 40 40 255 50 44 44 255 64 54 53 255 72 59 58 255 72 59 58 255 72 59 58 255 72 59 58 255 64 54 53 255 50 44 44 255 50 44 44 255 64 54 53 255 64 54 53 255 50 44 44 255 43 40 40 255 43 40 40 255 46 42 41 255 52 46 45 255 52 46 45 255 
41 38 38 255 41 38 38 255 55 48 47 255 62 52 52 255 62 52 51 255 64 54 53 255 69 57 56 255 69 57 56 255 64 54 53 255 62 52 52 255 62 52 51 255 62 52 52 255 62 52 51 255 62 52 52 255 62 52 51 255 64 54 53 255 69 57 56 255 72 59 58 255 72 59 58 255 72 59 58 255 72 59 58 255 69 57 56 255 64 54 53 255 64 54 53 255 69 57 56 255 69 57 56 255 64 54 53 255 62 52 52 255 62 52 52 255 71 58 57 255 88 71 67 255 88 71 67 255 
50 44 44 255 50 44 44 255 64 54 53 255 72 59 58 255 72 59 57 255 72 59 58 255 72 59 57 255 72 59 58 255 72 59 57 255 72 59 58 255 72 59 57 255 72 59 58 255 72 59 57 255 72 59 58 255 72 59 57 255 72 59 58 255 72 59 57 255 72 59 58 255 72 59 58 255 72 59 58 255 72 59 58 255 72 59 58 255 72 59 58 255 72 59 58 255 72 59 58 255 72 59 58 255 72 59 58 255 72 59 58 255 72 59 58 255 83 67 64 255 107 83 78 255 107 83 78 255 
64 54 53 255 64 54 53 255 69 57 56 255 72 59 58 255 72 59 57 255 72 59 58 255 72 59 57 255 72 59 58 255 72 59 57 255 72 59 58 255 72 59 57 255 72 59 58 255 72 59 57 255 72 59 58 255 72 59 57 255 72 59 58 255 72 59 57 255 72 59 58 255 72 59 58 255 72 59 58 255 72 59 58 255 72 59 58 255 72 59 58 255 72 59 58 255 72 59 58 255 72 59 58 255 72 59 58 255 72 59 58 255 72 59 58 255 83 67 64 255 107 83 78 255 107 83 78 255 
72 59 57 255 72 59 58 255 72 59 57 255 72 59 58 255 72 59 57 255 72 59 58 255 72 59 57 255 72 59 58 255 72 59 57 255 72 59 58 255 72 59 57 255 72 59 58 255 72 59 57 255 72 59 58 255 72 59 57 255 72 59 58 255 72 59 57 255 72 59 58 255 72 59 58 255 72 59 58 255 72 59 58 255 72 59 58 255 72 59 58 255 72 59 58 255 72 59 58 255 72 59 58 255 72 59 58 255 72 59 58 255 72 59 58 255 83 67 64 255 107 83 78 255 107 83 78 255 
72 59 57 255 72 59 58 255 72 59 57 255 72 59 58 255 72 59 57 255 72 59 58 255 72 59 57 255 72 59 58 255 72 59 57 255 72 59 58 255 72 59 57 255 72 59 58 255 72 59 57 255 72 59 58 255 72 59 57 255 72 59 58 255 72 59 57 255 72 59 58 255 72 59 58 255 72 59 58 255 72 59 58 255 72 59 58 255 72 59 58 255 72 59 58 255 72 59 58 255 72 59 58 255 72 59 58 255 72 59 58 255 72 59 58 255 83 67 64 255 107 83 78 255 107 83 78 255 
64 54 53 255 64 54 53 255 69 57 56 255 72 59 58 255 72 59 57 255 72 59 58 255 72 59 57 255 74 61 59 255 80 65 63 255 83 67 64 255 83 67 64 255 83 67 64 255 83 67 64 255 83 67 64 255 83 67 64 255 83 67 64 255 83 67 64 255 83 67 64 255 83 67 64 255 83 67 64 255 83 67 64 255 83 67 64 255 83 67 64 255 80 65 63 255 74 61 59 255 72 59 58 255 72 59 58 255 72 59 58 255 72 59 58 255 83 67 64 255 107 83 78 255 107 83 78 255 
50 44 44 255 50 44 44 255 64 54 53 255 72 59 58 255 72 59 57 255 72 59 58 255 72 59 57 255 80 65 63 255 98 77 73 255 107 83 78 255 107 83 78 255 107 83 78 255 107 83 78 255 107 83 78 255 107 83 78 255 107 83 78 255 107 83 78 255 107 83 78 255 107 83 78 255 107 83 78 255 107 83 78 255 107 83 78 255 107 83 78 255 98 77 73 255 80 65 63 255 72 59 58 255 72 59 58 255 72 59 58 255 72 59 58 255 83 67 64 255 107 83 78 255 107 83 78 255 
50 44 44 255 50 44 44 255 64 54 53 255 74 61 59 255 80 65 63 255 83 67 64 255 83 67 64 255 87 69 66 255 94 74 70 255 103 81 75 255 113 88 81 255 113 88 81 255 103 81 75 255 97 77 72 255 97 77 72 255 103 81 75 255 113 88 81 255 113 88 81 255 103 81 75 255 103 81 75 255 113 88 81 255 119 92 85 255 119 92 85 255 110 85 79 255 92 73 69 255 83 67 64 255 83 67 64 255 80 65 63 255 74 61 59 255 83 67 64 255 107 83 78 255 107 83 78 255 
64 54 53 255 64 54 53 255 69 57 56 255 80 65 63 255 98 77 73 255 107 83 78 255 107 83 78 255 94 74 70 255 68 57 54 255 71 59 56 255 103 81 75 255 103 81 75 255 71 59 56 255 55 48 46 255 55 48 46 255 71 59 56 255 103 81 75 255 103 81 75 255 71 59 56 255 71 59 56 255 103 81 75 255 119 92 85 255 119 92 85 255 116 89 83 255 110 85 79 255 107 83 78 255 107 83 78 255 98 77 73 255 80 65 63 255 83 67 64 255 107 83 78 255 107 83 78 255 
67 56 55 255 67 56 55 255 78 63 61 255 92 73 69 255 110 85 79 255 113 88 81 255 103 81 75 255 81 66 62 255 49 44 43 255 55 48 46 255 97 77 72 255 97 77 72 255 55 48 46 255 34 34 34 255 34 34 34 255 49 44 43 255 81 66 62 255 81 66 62 255 49 44 43 255 55 48 46 255 97 77 72 255 113 88 81 255 103 81 75 255 103 81 75 255 113 88 81 255 113 88 81 255 103 81 75 255 94 74 70 255 87 69 66 255 89 71 68 255 101 79 74 255 101 79 74 255 
59 51 49 255 59 51 49 255 91 72 68 255 110 85 79 255 116 89 83 255 103 81 75 255 71 59 56 255 49 44 43 255 39 37 37 255 55 48 46 255 97 77 72 255 97 77 72 255 55 48 46 255 34 34 34 255 34 34 34 255 39 37 37 255 49 44 43 255 49 44 43 255 39 37 37 255 55 48 46 255 97 77 72 255 103 81 75 255 71 59 56 255 71 59 56 255 103 81 75 255 103 81 75 255 71 59 56 255 68 57 54 255 94 74 70 255 101 79 74 255 89 71 68 255 89 71 68 255 
49 44 43 255 49 44 43 255 81 66 62 255 103 81 75 255 113 88 81 255 97 77 72 255 55 48 46 255 34 34 34 255 34 34 34 255 49 44 43 255 81 66 62 255 81 66 62 255 49 44 43 255 34 34 34 255 34 34 34 255 34 34 34 255 34 34 34 255 34 34 34 255 34 34 34 255 55 48 46 255 97 77 72 255 97 77 72 255 55 48 46 255 49 44 43 255 81 66 62 255 81 66 62 255 49 44 43 255 49 44 43 255 81 66 62 255 94 74 70 255 87 69 66 255 87 69 66 255 
39 37 37 255 39 37 37 255 49 44 43 255 71 59 56 255 103 81 75 255 97 77 72 255 55 48 46 255 34 34 34 255 34 34 34 255 39 37 37 255 49 44 43 255 49 44 43 255 39 37 37 255 34 34 34 255 34 34 34 255 34 34 34 255 34 34 34 255 34 34 34 255 34 34 34 255 55 48 46 255 97 77 72 255 97 77 72 255 55 48 46 255 39 37 37 255 49 44 43 255 49 44 43 255 39 37 37 255 39 37 37 255 49 44 43 255 68 57 54 255 94 74 70 255 94 74 70 255 
34 34 34 255 34 34 34 255 34 34 34 255 49 44 43 255 81 66 62 255 81 66 62 255 49 44 43 255 34 34 34 255 34 34 34 255 34 34 34 255 34 34 34 255 34 34 34 255 34 34 34 255 34 34 34 255 34 34 34 255 34 34 34 255 34 34 34 255 34 34 34 255 34 34 34 255 49 44 43 255 81 66 62 255 81 66 62 255 49 44 43 255 34 34 34 255 34 34 34 255 34 34 34 255 34 34 34 255 34 34 34 255 34 34 34 255 52 46 45 255 88 71 67 255 88 71 67 255 
34 34 34 255 34 34 34 255 34 34 34 255 39 37 37 255 49 44 43 255 49 44 43 255 39 37 37 255 34 34 34 255 34 34 34 255 34 34 34 255 34 34 34 255 34 34 34 255 34 34 34 255 34 34 34 255 34 34 34 255 34 34 34 255 34 34 34 255 34 34 34 255 34 34 34 255 39 37 37 255 49 44 43 255 49 44 43 255 39 37 37 255 34 34 34 255 34 34 34 255 34 34 34 255 34 34 34 255 34 34 34 255 34 34 34 255 46 42 41 255 71 58 57 255 71 58 57 255 
41 38 38 255 41 38 38 255 36 35 35 255 34 34 34 255 34 34 34 255 34 34 34 255 34 34 34 255 34 34 34 255 34 34 34 255 34 34 34 255 34 34 34 255 34 34 34 255 34 34 34 255 34 34 34 255 34 34 34 255 34 34 34 255 34 34 34 255 34 34 34 255 34 34 34 255 34 34 34 255 34 34 34 255 34 34 34 255 34 34 34 255 34 34 34 255 34 34 34 255 34 34 34 255 34 34 34 255 34 34 34 255 34 34 34 255 43 40 40 255 62 52 52 255 62 52 52 255 
55 48 47 255 55 48 47 255 41 38 38 255 34 34 34 255 34 34 34 255 34 34 34 255 34 34 34 255 34 34 34 255 34 34 34 255 34 34 34 255 34 34 34 255 34 34 34 255 34 34 34 255 34 34 34 255 34 34 34 255 34 34 34 255 34 34 34 255 34 34 34 255 34 34 34 255 34 34 34 255 34 34 34 255 34 34 34 255 34 34 34 255 34 34 34 255 34 34 34 255 34 34 34 255 34 34 34 255 34 34 34 255 34 34 34 255 43 40 40 255 62 52 52 255 62 52 52 255 
67 56 55 255 67 56 55 255 59 51 49 255 49 44 43 255 39 37 37 255 34 34 34 255 34 34 34 255 34 34 34 255 34 34 34 255 34 34 34 255 34 34 34 255 34 34 34 255 34 34 34 255 34 34 34 255 34 34 34 255 34 34 34 255 34 34 34 255 34 34 34 255 34 34 34 255 34 34 34 255 34 34 34 255 34 34 34 255 34 34 34 255 34 34 34 255 34 34 34 255 34 34 34 255 34 34 34 255 39 37 37 255 49 44 43 255 62 53 51 255 76 62 60 255 76 62 60 255 
78 63 61 255 78 63 61 255 91 72 68 255 81 66 62 255 49 44 43 255 34 34 34 255 34 34 34 255 34 34 34 255 34 34 34 255 34 34 34 255 34 34 34 255 34 34 34 255 34 34 34 255 34 34 34 255 34 34 34 255 34 34 34 255 34 34 34 255 34 34 34 255 34 34 34 255 34 34 34 255 34 34 34 255 34 34 34 255 34 34 34 255 34 34 34 255 34 34 34 255 34 34 34 255 34 34 34 255 49 44 43 255 81 66 62 255 100 79 73 255 104 82 76 255 104 82 76 255 
73 60 58 255 73 60 58 255 96 75 71 255 94 74 70 255 68 57 54 255 55 48 46 255 55 48 46 255 49 44 43 255 39 37 37 255 34 34 34 255 34 34 34 255 34 34 34 255 34 34 34 255 34 34 34 255 34 34 34 255 34 34 34 255 34 34 34 255 34 34 34 255 34 34 34 255 34 34 34 255 34 34 34 255 34 34 34 255 34 34 34 255 39 37 37 255 49 44 43 255 55 48 46 255 55 48 46 255 68 57 54 255 94 74 70 255 107 83 78 255 107 83 78 255 107 83 78 255 
53 47 46 255 53 46 46 255 73 60 58 255 87 69 66 255 94 74 70 255 97 77 72 255 97 77 72 255 81 66 62 255 49 44 43 255 34 34 34 255 34 34 34 255 34 34 34 255 34 34 34 255 34 34 34 255 34 34 34 255 34 34 34 255 34 34 34 255 34 34 34 255 34 34 34 255 34 34 34 255 34 34 34 255 34 34 34 255 34 34 34 255 49 44 43 255 81 66 62 255 97 77 72 255 97 77 72 255 94 74 70 255 87 69 66 255 83 67 64 255 83 67 64 255 83 67 64 255 
43 40 40 255 43 40 39 255 62 52 51 255 80 65 63 255 98 77 73 255 107 83 78 255 107 83 78 255 94 74 70 255 68 57 54 255 55 48 46 255 55 48 46 255 55 48 46 255 55 48 46 255 55 48 46 255 55 48 46 255 55 48 46 255 55 48 46 255 55 48 46 255 55 48 46 255 55 48 46 255 55 48 46 255 55 48 46 255 55 48 46 255 68 57 54 255 94 74 70 255 107 83 78 255 107 83 78 255 98 77 73 255 80 65 63 255 72 59 58 255 72 59 58 255 72 59 58 255 
43 40 40 255 43 40 39 255 62 52 51 255 74 61 59 255 80 65 63 255 83 67 64 255 83 67 64 255 87 69 66 255 94 74 70 255 97 77 72 255 97 77 72 255 97 77 72 255 97 77 72 255 97 77 72 255 97 77 72 255 97 77 72 255 97 77 72 255 97 77 72 255 97 77 72 255 97 77 72 255 97 77 72 255 97 77 72 255 97 77 72 255 94 74 70 255 87 69 66 255 83 67 64 255 83 67 64 255 80 65 63 255 74 61 59 255 72 59 58 255 72 59 58 255 72 59 58 255 
43 40 40 255 43 40 39 255 62 52 51 255 72 59 58 255 72 59 57 255 72 59 58 255 72 59 57 255 80 65 63 255 98 77 73 255 107 83 78 255 107 83 78 255 107 83 78 255 107 83 78 255 107 83 78 255 107 83 78 255 107 83 78 255 107 83 78 255 107 83 78 255 107 83 78 255 107 83 78 255 107 83 78 255 107 83 78 255 107 83 78 255 98 77 73 255 80 65 63 255 72 59 58 255 72 59 58 255 72 59 58 255 72 59 58 255 74 61 59 255 80 65 63 255 80 65 63 255 
43 40 40 255 43 40 39 255 62 52 51 255 72 59 58 255 72 59 57 255 72 59 58 255 72 59 57 255 74 61 59 255 80 65 63 255 83 67 64 255 83 67 64 255 83 67 64 255 83 67 64 255 83 67 64 255 83 67 64 255 83 67 64 255 83 67 64 255 83 67 64 255 83 67 64 255 83 67 64 255 83 67 64 255 83 67 64 255 83 67 64 255 80 65 63 255 74 61 59 255 72 59 58 255 72 59 58 255 72 59 58 255 72 59 58 255 80 65 63 255 98 77 73 255 98 77 73 255 
43 40 40 255 43 40 39 255 62 52 51 255 72 59 58 255 72 59 57 255 72 59 58 255 72 59 57 255 72 59 58 255 72 59 57 255 72 59 58 255 72 59 57 255 72 59 58 255 72 59 57 255 72 59 58 255 72 59 57 255 72 59 58 255 72 59 57 255 72 59 58 255 72 59 58 255 72 59 58 255 72 59 58 255 72 59 58 255 72 59 58 255 72 59 58 255 72 59 58 255 72 59 58 255 72 59 58 255 72 59 58 255 72 59 58 255 83 67 64 255 107 83 78 255 107 83 78 255 
43 40 40 255 43 40 39 255 62 52 51 255 72 59 58 255 72 59 57 255 72 59 58 255 72 59 57 255 72 59 58 255 72 59 57 255 72 59 58 255 72 59 57 255 72 59 58 255 72 59 57 255 72 59 58 255 72 59 57 255 72 59 58 255 72 59 57 255 72 59 58 255 72 59 58 255 72 59 58 255 72 59 58 255 72 59 58 255 72 59 58 255 72 59 58 255 72 59 58 255 72 59 58 255 72 59 58 255 72 59 58 255 72 59 58 255 83 67 64 255 107 83 78 255 107 83 78 255 
62 53 51 255 62 53 51 255 76 62 60 255 83 67 64 255 83 67 64 255 80 65 63 255 74 61 59 255 72 59 58 255 72 59 57 255 74 61 59 255 80 65 63 255 80 65 63 255 74 61 59 255 74 61 59 255 80 65 63 255 83 67 64 255 83 67 64 255 83 67 64 255 83 67 64 255 83 67 64 255 83 67 64 255 80 65 63 255 74 61 59 255 74 61 59 255 80 65 63 255 83 67 64 255 83 67 64 255 83 67 64 255 83 67 64 255 92 73 69 255 110 85 79 255 110 85 79 255 
100 79 73 255 100 79 73 255 104 82 76 255 107 83 78 255 107 83 78 255 98 77 73 255 80 65 63 255 72 59 58 255 72 59 57 255 80 65 63 255 98 77 73 255 98 77 73 255 80 65 63 255 80 65 63 255 98 77 73 255 107 83 78 255 107 83 78 255 107 83 78 255 107 83 78 255 107 83 78 255 107 83 78 255 98 77 73 255 80 65 63 255 80 65 63 255 98 77 73 255 107 83 78 255 107 83 78 255 107 83 78 255 107 83 78 255 110 85 79 255 116 89 83 255 116 89 83 255 
100 79 73 255 100 79 73 255 104 82 76 255 107 83 78 255 107 83 78 255 98 77 73 255 80 65 63 255 72 59 58 255 72 59 57 255 80 65 63 255 98 77 73 255 98 77 73 255 80 65 63 255 80 65 63 255 98 77 73 255 107 83 78 255 107 83 78 255 107 83 78 255 107 83 78 255 107 83 78 255 107 83 78 255 98 77 73 255 80 65 63 255 80 65 63 255 98 77 73 255 107 83 78 255 107 83 78 255 107 83 78 255 107 83 78 255 110 85 79 255 116 89 83 255 116 89 83 255 
