0 0 0 0 0 0 0 0 0 0 0 0 0 0 0 0 0 0 0 0 0 0 0 0 0 0 0 0 0 0 0 0 0 0 0 0 0 0 0 0 0 0 0 0 0 0 0 0 0 0 0 0 0 0 0 0 0 0 0 0 0 0 0 0 0 0 0 0 0 0 0 0 0 0 0 0 0 0 0 0 0 0 0 0 0 0 0 0 0 0 0 0 0 0 0 0 0 0 0 0 0 0 0 0 0 0 0 0 0 0 0 0 0 0 0 0 8 19 8 28 16 38 17 56 25 58 26 85 16 38 17 56 8 19 8 28 0 0 0 0 0 0 0 0 0 0 0 0 0 0 0 0 0 0 0 0 0 0 0 0 0 0 0 0 0 0 0 0 0 0 0 0 0 0 0 0 0 0 0 0 0 0 0 0 0 0 0 0 0 0 0 0 
0 0 0 0 0 0 0 0 0 0 0 0 0 0 0 0 0 0 0 0 0 0 0 0 0 0 0 0 0 0 0 0 0 0 0 0 0 0 0 0 0 0 0 0 0 0 0 0 0 0 0 0 0 0 0 0 0 0 0 0 0 0 0 0 0 0 0 0 0 0 0 0 0 0 0 0 0 0 0 0 0 0 0 0 0 0 0 0 0 0 0 0 0 0 0 0 0 0 0 0 0 0 0 0 0 0 0 0 0 0 0 0 0 0 0 0 0 0 0 0 0 0 0 0 0 0 0 0 0 0 0 0 0 0 0 0 0 0 0 0 0 0 0 0 0 0 0 0 0 0 0 0 0 0 0 0 0 0 0 0 0 0 0 0 0 0 0 0 0 0 0 0 0 0 0 0 0 0 0 0 0 0 0 0 0 0 0 0 0 0 0 0 
0 0 0 0 0 0 0 0 0 0 0 0 0 0 0 0 0 0 0 0 0 0 0 0 0 0 0 0 0 0 0 0 0 0 0 0 0 0 0 0 0 0 0 0 0 0 0 0 0 0 0 0 0 0 0 0 0 0 0 0 0 0 0 0 0 0 0 0 0 0 0 0 0 0 0 0 0 0 0 0 0 0 0 0 0 0 0 0 0 0 0 0 0 0 0 0 0 0 0 0 0 0 0 0 0 0 0 0 0 0 0 0 0 0 0 0 8 19 8 28 16 38 17 56 25 58 26 84 16 38 17 56 8 19 8 28 0 0 0 0 0 0 0 0 0 0 0 0 0 0 0 0 0 0 0 0 0 0 0 0 0 0 0 0 0 0 0 0 0 0 0 0 0 0 0 0 0 0 0 0 0 0 0 0 0 0 0 0 0 0 0 0 
0 0 0 0 0 0 0 0 0 0 0 0 0 0 0 0 0 0 0 0 0 0 0 0 0 0 0 0 0 0 0 0 0 0 0 0 0 0 0 0 0 0 0 0 0 0 0 0 0 0 0 0 0 0 0 0 0 0 0 0 0 0 0 0 0 0 0 0 0 0 0 0 0 0 0 0 0 0 0 0 0 0 0 0 0 0 0 0 0 0 0 0 0 0 0 0 0 0 0 0 0 0 0 0 0 0 0 0 0 0 0 0 0 0 0 0 16 38 17 56 33 77 35 113 50 116 53 169 33 77 35 113 16 38 17 56 0 0 0 0 0 0 0 0 0 0 0 0 0 0 0 0 0 0 0 0 0 0 0 0 0 0 0 0 0 0 0 0 0 0 0 0 0 0 0 0 0 0 0 0 0 0 0 0 0 0 0 0 0 0 0 0 
0 0 0 0 0 0 0 0 0 0 0 0 0 0 0 0 0 0 0 0 0 0 0 0 0 0 0 0 0 0 0 0 0 0 0 0 0 0 0 0 0 0 0 0 0 0 0 0 0 0 0 0 0 0 0 0 0 0 0 0 0 0 0 0 0 0 0 0 0 0 0 0 0 0 0 0 0 0 0 0 0 0 0 0 0 0 0 0 0 0 0 0 0 0 0 0 0 0 0 0 0 0 0 0 0 0 0 0 0 0 0 0 0 0 0 0 25 58 26 84 50 116 53 169 75 174 79 254 50 116 53 169 25 58 26 84 0 0 0 0 0 0 0 0 0 0 0 0 0 0 0 0 0 0 0 0 0 0 0 0 0 0 0 0 0 0 0 0 0 0 0 0 0 0 0 0 0 0 0 0 0 0 0 0 0 0 0 0 0 0 0 0 
0 0 0 0 0 0 0 0 0 0 0 0 0 0 0 0 0 0 0 0 0 0 0 0 0 0 0 0 0 0 0 0 28 27 26 28 56 54 52 56 84 82 78 84 84 82 78 84 84 82 78 84 84 82 78 84 84 82 78 84 84 82 78 84 84 82 78 84 56 54 52 56 28 27 26 28 0 0 0 0 0 0 0 0 0 0 0 0 0 0 0 0 0 0 0 0 0 0 0 0 0 0 0 0 28 27 26 28 56 54 52 56 84 82 78 84 81 113 79 141 78 144 79 198 76 174 80 254 78 144 79 198 81 113 79 141 84 82 78 84 56 54 52 56 28 27 26 28 0 0 0 0 0 0 0 0 0 0 0 0 0 0 0 0 0 0 0 0 0 0 0 0 0 0 0 0 0 0 0 0 0 0 0 0 0 0 0 0 0 0 0 0 
0 0 0 0 0 0 0 0 0 0 0 0 0 0 0 0 0 0 0 0 0 0 0 0 0 0 0 0 0 0 0 0 56 54 52 56 112 109 105 113 168 164 157 169 168 164 157 169 168 164 157 169 168 164 157 169 168 164 157 169 168 164 157 169 168 164 157 169 112 109 105 113 56 54 52 56 0 0 0 0 0 0 0 0 0 0 0 0 0 0 0 0 0 0 0 0 0 0 0 0 0 0 0 0 56 54 52 56 112 109 105 113 168 164 157 169 137 168 131 198 106 171 105 226 76 174 80 254 106 171 105 226 137 168 131 198 168 164 157 169 112 109 105 113 56 54 52 56 0 0 0 0 0 0 0 0 0 0 0 0 0 0 0 0 0 0 0 0 0 0 0 0 0 0 0 0 0 0 0 0 0 0 0 0 0 0 0 0 0 0 0 0 
0 0 0 0 0 0 0 0 0 0 0 0 0 0 0 0 0 0 0 0 0 0 0 0 0 0 0 0 0 0 0 0 84 82 79 85 168 164 157 169 252 246 236 254 252 246 236 254 252 246 236 254 252 246 236 254 252 246 236 254 252 246 236 254 252 246 236 254 168 164 157 169 84 82 78 84 0 0 0 0 0 0 0 0 0 0 0 0 0 0 0 0 0 0 0 0 0 0 0 0 0 0 0 0 84 82 78 84 168 164 157 169 252 246 236 254 193 222 184 254 134 198 132 254 76 175 80 255 134 198 132 254 193 222 184 254 252 246 236 254 168 164 157 169 84 82 79 85 0 0 0 0 0 0 0 0 0 0 0 0 0 0 0 0 0 0 0 0 0 0 0 0 0 0 0 0 0 0 0 0 0 0 0 0 0 0 0 0 0 0 0 0 
0 0 0 0 0 0 0 0 0 0 0 0 0 0 0 0 0 0 0 0 28 27 26 28 56 54 52 56 84 82 78 84 117 114 111 141 149 146 144 198 182 178 177 255 182 178 177 255 182 178 177 255 182 178 177 255 182 178 177 255 182 178 177 255 182 178 177 254 149 146 144 198 117 114 111 141 84 82 78 84 56 54 52 56 28 27 26 28 0 0 0 0 8 19 8 28 16 38 17 56 25 58 26 84 81 113 79 141 137 168 132 198 194 223 184 255 154 207 149 255 115 191 114 255 76 175 80 255 115 191 114 255 154 207 149 255 194 223 184 255 137 168 132 198 81 113 79 141 25 58 26 84 16 38 17 56 8 19 8 28 0 0 0 0 0 0 0 0 0 0 0 0 0 0 0 0 0 0 0 0 0 0 0 0 0 0 0 0 0 0 0 0 
0 0 0 0 0 0 0 0 0 0 0 0 0 0 0 0 0 0 0 0 56 54 52 56 112 109 105 113 168 164 157 169 149 146 144 198 131 128 131 226 112 110 117 255 112 110 117 255 112 110 117 255 112 110 117 255 112 110 117 255 112 110 117 255 112 110 117 254 131 128 131 226 149 146 144 198 168 164 157 169 112 109 105 113 56 54 52 56 0 0 0 0 16 38 17 56 33 77 35 113 50 116 53 169 78 144 79 198 106 171 106 226 135 199 132 255 115 191 114 255 95 183 97 255 76 175 80 255 95 183 97 255 115 191 114 255 135 199 132 255 106 171 106 226 78 144 79 198 50 116 53 169 33 77 35 113 16 38 17 56 0 0 0 0 0 0 0 0 0 0 0 0 0 0 0 0 0 0 0 0 0 0 0 0 0 0 0 0 0 0 0 0 
0 0 0 0 0 0 0 0 0 0 0 0 0 0 0 0 0 0 0 0 84 82 79 85 168 164 158 170 252 246 236 254 182 178 177 254 112 110 117 254 42 42 58 255 42 42 58 255 42 42 58 255 42 42 58 255 42 42 58 255 42 42 58 255 42 42 58 255 112 110 117 254 182 178 177 254 252 246 236 254 168 164 157 169 84 82 78 84 0 0 0 0 25 58 26 84 50 116 53 169 75 174 79 254 76 174 80 254 76 174 80 254 76 175 80 255 76 175 80 255 76 175 80 255 76 175 80 255 76 175 80 255 76 175 80 255 76 175 80 255 76 174 80 254 76 174 80 254 75 174 79 254 50 116 53 169 25 58 26 85 0 0 0 0 0 0 0 0 0 0 0 0 0 0 0 0 0 0 0 0 0 0 0 0 0 0 0 0 0 0 0 0 
28 27 26 28 0 0 0 0 28 27 26 28 56 54 52 56 84 82 78 84 117 114 111 141 149 146 144 198 182 178 177 255 155 137 137 255 127 95 97 255 100 53 57 255 100 53 57 255 100 53 57 255 100 53 57 255 100 53 57 255 100 53 57 255 100 54 57 255 127 95 97 255 155 137 137 255 182 178 177 254 149 146 144 198 117 114 111 141 84 82 78 84 77 98 76 141 71 114 74 198 64 130 72 255 84 134 72 255 103 138 72 255 123 142 72 255 107 153 74 255 91 164 77 255 76 174 79 255 91 164 77 255 107 153 74 255 123 142 72 255 103 138 72 255 84 134 72 255 64 130 72 255 71 114 74 198 77 98 76 141 84 82 78 84 56 54 52 56 28 27 26 28 0 0 0 0 0 0 0 0 0 0 0 0 0 0 0 0 0 0 0 0 
56 54 52 56 0 0 0 0 56 54 52 56 112 109 105 113 168 164 157 169 149 146 144 198 131 128 131 226 112 110 117 255 128 95 97 255 143 80 77 255 159 65 56 255 159 65 56 255 159 65 56 255 159 65 56 255 159 65 56 255 159 65 56 255 159 65 56 255 143 80 77 255 128 95 97 255 112 110 117 254 131 128 131 226 149 146 144 198 168 164 157 169 130 138 127 198 91 112 96 226 53 86 65 255 92 94 64 255 131 102 64 255 170 110 64 255 139 131 69 255 107 153 74 255 76 174 79 255 107 153 74 255 139 131 69 255 170 110 64 255 131 102 64 255 92 94 64 255 53 86 65 255 91 112 96 226 130 138 127 198 168 164 157 169 112 109 105 113 56 54 52 56 0 0 0 0 0 0 0 0 0 0 0 0 0 0 0 0 0 0 0 0 
84 82 78 84 0 0 0 0 84 82 79 85 168 164 158 170 252 246 236 254 182 178 177 254 112 110 117 254 42 42 58 255 100 54 57 255 159 66 56 255 217 77 56 255 217 77 56 255 217 77 56 255 217 77 56 255 217 77 56 255 217 77 56 255 217 77 56 255 159 66 56 255 100 54 57 255 42 42 58 255 112 110 117 254 182 178 177 254 252 246 236 254 182 178 177 254 112 110 117 254 42 42 58 255 100 54 57 255 159 66 56 255 217 78 56 255 170 110 64 255 123 142 72 255 76 174 79 255 123 142 72 255 170 110 64 255 217 78 56 255 159 66 56 255 100 54 57 255 42 42 58 255 112 110 117 254 182 178 177 254 252 246 236 254 168 164 158 170 84 82 79 85 0 0 0 0 0 0 0 0 0 0 0 0 0 0 0 0 0 0 0 0 
84 82 78 84 0 0 0 0 84 82 79 85 168 164 158 170 252 246 236 255 182 178 177 255 112 110 117 255 42 42 58 255 100 54 57 255 159 66 56 255 218 78 56 255 218 78 56 255 218 78 56 255 218 78 56 255 218 78 56 255 218 78 56 255 217 77 56 255 178 69 56 255 139 61 56 255 100 54 57 255 127 95 97 255 155 137 137 255 182 178 177 255 155 137 137 255 127 95 97 255 100 53 57 255 139 61 56 255 178 69 56 255 218 78 56 255 170 110 63 255 123 142 71 255 76 174 79 255 123 142 72 255 170 110 64 255 217 78 56 255 159 66 56 255 100 54 57 255 42 42 57 255 112 110 117 255 182 178 177 255 252 246 236 255 168 164 158 170 84 82 79 85 0 0 0 0 0 0 0 0 0 0 0 0 0 0 0 0 0 0 0 0 
84 82 78 84 0 0 0 0 84 82 79 85 168 164 158 170 252 246 236 255 182 178 177 255 112 110 117 255 42 42 58 255 100 54 57 255 159 66 56 255 218 78 56 255 218 78 56 255 218 78 56 255 218 78 56 255 218 78 56 255 218 78 56 255 217 78 56 255 198 73 56 255 178 69 56 255 159 65 56 255 143 80 77 255 128 95 97 255 112 110 117 255 128 95 97 255 143 80 77 255 159 65 56 255 178 69 56 255 198 73 56 255 218 78 56 255 170 110 63 255 123 142 71 255 76 174 79 255 123 142 72 255 170 110 64 255 217 78 56 255 159 66 56 255 100 54 57 255 42 42 57 255 112 110 117 255 182 178 177 255 252 246 236 255 168 164 158 170 84 82 79 85 0 0 0 0 0 0 0 0 0 0 0 0 0 0 0 0 0 0 0 0 
84 82 78 84 0 0 0 0 84 82 79 85 168 164 158 170 252 246 236 255 182 178 177 255 112 110 117 255 42 42 58 255 100 54 57 255 159 66 56 255 218 78 56 255 218 78 56 255 218 78 56 255 218 78 56 255 218 78 56 255 218 78 56 255 218 78 56 255 217 77 56 255 217 77 56 255 217 77 56 255 159 66 56 255 100 54 57 255 42 42 58 255 100 54 57 255 159 66 56 255 217 77 56 255 217 77 56 255 217 77 56 255 218 78 56 255 170 110 63 255 123 142 71 255 76 174 79 255 123 142 72 255 170 110 64 255 217 78 56 255 159 66 56 255 100 54 57 255 42 42 57 255 112 110 117 255 182 178 177 255 252 246 236 255 168 164 158 170 84 82 79 85 0 0 0 0 0 0 0 0 0 0 0 0 0 0 0 0 0 0 0 0 
84 82 78 84 0 0 0 0 84 82 79 85 168 164 158 170 252 246 236 255 182 178 177 255 112 110 117 255 42 42 58 255 100 54 57 255 159 66 56 255 218 78 56 255 218 78 56 255 218 78 56 255 218 78 56 255 218 78 56 255 218 78 56 255 218 78 56 255 217 78 56 255 217 78 56 255 217 77 56 255 178 69 56 255 139 61 56 255 100 53 57 255 139 61 56 255 178 69 56 255 218 78 56 255 218 78 56 255 217 78 56 255 218 78 56 255 186 99 61 255 154 121 66 255 123 142 72 255 154 121 66 255 186 99 61 255 217 78 56 255 159 66 56 255 100 54 57 255 42 42 57 255 112 110 117 255 182 178 177 255 252 246 236 255 168 164 158 170 84 82 79 85 0 0 0 0 0 0 0 0 0 0 0 0 0 0 0 0 0 0 0 0 
84 82 78 84 0 0 0 0 84 82 79 85 168 164 158 170 252 246 236 255 182 178 177 255 112 110 117 255 42 42 58 255 100 54 57 255 159 66 56 255 218 78 56 255 218 78 56 255 218 78 56 255 218 78 56 255 218 78 56 255 218 78 56 255 218 78 56 255 217 78 56 255 217 78 56 255 217 78 56 255 198 73 56 255 178 69 56 255 159 65 56 255 178 69 56 255 198 73 56 255 218 78 56 255 218 78 56 255 217 78 56 255 218 78 56 255 202 88 58 255 186 99 61 255 170 110 64 255 186 99 61 255 202 88 58 255 217 78 56 255 159 66 56 255 100 54 57 255 42 42 57 255 112 110 117 255 182 178 177 255 252 246 236 255 168 164 158 170 84 82 79 85 0 0 0 0 0 0 0 0 0 0 0 0 0 0 0 0 0 0 0 0 
84 82 78 84 0 0 0 0 84 82 79 85 168 164 158 170 252 246 236 255 182 178 177 255 112 110 117 255 42 42 58 255 100 54 57 255 159 66 56 255 218 78 56 255 218 78 56 255 218 78 56 255 218 78 56 255 218 78 56 255 218 78 56 255 218 78 56 255 217 78 56 255 217 78 56 255 218 78 56 255 217 77 56 255 217 77 56 255 217 77 56 255 217 77 56 255 217 77 56 255 218 78 56 255 218 78 56 255 217 78 56 255 218 78 56 255 217 78 56 255 217 78 56 255 217 78 56 255 217 78 56 255 217 78 56 255 218 78 56 255 159 66 56 255 100 54 57 255 42 42 57 255 112 110 117 255 182 178 177 255 252 246 236 255 168 164 158 170 84 82 79 85 0 0 0 0 0 0 0 0 0 0 0 0 0 0 0 0 0 0 0 0 
84 82 78 84 0 0 0 0 84 82 79 85 168 164 158 170 252 246 236 255 182 178 177 255 112 110 117 255 42 42 58 255 100 54 57 255 159 66 56 255 218 78 56 255 218 78 56 255 218 78 56 255 218 78 56 255 218 78 56 255 218 78 56 255 218 78 56 255 217 78 56 255 217 78 56 255 218 78 56 255 217 78 56 255 217 78 56 255 218 78 56 255 217 78 56 255 217 78 56 255 218 78 56 255 218 78 56 255 217 78 56 255 218 78 56 255 218 78 56 255 217 78 56 255 218 78 56 255 218 78 56 255 217 78 56 255 218 78 56 255 159 66 56 255 100 54 57 255 42 42 57 255 112 110 117 255 182 178 177 255 252 246 236 255 168 164 158 170 84 82 79 85 0 0 0 0 0 0 0 0 0 0 0 0 0 0 0 0 0 0 0 0 
84 82 78 84 0 0 0 0 84 82 79 85 168 164 158 170 252 246 236 255 182 178 177 255 112 110 117 255 42 42 58 255 100 54 57 255 159 66 56 255 218 78 56 255 218 78 56 255 218 78 56 255 218 78 56 255 218 78 56 255 218 78 56 255 218 78 56 255 217 78 56 255 217 78 56 255 218 78 56 255 217 78 56 255 217 78 56 255 218 78 56 255 217 78 56 255 217 78 56 255 218 78 56 255 218 78 56 255 217 78 56 255 218 78 56 255 218 78 56 255 217 78 56 255 218 78 56 255 218 78 56 255 217 78 56 255 218 78 56 255 159 66 56 255 100 54 57 255 42 42 57 255 112 110 117 255 182 178 177 255 252 246 236 255 168 164 158 170 84 82 79 85 0 0 0 0 0 0 0 0 0 0 0 0 0 0 0 0 0 0 0 0 
84 82 78 84 0 0 0 0 84 82 79 85 168 164 158 170 252 246 236 255 182 178 177 255 112 110 117 255 42 42 58 255 100 54 57 255 159 66 56 255 218 78 56 255 218 78 56 255 218 78 56 255 218 78 56 255 218 78 56 255 218 78 56 255 218 78 56 255 217 78 56 255 217 78 56 255 218 78 56 255 217 78 56 255 217 78 56 255 218 78 56 255 217 78 56 255 217 78 56 255 218 78 56 255 218 78 56 255 217 78 56 255 218 78 56 255 218 78 56 255 217 78 56 255 218 78 56 255 218 78 56 255 217 78 56 255 218 78 56 255 159 66 56 255 100 54 57 255 42 42 57 255 112 110 117 255 182 178 177 255 252 246 236 255 168 164 158 170 84 82 79 85 0 0 0 0 0 0 0 0 0 0 0 0 0 0 0 0 0 0 0 0 
56 54 52 56 0 0 0 0 56 54 52 56 112 109 105 113 168 164 158 170 149 146 144 198 131 128 131 226 112 110 117 255 127 95 97 255 143 80 76 255 159 66 56 255 178 70 56 255 198 74 56 255 218 78 56 255 218 78 56 255 218 78 56 255 218 78 56 255 217 78 56 255 217 78 56 255 218 78 56 255 217 78 56 255 217 78 56 255 218 78 56 255 217 78 56 255 217 78 56 255 218 78 56 255 218 78 56 255 217 78 56 255 218 78 56 255 218 78 56 255 217 78 56 255 218 78 56 255 198 74 56 255 178 70 56 255 159 66 56 255 143 80 76 255 127 95 97 255 112 110 117 255 131 128 131 226 149 146 144 198 168 164 158 170 112 109 105 113 56 54 52 56 0 0 0 0 0 0 0 0 0 0 0 0 0 0 0 0 0 0 0 0 
28 27 26 28 0 0 0 0 28 27 26 28 56 54 52 56 84 82 79 85 117 114 111 141 149 146 144 198 182 178 177 255 155 137 137 255 127 95 97 255 100 54 57 255 139 62 56 255 178 70 56 255 218 78 56 255 218 78 56 255 218 78 56 255 218 78 56 255 217 78 56 255 217 78 56 255 218 78 56 255 217 78 56 255 217 78 56 255 218 78 56 255 217 78 56 255 217 78 56 255 218 78 56 255 218 78 56 255 217 78 56 255 218 78 56 255 218 78 56 255 217 78 56 255 218 78 56 255 178 70 56 255 139 62 56 255 100 54 57 255 128 95 97 255 155 137 137 255 182 178 177 255 149 146 144 198 117 114 111 141 84 82 79 85 56 54 52 56 28 27 26 28 0 0 0 0 0 0 0 0 0 0 0 0 0 0 0 0 0 0 0 0 
0 0 0 0 0 0 0 0 0 0 0 0 0 0 0 0 0 0 0 0 84 82 79 85 168 164 158 170 252 246 236 255 182 178 177 255 112 110 117 255 42 42 57 255 100 54 57 255 159 66 56 255 218 78 56 255 218 78 56 255 218 78 56 255 218 78 56 255 217 78 56 255 217 78 56 255 218 78 56 255 217 78 56 255 217 78 56 255 218 78 56 255 217 78 56 255 217 78 56 255 218 78 56 255 218 78 56 255 217 78 56 255 218 78 56 255 218 78 56 255 217 78 56 255 218 78 56 255 159 66 56 255 100 54 57 255 42 42 57 255 112 110 117 255 182 178 177 255 252 246 236 255 168 164 158 170 84 82 79 85 0 0 0 0 0 0 0 0 0 0 0 0 0 0 0 0 0 0 0 0 0 0 0 0 0 0 0 0 0 0 0 0 
0 0 0 0 0 0 0 0 0 0 0 0 0 0 0 0 0 0 0 0 56 54 52 56 112 109 105 113 168 164 158 170 149 146 144 198 131 128 131 226 112 110 117 255 127 95 97 255 143 80 76 255 159 66 56 255 178 70 56 255 198 74 56 255 218 78 56 255 217 78 56 255 217 78 56 255 218 78 56 255 217 78 56 255 217 78 56 255 218 78 56 255 217 78 56 255 217 78 56 255 218 78 56 255 218 78 56 255 217 78 56 255 218 78 56 255 198 74 56 255 178 70 56 255 159 66 56 255 143 80 76 255 127 95 97 255 112 110 117 255 131 128 131 226 149 146 144 198 168 164 158 170 112 109 105 113 56 54 52 56 0 0 0 0 0 0 0 0 0 0 0 0 0 0 0 0 0 0 0 0 0 0 0 0 0 0 0 0 0 0 0 0 
0 0 0 0 0 0 0 0 0 0 0 0 0 0 0 0 0 0 0 0 28 27 26 28 56 54 52 56 84 82 79 85 117 114 111 141 149 146 144 198 182 178 177 255 155 137 137 255 128 95 97 255 100 54 57 255 139 62 56 255 178 70 56 255 218 78 56 255 217 78 56 255 217 78 56 255 218 78 56 255 217 78 56 255 217 78 56 255 218 78 56 255 217 78 56 255 217 78 56 255 218 78 56 255 218 78 56 255 217 78 56 255 218 78 56 255 178 70 56 255 139 62 56 255 100 54 57 255 128 95 97 255 155 137 137 255 182 178 177 255 149 146 144 198 117 114 111 141 84 82 79 85 56 54 52 56 28 27 26 28 0 0 0 0 0 0 0 0 0 0 0 0 0 0 0 0 0 0 0 0 0 0 0 0 0 0 0 0 0 0 0 0 
0 0 0 0 0 0 0 0 0 0 0 0 0 0 0 0 0 0 0 0 0 0 0 0 0 0 0 0 0 0 0 0 84 82 79 85 168 164 158 170 252 246 236 255 182 178 177 255 112 110 117 255 42 42 57 255 100 54 57 255 159 66 56 255 218 78 56 255 217 78 56 255 217 78 56 255 218 78 56 255 217 78 56 255 217 78 56 255 218 78 56 255 217 78 56 255 217 78 56 255 218 78 56 255 218 78 56 255 217 78 56 255 218 78 56 255 159 66 56 255 100 54 57 255 42 42 57 255 112 110 117 255 182 178 177 255 252 246 236 255 168 164 158 170 84 82 79 85 0 0 0 0 0 0 0 0 0 0 0 0 0 0 0 0 0 0 0 0 0 0 0 0 0 0 0 0 0 0 0 0 0 0 0 0 0 0 0 0 0 0 0 0 
0 0 0 0 0 0 0 0 0 0 0 0 0 0 0 0 0 0 0 0 0 0 0 0 0 0 0 0 0 0 0 0 56 54 52 56 112 109 105 113 168 164 158 170 149 146 144 198 131 128 131 226 112 110 117 255 127 95 97 255 143 80 76 255 159 66 56 255 178 70 56 255 198 74 56 255 218 78 56 255 217 78 56 255 217 78 56 255 218 78 56 255 217 78 56 255 217 78 56 255 218 78 56 255 198 74 56 255 178 70 56 255 159 66 56 255 143 80 76 255 127 95 97 255 112 110 117 255 131 128 131 226 149 146 144 198 168 164 158 170 112 109 105 113 56 54 52 56 0 0 0 0 0 0 0 0 0 0 0 0 0 0 0 0 0 0 0 0 0 0 0 0 0 0 0 0 0 0 0 0 0 0 0 0 0 0 0 0 0 0 0 0 
0 0 0 0 0 0 0 0 0 0 0 0 0 0 0 0 0 0 0 0 0 0 0 0 0 0 0 0 0 0 0 0 28 27 26 28 56 54 52 56 84 82 79 85 117 114 111 141 149 146 144 198 182 178 177 255 155 137 137 255 128 95 97 255 100 54 57 255 139 62 56 255 178 70 56 255 218 78 56 255 217 78 56 255 217 78 56 255 218 78 56 255 217 78 56 255 217 78 56 255 218 78 56 255 178 70 56 255 139 62 56 255 100 54 57 255 128 95 97 255 155 137 137 255 182 178 177 255 149 146 144 198 117 114 111 141 84 82 79 85 56 54 52 56 28 27 26 28 0 0 0 0 0 0 0 0 0 0 0 0 0 0 0 0 0 0 0 0 0 0 0 0 0 0 0 0 0 0 0 0 0 0 0 0 0 0 0 0 0 0 0 0 
0 0 0 0 0 0 0 0 0 0 0 0 0 0 0 0 0 0 0 0 0 0 0 0 0 0 0 0 0 0 0 0 0 0 0 0 0 0 0 0 0 0 0 0 84 82 79 85 168 164 158 170 252 246 236 255 182 178 177 255 112 110 117 255 42 42 57 255 100 54 57 255 159 66 56 255 218 78 56 255 217 78 56 255 217 78 56 255 218 78 56 255 217 78 56 255 217 78 56 255 218 78 56 255 159 66 56 255 100 54 57 255 42 42 57 255 112 110 117 255 182 178 177 255 252 246 236 255 168 164 158 170 84 82 79 85 0 0 0 0 0 0 0 0 0 0 0 0 0 0 0 0 0 0 0 0 0 0 0 0 0 0 0 0 0 0 0 0 0 0 0 0 0 0 0 0 0 0 0 0 0 0 0 0 0 0 0 0 0 0 0 0 
0 0 0 0 0 0 0 0 0 0 0 0 0 0 0 0 0 0 0 0 0 0 0 0 0 0 0 0 0 0 0 0 0 0 0 0 0 0 0 0 0 0 0 0 56 54 52 56 112 109 105 113 168 164 158 170 149 146 144 198 131 128 131 226 112 110 117 255 127 95 97 255 143 80 76 255 159 66 56 255 178 70 56 255 198 74 56 255 218 78 56 255 198 74 56 255 178 70 56 255 159 66 56 255 143 80 76 255 127 95 97 255 112 110 117 255 131 128 131 226 149 146 144 198 168 164 158 170 112 109 105 113 56 54 52 56 0 0 0 0 0 0 0 0 0 0 0 0 0 0 0 0 0 0 0 0 0 0 0 0 0 0 0 0 0 0 0 0 0 0 0 0 0 0 0 0 0 0 0 0 0 0 0 0 0 0 0 0 0 0 0 0 
0 0 0 0 0 0 0 0 0 0 0 0 0 0 0 0 0 0 0 0 0 0 0 0 0 0 0 0 0 0 0 0 0 0 0 0 0 0 0 0 0 0 0 0 28 27 26 28 56 54 52 56 84 82 79 85 117 114 111 141 149 146 144 198 182 178 177 255 155 137 137 255 128 95 97 255 100 54 57 255 139 62 56 255 178 70 56 255 218 78 56 255 178 70 56 255 139 62 56 255 100 54 57 255 128 95 97 255 155 137 137 255 182 178 177 255 149 146 144 198 117 114 111 141 84 82 79 85 56 54 52 56 28 27 26 28 0 0 0 0 0 0 0 0 0 0 0 0 0 0 0 0 0 0 0 0 0 0 0 0 0 0 0 0 0 0 0 0 0 0 0 0 0 0 0 0 0 0 0 0 0 0 0 0 0 0 0 0 0 0 0 0 
0 0 0 0 0 0 0 0 0 0 0 0 0 0 0 0 0 0 0 0 0 0 0 0 0 0 0 0 0 0 0 0 0 0 0 0 0 0 0 0 0 0 0 0 0 0 0 0 0 0 0 0 0 0 0 0 84 82 79 85 168 164 158 170 252 246 236 255 182 178 177 255 112 110 117 255 42 42 57 255 100 54 57 255 159 66 56 255 218 78 56 255 159 66 56 255 100 54 57 255 42 42 57 255 112 110 117 255 182 178 177 255 252 246 236 255 168 164 158 170 84 82 79 85 0 0 0 0 0 0 0 0 0 0 0 0 0 0 0 0 0 0 0 0 0 0 0 0 0 0 0 0 0 0 0 0 0 0 0 0 0 0 0 0 0 0 0 0 0 0 0 0 0 0 0 0 0 0 0 0 0 0 0 0 0 0 0 0 0 0 0 0 
0 0 0 0 0 0 0 0 0 0 0 0 0 0 0 0 0 0 0 0 0 0 0 0 0 0 0 0 0 0 0 0 0 0 0 0 0 0 0 0 0 0 0 0 0 0 0 0 0 0 0 0 0 0 0 0 56 54 52 56 112 109 105 113 168 164 158 170 149 146 144 198 131 128 131 226 112 110 117 255 127 95 97 255 143 80 76 255 159 66 56 255 143 80 76 255 127 95 97 255 112 110 117 255 131 128 131 226 149 146 144 198 168 164 158 170 112 109 105 113 56 54 52 56 0 0 0 0 0 0 0 0 0 0 0 0 0 0 0 0 0 0 0 0 0 0 0 0 0 0 0 0 0 0 0 0 0 0 0 0 0 0 0 0 0 0 0 0 0 0 0 0 0 0 0 0 0 0 0 0 0 0 0 0 0 0 0 0 0 0 0 0 
0 0 0 0 0 0 0 0 0 0 0 0 0 0 0 0 0 0 0 0 0 0 0 0 0 0 0 0 0 0 0 0 0 0 0 0 0 0 0 0 0 0 0 0 0 0 0 0 0 0 0 0 0 0 0 0 28 27 26 28 56 54 52 56 84 82 79 85 117 114 111 141 149 146 144 198 182 178 177 255 155 137 137 255 128 95 97 255 100 54 57 255 128 95 97 255 155 137 137 255 182 178 177 255 149 146 144 198 117 114 111 141 84 82 79 85 56 54 52 56 28 27 26 28 0 0 0 0 0 0 0 0 0 0 0 0 0 0 0 0 0 0 0 0 0 0 0 0 0 0 0 0 0 0 0 0 0 0 0 0 0 0 0 0 0 0 0 0 0 0 0 0 0 0 0 0 0 0 0 0 0 0 0 0 0 0 0 0 0 0 0 0 
0 0 0 0 0 0 0 0 0 0 0 0 0 0 0 0 0 0 0 0 0 0 0 0 0 0 0 0 0 0 0 0 0 0 0 0 0 0 0 0 0 0 0 0 0 0 0 0 0 0 0 0 0 0 0 0 0 0 0 0 0 0 0 0 0 0 0 0 84 82 79 85 168 164 157 170 252 246 236 255 182 178 177 255 112 110 117 255 42 42 57 255 112 110 117 255 182 178 177 255 252 246 236 255 168 164 158 170 84 82 79 85 0 0 0 0 0 0 0 0 0 0 0 0 0 0 0 0 0 0 0 0 0 0 0 0 0 0 0 0 0 0 0 0 0 0 0 0 0 0 0 0 0 0 0 0 0 0 0 0 0 0 0 0 0 0 0 0 0 0 0 0 0 0 0 0 0 0 0 0 0 0 0 0 0 0 0 0 0 0 0 0 
0 0 0 0 0 0 0 0 0 0 0 0 0 0 0 0 0 0 0 0 0 0 0 0 0 0 0 0 0 0 0 0 0 0 0 0 0 0 0 0 0 0 0 0 0 0 0 0 0 0 0 0 0 0 0 0 0 0 0 0 0 0 0 0 0 0 0 0 56 54 52 56 112 109 105 113 168 164 158 170 149 146 144 198 131 128 131 226 112 110 117 255 131 128 131 226 149 146 144 198 168 164 158 170 112 109 105 113 56 54 52 56 0 0 0 0 0 0 0 0 0 0 0 0 0 0 0 0 0 0 0 0 0 0 0 0 0 0 0 0 0 0 0 0 0 0 0 0 0 0 0 0 0 0 0 0 0 0 0 0 0 0 0 0 0 0 0 0 0 0 0 0 0 0 0 0 0 0 0 0 0 0 0 0 0 0 0 0 0 0 0 0 
0 0 0 0 0 0 0 0 0 0 0 0 0 0 0 0 0 0 0 0 0 0 0 0 0 0 0 0 0 0 0 0 0 0 0 0 0 0 0 0 0 0 0 0 0 0 0 0 0 0 0 0 0 0 0 0 0 0 0 0 0 0 0 0 0 0 0 0 28 27 26 28 56 54 52 56 84 82 79 85 117 114 111 141 149 146 144 198 182 178 177 255 149 146 144 198 117 114 111 141 84 82 79 85 56 54 52 56 28 27 26 28 0 0 0 0 0 0 0 0 0 0 0 0 0 0 0 0 0 0 0 0 0 0 0 0 0 0 0 0 0 0 0 0 0 0 0 0 0 0 0 0 0 0 0 0 0 0 0 0 0 0 0 0 0 0 0 0 0 0 0 0 0 0 0 0 0 0 0 0 0 0 0 0 0 0 0 0 0 0 0 0 
0 0 0 0 0 0 0 0 0 0 0 0 0 0 0 0 0 0 0 0 0 0 0 0 0 0 0 0 0 0 0 0 0 0 0 0 0 0 0 0 0 0 0 0 0 0 0 0 0 0 0 0 0 0 0 0 0 0 0 0 0 0 0 0 0 0 0 0 0 0 0 0 0 0 0 0 0 0 0 0 84 82 79 85 168 164 157 170 252 246 236 255 168 164 157 170 84 82 79 85 0 0 0 0 0 0 0 0 0 0 0 0 0 0 0 0 0 0 0 0 0 0 0 0 0 0 0 0 0 0 0 0 0 0 0 0 0 0 0 0 0 0 0 0 0 0 0 0 0 0 0 0 0 0 0 0 0 0 0 0 0 0 0 0 0 0 0 0 0 0 0 0 0 0 0 0 0 0 0 0 0 0 0 0 0 0 0 0 0 0 0 0 
0 0 0 0 0 0 0 0 0 0 0 0 0 0 0 0 0 0 0 0 0 0 0 0 0 0 0 0 0 0 0 0 0 0 0 0 0 0 0 0 0 0 0 0 0 0 0 0 0 0 0 0 0 0 0 0 0 0 0 0 0 0 0 0 0 0 0 0 0 0 0 0 0 0 0 0 0 0 0 0 56 54 52 56 112 109 105 113 168 164 158 170 112 109 105 113 56 54 52 56 0 0 0 0 0 0 0 0 0 0 0 0 0 0 0 0 0 0 0 0 0 0 0 0 0 0 0 0 0 0 0 0 0 0 0 0 0 0 0 0 0 0 0 0 0 0 0 0 0 0 0 0 0 0 0 0 0 0 0 0 0 0 0 0 0 0 0 0 0 0 0 0 0 0 0 0 0 0 0 0 0 0 0 0 0 0 0 0 0 0 0 0 
0 0 0 0 0 0 0 0 0 0 0 0 0 0 0 0 0 0 0 0 0 0 0 0 0 0 0 0 0 0 0 0 0 0 0 0 0 0 0 0 0 0 0 0 0 0 0 0 0 0 0 0 0 0 0 0 0 0 0 0 0 0 0 0 0 0 0 0 0 0 0 0 0 0 0 0 0 0 0 0 28 27 26 28 56 54 52 56 84 82 79 85 56 54 52 56 28 27 26 28 0 0 0 0 0 0 0 0 0 0 0 0 0 0 0 0 0 0 0 0 0 0 0 0 0 0 0 0 0 0 0 0 0 0 0 0 0 0 0 0 0 0 0 0 0 0 0 0 0 0 0 0 0 0 0 0 0 0 0 0 0 0 0 0 0 0 0 0 0 0 0 0 0 0 0 0 0 0 0 0 0 0 0 0 0 0 0 0 0 0 0 0 
0 0 0 0 0 0 0 0 0 0 0 0 0 0 0 0 0 0 0 0 0 0 0 0 0 0 0 0 0 0 0 0 0 0 0 0 0 0 0 0 0 0 0 0 0 0 0 0 0 0 0 0 0 0 0 0 0 0 0 0 0 0 0 0 0 0 0 0 0 0 0 0 0 0 0 0 0 0 0 0 0 0 0 0 0 0 0 0 0 0 0 0 0 0 0 0 0 0 0 0 0 0 0 0 0 0 0 0 0 0 0 0 0 0 0 0 0 0 0 0 0 0 0 0 0 0 0 0 0 0 0 0 0 0 0 0 0 0 0 0 0 0 0 0 0 0 0 0 0 0 0 0 0 0 0 0 0 0 0 0 0 0 0 0 0 0 0 0 0 0 0 0 0 0 0 0 0 0 0 0 0 0 0 0 0 0 0 0 0 0 0 0 
0 0 0 0 0 0 0 0 0 0 0 0 0 0 0 0 0 0 0 0 0 0 0 0 0 0 0 0 0 0 0 0 0 0 0 0 0 0 0 0 0 0 0 0 0 0 0 0 0 0 0 0 0 0 0 0 0 0 0 0 0 0 0 0 0 0 0 0 0 0 0 0 0 0 0 0 0 0 0 0 0 0 0 0 0 0 0 0 0 0 0 0 0 0 0 0 0 0 0 0 0 0 0 0 0 0 0 0 0 0 0 0 0 0 0 0 0 0 0 0 0 0 0 0 0 0 0 0 0 0 0 0 0 0 0 0 0 0 0 0 0 0 0 0 0 0 0 0 0 0 0 0 0 0 0 0 0 0 0 0 0 0 0 0 0 0 0 0 0 0 0 0 0 0 0 0 0 0 0 0 0 0 0 0 0 0 0 0 0 0 0 0 
0 0 0 0 0 0 0 0 0 0 0 0 0 0 0 0 0 0 0 0 0 0 0 0 0 0 0 0 0 0 0 0 0 0 0 0 0 0 0 0 0 0 0 0 0 0 0 0 0 0 0 0 0 0 0 0 0 0 0 0 0 0 0 0 0 0 0 0 0 0 0 0 0 0 0 0 0 0 0 0 0 0 0 0 0 0 0 0 0 0 0 0 0 0 0 0 0 0 0 0 0 0 0 0 0 0 0 0 0 0 0 0 0 0 0 0 0 0 0 0 0 0 0 0 0 0 0 0 0 0 0 0 0 0 0 0 0 0 0 0 0 0 0 0 0 0 0 0 0 0 0 0 0 0 0 0 0 0 0 0 0 0 0 0 0 0 0 0 0 0 0 0 0 0 0 0 0 0 0 0 0 0 0 0 0 0 0 0 0 0 0 0 
0 0 0 0 0 0 0 0 0 0 0 0 0 0 0 0 0 0 0 0 0 0 0 0 0 0 0 0 0 0 0 0 0 0 0 0 0 0 0 0 0 0 0 0 0 0 0 0 0 0 0 0 0 0 0 0 0 0 0 0 0 0 0 0 0 0 0 0 0 0 0 0 0 0 0 0 0 0 0 0 0 0 0 0 0 0 0 0 0 0 0 0 0 0 0 0 0 0 0 0 0 0 0 0 0 0 0 0 0 0 0 0 0 0 0 0 0 0 0 0 0 0 0 0 0 0 0 0 0 0 0 0 0 0 0 0 0 0 0 0 0 0 0 0 0 0 0 0 0 0 0 0 0 0 0 0 0 0 0 0 0 0 0 0 0 0 0 0 0 0 0 0 0 0 0 0 0 0 0 0 0 0 0 0 0 0 0 0 0 0 0 0 
0 0 0 0 0 0 0 0 0 0 0 0 0 0 0 0 0 0 0 0 0 0 0 0 0 0 0 0 0 0 0 0 0 0 0 0 0 0 0 0 0 0 0 0 0 0 0 0 0 0 0 0 0 0 0 0 0 0 0 0 0 0 0 0 0 0 0 0 0 0 0 0 0 0 0 0 0 0 0 0 0 0 0 0 0 0 0 0 0 0 0 0 0 0 0 0 0 0 0 0 0 0 0 0 0 0 0 0 0 0 0 0 0 0 0 0 0 0 0 0 0 0 0 0 0 0 0 0 0 0 0 0 0 0 0 0 0 0 0 0 0 0 0 0 0 0 0 0 0 0 0 0 0 0 0 0 0 0 0 0 0 0 0 0 0 0 0 0 0 0 0 0 0 0 0 0 0 0 0 0 0 0 0 0 0 0 0 0 0 0 0 0 
