0 0 0 0 0 0 0 0 0 0 0 0 0 0 0 0 0 0 0 0 0 0 0 0 0 0 0 0 0 0 0 0 0 0 0 0 0 0 0 0 0 0 0 0 0 0 0 0 0 0 0 0 0 0 0 0 0 0 0 0 0 0 0 0 0 0 0 0 0 0 0 0 0 0 0 0 0 0 0 0 0 0 0 0 0 0 0 0 0 0 0 0 0 0 0 0 0 0 0 0 0 0 0 0 0 0 0 0 0 0 0 0 0 0 0 0 0 0 0 0 0 0 0 0 0 0 0 0 
0 0 0 0 0 0 0 0 0 0 0 0 0 0 0 0 0 0 0 0 0 0 0 0 0 0 0 0 0 0 0 0 0 0 0 0 0 0 0 0 0 0 0 0 0 0 0 0 0 0 0 0 0 0 0 0 0 0 0 0 0 0 0 0 0 0 0 0 0 0 0 0 0 0 0 0 0 0 0 0 0 0 0 0 0 0 0 0 0 0 0 0 0 0 0 0 0 0 0 0 0 0 0 0 0 0 0 0 0 0 0 0 0 0 0 0 0 0 0 0 0 0 0 0 0 0 0 0 
0 0 0 0 0 0 0 0 0 0 0 0 0 0 0 0 0 0 0 0 0 0 0 0 0 0 0 0 0 0 0 0 0 0 0 0 0 0 0 0 0 0 0 0 0 0 0 0 0 0 0 0 0 0 0 0 0 0 0 0 0 0 0 0 0 0 0 0 0 0 0 0 0 0 0 0 0 0 0 0 0 0 0 0 0 0 0 0 0 0 0 0 0 0 0 0 0 0 0 0 0 0 0 0 0 0 0 0 0 0 0 0 0 0 0 0 0 0 0 0 0 0 0 0 0 0 0 0 
0 0 0 0 0 0 0 0 0 0 0 0 0 0 0 0 0 0 0 0 0 0 0 0 0 0 0 0 0 0 0 0 0 0 0 0 0 0 0 0 0 0 0 0 0 0 0 0 0 0 0 0 0 0 0 0 0 0 0 0 0 0 0 0 0 0 0 0 0 0 0 0 0 0 0 0 0 0 0 0 0 0 0 0 0 0 0 0 0 0 0 0 0 0 0 0 0 0 0 0 0 0 0 0 0 0 0 0 0 0 0 0 0 0 0 0 0 0 0 0 0 0 0 0 0 0 0 0 
0 0 0 0 0 0 0 0 0 0 0 0 0 0 0 0 0 0 0 0 0 0 0 0 0 0 0 0 0 0 0 0 0 0 0 0 0 0 0 0 0 0 0 0 0 0 0 0 0 0 0 0 0 0 0 0 0 0 0 0 0 0 0 0 0 0 0 0 0 0 0 0 0 0 0 0 0 0 0 0 0 0 0 0 0 0 0 0 0 0 0 0 0 0 0 0 0 0 0 0 0 0 0 0 0 0 0 0 0 0 0 0 0 0 0 0 0 0 0 0 0 0 0 0 0 0 0 0 
0 0 0 0 0 0 0 0 0 0 0 0 0 0 0 0 0 0 0 0 0 0 0 0 0 0 0 0 2 2 2 15 6 6 6 47 8 8 8 63 8 8 8 63 8 8 8 63 8 8 8 63 8 8 8 63 8 8 8 63 8 8 8 63 8 8 8 63 8 8 8 63 8 8 8 63 8 8 8 63 8 8 8 63 8 8 8 63 8 8 8 63 6 6 6 47 2 2 2 15 0 0 0 0 0 0 0 0 0 0 0 0 0 0 0 0 0 0 0 0 0 0 0 0 0 0 0 0 
0 0 0 0 0 0 0 0 0 0 0 0 0 0 0 0 0 0 0 0 0 0 0 0 0 0 0 0 6 6 6 47 19 19 19 143 25 25 25 191 25 25 25 191 25 25 25 191 25 25 25 191 25 25 25 191 25 25 25 191 25 25 25 191 25 25 25 191 25 25 25 191 25 25 25 191 25 25 25 191 25 25 25 191 25 25 25 191 25 25 25 191 19 19 19 143 6 6 6 47 0 0 0 0 0 0 0 0 0 0 0 0 0 0 0 0 0 0 0 0 0 0 0 0 0 0 0 0 
0 0 0 0 0 0 0 0 0 0 0 0 0 0 0 0 0 0 0 0 0 0 0 0 0 0 0 0 8 8 8 63 25 25 25 191 35 38 40 255 39 48 53 255 44 59 64 255 50 72 72 255 54 79 77 255 54 79 77 255 54 79 77 255 54 79 77 255 54 79 77 255 54 79 77 255 54 79 77 255 54 79 77 255 48 67 66 255 39 45 44 255 25 25 25 191 8 8 8 63 0 0 0 0 0 0 0 0 0 0 0 0 0 0 0 0 0 0 0 0 0 0 0 0 0 0 0 0 
0 0 0 0 0 0 0 0 0 0 0 0 0 0 0 0 0 0 0 0 0 0 0 0 0 0 0 0 8 8 8 63 25 25 25 191 39 48 53 255 51 77 91 255 66 111 124 255 84 149 150 255 93 169 163 255 93 169 163 255 93 169 163 255 93 169 163 255 93 169 163 255 93 169 163 255 93 169 163 255 93 169 163 255 78 135 130 255 48 67 66 255 25 25 25 191 8 8 8 63 0 0 0 0 0 0 0 0 0 0 0 0 0 0 0 0 0 0 0 0 0 0 0 0 0 0 0 0 
0 0 0 0 0 0 0 0 0 0 0 0 0 0 0 0 0 0 0 0 0 0 0 0 0 0 0 0 8 8 8 63 25 25 25 191 41 53 59 255 57 92 111 255 77 137 154 255 101 188 188 255 113 214 206 255 113 214 206 255 113 214 206 255 113 214 206 255 113 214 206 255 113 214 206 255 113 214 206 255 113 214 206 255 93 169 163 255 54 79 77 255 25 25 25 191 8 8 8 63 0 0 0 0 0 0 0 0 0 0 0 0 0 0 0 0 0 0 0 0 0 0 0 0 0 0 0 0 
0 0 0 0 0 0 0 0 0 0 0 0 0 0 0 0 0 0 0 0 0 0 0 0 0 0 0 0 8 8 8 63 25 25 25 191 41 53 59 255 57 92 111 255 77 137 154 255 101 188 188 255 113 214 206 255 113 214 206 255 113 214 206 255 113 214 206 255 113 214 206 255 113 214 206 255 113 214 206 255 113 214 206 255 93 169 163 255 54 79 77 255 25 25 25 191 8 8 8 63 0 0 0 0 0 0 0 0 0 0 0 0 0 0 0 0 0 0 0 0 0 0 0 0 0 0 0 0 
0 0 0 0 0 0 0 0 0 0 0 0 0 0 0 0 0 0 0 0 0 0 0 0 0 0 0 0 8 8 8 63 25 25 25 191 41 53 59 255 57 92 111 255 77 137 154 255 101 188 188 255 113 214 206 255 113 214 206 255 113 214 206 255 113 214 206 255 113 214 206 255 113 214 206 255 113 214 206 255 113 214 206 255 93 169 163 255 54 79 77 255 25 25 25 191 8 8 8 63 0 0 0 0 0 0 0 0 0 0 0 0 0 0 0 0 0 0 0 0 0 0 0 0 0 0 0 0 
0 0 0 0 0 0 0 0 0 0 0 0 0 0 0 0 0 0 0 0 0 0 0 0 0 0 0 0 8 8 8 63 25 25 25 191 41 53 59 255 57 92 111 255 77 137 154 255 101 188 188 255 113 214 206 255 113 214 206 255 113 214 206 255 113 214 206 255 113 214 206 255 113 214 206 255 113 214 206 255 113 214 206 255 93 169 163 255 54 79 77 255 25 25 25 191 8 8 8 63 0 0 0 0 0 0 0 0 0 0 0 0 0 0 0 0 0 0 0 0 0 0 0 0 0 0 0 0 
0 0 0 0 0 0 0 0 0 0 0 0 0 0 0 0 0 0 0 0 0 0 0 0 0 0 0 0 8 8 8 63 25 25 25 191 41 53 59 255 57 92 111 255 77 137 154 255 101 188 188 255 113 214 206 255 113 214 206 255 113 214 206 255 113 214 206 255 113 214 206 255 113 214 206 255 113 214 206 255 113 214 206 255 93 169 163 255 54 79 77 255 25 25 25 191 8 8 8 63 0 0 0 0 0 0 0 0 0 0 0 0 0 0 0 0 0 0 0 0 0 0 0 0 0 0 0 0 
0 0 0 0 0 0 0 0 0 0 0 0 0 0 0 0 0 0 0 0 0 0 0 0 0 0 0 0 8 8 8 63 25 25 25 191 41 53 59 255 57 92 111 255 77 137 154 255 101 188 188 255 113 214 206 255 113 214 206 255 113 214 206 255 113 214 206 255 113 214 206 255 113 214 206 255 113 214 206 255 113 214 206 255 93 169 163 255 54 79 77 255 25 25 25 191 8 8 8 63 0 0 0 0 0 0 0 0 0 0 0 0 0 0 0 0 0 0 0 0 0 0 0 0 0 0 0 0 
0 0 0 0 0 0 0 0 0 0 0 0 0 0 0 0 0 0 0 0 0 0 0 0 0 0 0 0 8 8 8 63 25 25 25 191 41 53 59 255 57 92 111 255 72 126 143 255 86 154 156 255 93 169 163 255 93 169 163 255 98 180 173 255 108 202 195 255 113 214 206 255 113 214 206 255 109 202 195 255 98 180 173 255 78 135 130 255 48 67 66 255 25 25 25 191 8 8 8 63 0 0 0 0 0 0 0 0 0 0 0 0 0 0 0 0 0 0 0 0 0 0 0 0 0 0 0 0 
0 0 0 0 0 0 0 0 0 0 0 0 0 0 0 0 0 0 0 0 0 0 0 0 0 0 0 0 8 8 8 63 25 25 25 191 41 53 59 255 57 92 111 255 62 103 122 255 56 87 92 255 54 79 77 255 54 79 77 255 68 112 109 255 98 180 173 255 113 214 206 255 113 214 206 255 98 180 173 255 69 112 109 255 48 67 66 255 39 45 44 255 25 25 25 191 8 8 8 63 0 0 0 0 0 0 0 0 0 0 0 0 0 0 0 0 0 0 0 0 0 0 0 0 0 0 0 0 
0 0 0 0 0 0 0 0 0 0 0 0 0 0 0 0 0 0 0 0 0 0 0 0 0 0 0 0 8 8 8 63 25 25 25 191 41 53 59 255 57 92 111 255 57 92 111 255 41 53 59 255 34 34 34 255 34 34 34 255 53 78 76 255 93 168 162 255 113 214 206 255 113 214 206 255 93 169 163 255 54 79 77 255 34 34 34 255 34 34 34 255 25 25 25 191 8 8 8 63 0 0 0 0 0 0 0 0 0 0 0 0 0 0 0 0 0 0 0 0 0 0 0 0 0 0 0 0 
0 0 0 0 0 0 0 0 0 0 0 0 0 0 0 0 0 0 0 0 0 0 0 0 0 0 0 0 8 8 8 63 25 25 25 191 41 53 59 255 57 92 111 255 57 92 111 255 41 53 59 255 34 34 34 255 34 34 34 255 53 78 76 255 93 168 162 255 113 214 206 255 113 214 206 255 93 169 163 255 54 79 77 255 34 34 34 255 34 34 34 255 25 25 25 191 8 8 8 63 0 0 0 0 0 0 0 0 0 0 0 0 0 0 0 0 0 0 0 0 0 0 0 0 0 0 0 0 
0 0 0 0 0 0 0 0 0 0 0 0 0 0 0 0 0 0 0 0 0 0 0 0 0 0 0 0 8 8 8 63 25 25 25 191 41 53 59 255 57 92 111 255 70 105 123 255 82 93 97 255 88 87 84 255 88 87 84 255 95 118 115 255 107 182 175 255 113 214 206 255 113 214 206 255 107 182 175 255 95 118 115 255 75 73 72 255 47 47 46 255 25 25 25 191 8 8 8 63 0 0 0 0 0 0 0 0 0 0 0 0 0 0 0 0 0 0 0 0 0 0 0 0 0 0 0 0 
0 0 0 0 0 0 0 0 0 0 0 0 0 0 0 0 0 0 0 0 0 0 0 0 0 0 0 0 8 8 8 63 25 25 25 191 41 53 59 255 57 92 111 255 98 132 149 255 164 173 173 255 198 193 186 255 198 193 186 255 177 198 191 255 135 208 201 255 113 214 206 255 113 214 206 255 135 208 201 255 177 198 191 255 157 153 148 255 75 73 72 255 25 25 25 191 8 8 8 63 0 0 0 0 0 0 0 0 0 0 0 0 0 0 0 0 0 0 0 0 0 0 0 0 0 0 0 0 
0 0 0 0 0 0 0 0 0 0 0 0 0 0 0 0 0 0 0 0 0 0 0 0 0 0 0 0 8 8 8 63 25 25 25 191 41 53 59 255 57 92 111 255 111 145 161 255 205 213 211 255 253 247 237 255 253 247 237 255 218 238 229 255 148 222 213 255 113 214 206 255 113 214 206 255 148 222 213 255 218 238 229 255 198 193 186 255 88 87 84 255 25 25 25 191 8 8 8 63 0 0 0 0 0 0 0 0 0 0 0 0 0 0 0 0 0 0 0 0 0 0 0 0 0 0 0 0 
0 0 0 0 0 0 0 0 0 0 0 0 0 0 0 0 0 0 0 0 0 0 0 0 0 0 0 0 8 8 8 63 25 25 25 191 41 53 59 255 57 92 111 255 111 145 161 255 205 213 211 255 253 247 237 255 253 247 237 255 218 238 229 255 148 222 213 255 113 214 206 255 113 214 206 255 148 222 213 255 218 238 229 255 198 193 186 255 88 87 84 255 25 25 25 191 8 8 8 63 0 0 0 0 0 0 0 0 0 0 0 0 0 0 0 0 0 0 0 0 0 0 0 0 0 0 0 0 
0 0 0 0 0 0 0 0 0 0 0 0 0 0 0 0 0 0 0 0 0 0 0 0 0 0 0 0 6 6 6 47 19 19 19 143 33 42 46 207 49 75 89 239 94 122 136 255 168 183 186 255 206 213 211 255 206 213 211 255 179 207 206 255 127 194 194 255 101 188 188 255 101 188 188 255 125 189 188 255 174 192 186 255 155 151 146 239 68 67 65 207 19 19 19 143 6 6 6 47 0 0 0 0 0 0 0 0 0 0 0 0 0 0 0 0 0 0 0 0 0 0 0 0 0 0 0 0 
0 0 0 0 0 0 0 0 0 0 0 0 0 0 0 0 0 0 0 0 0 0 0 0 0 0 0 0 2 2 2 15 6 6 6 47 16 19 21 111 33 42 46 207 59 76 85 255 94 122 136 255 112 145 162 255 112 145 162 255 103 143 160 255 85 139 156 255 77 137 154 255 77 137 154 255 80 124 136 255 85 99 102 255 68 67 65 207 28 28 27 111 6 6 6 47 2 2 2 15 0 0 0 0 0 0 0 0 0 0 0 0 0 0 0 0 0 0 0 0 0 0 0 0 0 0 0 0 
0 0 0 0 0 0 0 0 0 0 0 0 0 0 0 0 0 0 0 0 2 2 2 15 6 6 6 47 8 8 8 63 8 8 8 63 14 14 14 111 27 27 27 207 41 53 59 255 57 92 111 255 68 118 141 255 74 131 149 255 77 137 154 255 77 137 154 255 74 131 149 255 68 118 141 255 57 92 111 255 41 53 59 255 27 27 27 207 14 14 14 111 8 8 8 63 8 8 8 63 6 6 6 47 2 2 2 15 0 0 0 0 0 0 0 0 0 0 0 0 0 0 0 0 0 0 0 0 
0 0 0 0 0 0 0 0 0 0 0 0 0 0 0 0 0 0 0 0 6 6 6 47 19 19 19 143 25 25 25 191 25 25 25 191 27 27 27 207 31 31 31 239 41 53 59 255 57 92 111 255 74 131 149 255 92 169 175 255 101 188 188 255 101 188 188 255 92 169 175 255 74 131 149 255 57 92 111 255 41 53 59 255 31 31 31 239 27 27 27 207 25 25 25 191 25 25 25 191 19 19 19 143 6 6 6 47 0 0 0 0 0 0 0 0 0 0 0 0 0 0 0 0 0 0 0 0 
0 0 0 0 0 0 0 0 0 0 0 0 2 2 2 15 6 6 6 47 16 19 21 111 33 42 46 207 44 59 64 255 50 72 72 255 54 79 77 255 54 79 77 255 59 93 96 255 71 122 134 255 86 156 167 255 104 194 193 255 113 214 206 255 113 214 206 255 104 194 193 255 86 156 167 255 71 122 134 255 59 93 96 255 54 79 77 255 54 79 77 255 50 72 72 255 44 59 64 255 33 42 46 207 16 19 21 111 6 6 6 47 2 2 2 15 0 0 0 0 0 0 0 0 0 0 0 0 
0 0 0 0 0 0 0 0 0 0 0 0 6 6 6 47 19 19 19 143 33 42 46 207 49 75 89 239 66 111 124 255 84 149 150 255 93 169 163 255 93 169 163 255 95 173 169 255 99 183 182 255 104 194 193 255 110 207 201 255 113 214 206 255 113 214 206 255 110 207 201 255 104 194 193 255 99 183 182 255 95 173 169 255 93 169 163 255 93 169 163 255 84 149 150 255 66 111 124 255 49 75 89 239 33 42 46 207 19 19 19 143 6 6 6 47 0 0 0 0 0 0 0 0 0 0 0 0 
0 0 0 0 0 0 0 0 0 0 0 0 8 8 8 63 25 25 25 191 39 48 53 255 51 77 91 255 66 111 124 255 84 149 150 255 93 169 163 255 93 169 163 255 93 169 163 255 93 169 163 255 93 169 163 255 93 169 163 255 93 169 163 255 93 169 163 255 93 169 163 255 93 169 163 255 93 169 163 255 93 169 163 255 93 169 163 255 93 169 163 255 84 149 150 255 66 111 124 255 51 77 91 255 39 48 53 255 25 25 25 191 8 8 8 63 0 0 0 0 0 0 0 0 0 0 0 0 
0 0 0 0 0 0 0 0 0 0 0 0 8 8 8 63 25 25 25 191 35 38 40 255 39 48 53 255 44 59 64 255 50 72 72 255 54 79 77 255 54 79 77 255 54 79 77 255 54 79 77 255 54 79 77 255 54 79 77 255 54 79 77 255 54 79 77 255 54 79 77 255 54 79 77 255 54 79 77 255 54 79 77 255 54 79 77 255 54 79 77 255 50 72 72 255 44 59 64 255 39 48 53 255 35 38 40 255 25 25 25 191 8 8 8 63 0 0 0 0 0 0 0 0 0 0 0 0 
0 0 0 0 0 0 0 0 0 0 0 0 8 8 8 63 25 25 25 191 35 38 40 255 39 48 53 255 44 59 64 255 50 72 72 255 54 79 77 255 54 79 77 255 54 79 77 255 54 79 77 255 54 79 77 255 54 79 77 255 54 79 77 255 54 79 77 255 54 79 77 255 54 79 77 255 54 79 77 255 54 79 77 255 54 79 77 255 54 79 77 255 50 72 72 255 44 59 64 255 39 48 53 255 35 38 40 255 25 25 25 191 8 8 8 63 0 0 0 0 0 0 0 0 0 0 0 0 
