0 0 0 0 0 0 0 0 0 0 0 0 0 0 0 0 0 0 0 0 0 0 0 0 0 0 0 0 0 0 0 0 0 0 0 0 0 0 0 0 0 0 0 0 0 0 0 0 0 0 0 0 0 0 0 0 0 0 0 0 0 0 0 0 0 0 0 0 0 0 0 0 0 0 0 0 0 0 0 0 0 0 0 0 0 0 0 0 0 0 0 0 0 0 0 0 0 0 0 0 0 0 0 0 0 0 0 0 0 0 0 0 0 0 0 0 0 0 0 0 0 0 0 0 0 0 0 0 
0 0 0 0 0 0 0 0 0 0 0 0 0 0 0 0 0 0 0 0 0 0 0 0 0 0 0 0 0 0 0 0 0 0 0 0 0 0 0 0 0 0 0 0 0 0 0 0 0 0 0 0 0 0 0 0 0 0 0 0 0 0 0 0 0 0 0 0 0 0 0 0 0 0 0 0 0 0 0 0 0 0 0 0 0 0 0 0 0 0 0 0 0 0 0 0 0 0 0 0 0 0 0 0 0 0 0 0 0 0 0 0 0 0 0 0 0 0 0 0 0 0 0 0 0 0 0 0 
0 0 0 0 0 0 0 0 0 0 0 0 0 0 0 0 0 0 0 0 0 0 0 0 0 0 0 0 0 0 0 0 0 0 0 0 0 0 0 0 0 0 0 0 0 0 0 0 0 0 0 0 0 0 0 0 0 0 0 0 0 0 0 0 0 0 0 0 0 0 0 0 0 0 0 0 0 0 0 0 0 0 0 0 0 0 0 0 0 0 0 0 0 0 0 0 0 0 0 0 0 0 0 0 0 0 0 0 0 0 0 0 0 0 0 0 0 0 0 0 0 0 0 0 0 0 0 0 
0 0 0 0 0 0 0 0 0 0 0 0 0 0 0 0 0 0 0 0 0 0 0 0 0 0 0 0 0 0 0 0 0 0 0 0 0 0 0 0 0 0 0 0 0 0 0 0 0 0 0 0 0 0 0 0 0 0 0 0 0 0 0 0 0 0 0 0 0 0 0 0 0 0 0 0 0 0 0 0 0 0 0 0 0 0 0 0 0 0 0 0 0 0 0 0 0 0 0 0 0 0 0 0 0 0 0 0 0 0 0 0 0 0 0 0 0 0 0 0 0 0 0 0 0 0 0 0 
0 0 0 0 0 0 0 0 0 0 0 0 0 0 0 0 0 0 0 0 0 0 0 0 0 0 0 0 0 0 0 0 0 0 0 0 0 0 0 0 0 0 0 0 0 0 0 0 0 0 0 0 0 0 0 0 0 0 0 0 0 0 0 0 0 0 0 0 0 0 0 0 0 0 0 0 0 0 0 0 0 0 0 0 0 0 0 0 0 0 0 0 0 0 0 0 0 0 0 0 0 0 0 0 0 0 0 0 0 0 0 0 0 0 0 0 0 0 0 0 0 0 0 0 0 0 0 0 
0 0 0 0 0 0 0 0 0 0 0 0 0 0 0 0 0 0 0 0 0 0 0 0 0 0 0 0 0 0 0 0 0 0 0 0 0 0 0 0 0 0 0 0 0 0 0 0 0 0 0 0 2 2 2 15 6 6 6 47 8 8 8 63 8 8 8 63 6 6 6 47 2 2 2 15 0 0 0 0 0 0 0 0 0 0 0 0 0 0 0 0 2 2 2 15 6 6 6 47 8 8 8 63 8 8 8 63 6 6 6 47 2 2 2 15 0 0 0 0 0 0 0 0 0 0 0 0 
0 0 0 0 0 0 0 0 0 0 0 0 0 0 0 0 0 0 0 0 0 0 0 0 0 0 0 0 0 0 0 0 0 0 0 0 0 0 0 0 0 0 0 0 0 0 0 0 0 0 0 0 6 6 6 47 19 19 19 143 25 25 25 191 25 25 25 191 19 19 19 143 6 6 6 47 0 0 0 0 0 0 0 0 0 0 0 0 0 0 0 0 6 6 6 47 19 19 19 143 25 25 25 191 25 25 25 191 19 19 19 143 6 6 6 47 0 0 0 0 0 0 0 0 0 0 0 0 
0 0 0 0 0 0 0 0 0 0 0 0 0 0 0 0 0 0 0 0 0 0 0 0 0 0 0 0 0 0 0 0 0 0 0 0 0 0 0 0 0 0 0 0 2 2 2 15 6 6 6 47 18 15 18 111 39 29 37 207 45 36 43 255 37 34 37 255 25 25 25 191 8 8 8 63 0 0 0 0 0 0 0 0 2 2 2 15 6 6 6 47 18 15 18 111 39 29 37 207 45 36 43 255 37 34 37 255 25 25 25 191 8 8 8 63 0 0 0 0 0 0 0 0 0 0 0 0 
0 0 0 0 0 0 0 0 0 0 0 0 0 0 0 0 0 0 0 0 0 0 0 0 0 0 0 0 0 0 0 0 0 0 0 0 0 0 0 0 0 0 0 0 6 6 6 47 19 19 19 143 39 29 37 207 66 38 61 239 68 40 63 255 45 36 43 255 25 25 25 191 8 8 8 63 0 0 0 0 0 0 0 0 6 6 6 47 19 19 19 143 39 29 37 207 66 38 61 239 68 40 63 255 45 36 43 255 25 25 25 191 8 8 8 63 0 0 0 0 0 0 0 0 0 0 0 0 
0 0 0 0 0 0 0 0 0 0 0 0 0 0 0 0 0 0 0 0 0 0 0 0 0 0 0 0 2 2 2 15 6 6 6 47 8 8 8 63 8 8 8 63 14 14 14 111 27 27 27 207 49 36 46 255 79 42 72 255 79 42 73 255 49 36 47 255 27 27 27 207 14 14 14 111 8 8 8 63 8 8 8 63 14 14 14 111 27 27 27 207 49 36 47 255 79 42 73 255 79 42 73 255 49 36 47 255 25 25 25 191 8 8 8 63 0 0 0 0 0 0 0 0 0 0 0 0 
0 0 0 0 0 0 0 0 0 0 0 0 0 0 0 0 0 0 0 0 0 0 0 0 0 0 0 0 6 6 6 47 19 19 19 143 25 25 25 191 25 25 25 191 27 27 27 207 31 31 31 239 49 36 46 255 79 42 72 255 79 42 73 255 49 36 47 255 31 31 31 239 27 27 27 207 25 25 25 191 25 25 25 191 27 27 27 207 31 31 31 239 49 36 47 255 79 42 73 255 79 42 73 255 49 36 47 255 25 25 25 191 8 8 8 63 0 0 0 0 0 0 0 0 0 0 0 0 
0 0 0 0 0 0 0 0 0 0 0 0 0 0 0 0 0 0 0 0 0 0 0 0 0 0 0 0 8 8 8 63 25 25 25 191 45 36 35 255 68 42 38 255 68 42 38 255 45 36 35 255 49 36 46 255 79 42 72 255 79 42 73 255 49 36 47 255 45 36 35 255 68 42 38 255 80 45 39 255 80 45 39 255 68 42 38 255 45 36 35 255 49 36 47 255 79 42 73 255 79 42 73 255 49 36 47 255 25 25 25 191 8 8 8 63 0 0 0 0 0 0 0 0 0 0 0 0 
0 0 0 0 0 0 0 0 0 0 0 0 0 0 0 0 0 0 0 0 0 0 0 0 0 0 0 0 8 8 8 63 25 25 25 191 68 42 38 255 137 58 46 255 137 58 46 255 68 42 38 255 49 36 46 255 79 42 72 255 79 42 73 255 49 36 47 255 68 42 38 255 137 58 46 255 171 67 50 255 171 67 50 255 137 58 46 255 68 42 38 255 49 36 47 255 79 42 73 255 79 42 73 255 49 36 47 255 25 25 25 191 8 8 8 63 0 0 0 0 0 0 0 0 0 0 0 0 
0 0 0 0 0 0 0 0 0 0 0 0 0 0 0 0 0 0 0 0 0 0 0 0 0 0 0 0 8 8 8 63 25 25 25 191 79 44 39 255 171 66 50 255 183 69 51 255 114 53 43 255 93 57 60 255 120 82 102 255 123 93 114 255 100 89 94 255 121 84 77 255 185 80 63 255 218 78 56 255 218 78 56 255 185 80 63 255 121 84 77 255 86 76 81 255 81 53 75 255 66 38 61 239 39 29 37 207 19 19 19 143 6 6 6 47 0 0 0 0 0 0 0 0 0 0 0 0 
0 0 0 0 0 0 0 0 0 0 0 0 0 0 0 0 0 0 0 0 0 0 0 0 0 0 0 0 8 8 8 63 25 25 25 191 79 44 39 255 171 66 50 255 206 75 54 255 183 69 51 255 182 99 87 255 203 164 162 255 209 195 196 255 202 194 189 255 203 164 153 255 213 106 88 255 218 78 56 255 218 78 56 255 213 106 88 255 203 164 153 255 161 154 151 255 86 75 81 255 39 29 37 207 18 15 18 111 6 6 6 47 2 2 2 15 0 0 0 0 0 0 0 0 0 0 0 0 
0 0 0 0 0 0 0 0 0 0 0 0 0 0 0 0 0 0 0 0 0 0 0 0 0 0 0 0 8 8 8 63 25 25 25 191 79 44 39 255 171 66 50 255 218 78 56 255 217 78 56 255 226 120 101 255 244 204 191 255 253 247 237 255 253 247 237 255 244 204 191 255 226 120 101 255 218 78 56 255 218 78 56 255 226 120 101 255 244 204 191 255 198 193 186 255 88 87 84 255 25 25 25 191 8 8 8 63 0 0 0 0 0 0 0 0 0 0 0 0 0 0 0 0 0 0 0 0 
0 0 0 0 0 0 0 0 0 0 0 0 0 0 0 0 0 0 0 0 0 0 0 0 0 0 0 0 8 8 8 63 25 25 25 191 79 44 39 255 171 66 50 255 218 78 56 255 217 78 56 255 226 120 101 255 244 204 191 255 253 247 237 255 253 247 237 255 244 204 191 255 226 120 101 255 218 78 56 255 218 78 56 255 226 120 101 255 244 204 191 255 198 193 186 255 88 87 84 255 25 25 25 191 8 8 8 63 0 0 0 0 0 0 0 0 0 0 0 0 0 0 0 0 0 0 0 0 
0 0 0 0 0 0 0 0 0 0 0 0 0 0 0 0 0 0 0 0 0 0 0 0 0 0 0 0 8 8 8 63 25 25 25 191 79 44 39 255 171 66 50 255 218 78 56 255 217 78 56 255 217 106 89 255 215 164 156 255 214 194 189 255 214 194 189 255 215 165 156 255 217 106 89 255 218 78 56 255 218 78 56 255 217 106 89 255 215 165 156 255 169 154 150 255 79 73 72 255 25 25 25 191 8 8 8 63 0 0 0 0 0 0 0 0 0 0 0 0 0 0 0 0 0 0 0 0 
0 0 0 0 0 0 0 0 0 0 0 0 0 0 0 0 0 0 0 0 0 0 0 0 0 0 0 0 8 8 8 63 25 25 25 191 79 44 39 255 171 66 50 255 218 78 56 255 217 78 56 255 197 80 65 255 157 85 84 255 136 88 94 255 136 88 94 255 157 85 84 255 197 80 65 255 218 78 56 255 218 78 56 255 197 80 65 255 157 85 84 255 111 74 79 255 59 47 49 255 25 25 25 191 8 8 8 63 0 0 0 0 0 0 0 0 0 0 0 0 0 0 0 0 0 0 0 0 
0 0 0 0 0 0 0 0 0 0 0 0 0 0 0 0 0 0 0 0 0 0 0 0 0 0 0 0 8 8 8 63 25 25 25 191 79 44 39 255 171 66 50 255 218 78 56 255 217 78 56 255 195 69 54 255 150 53 50 255 128 45 49 255 128 45 49 255 150 53 50 255 195 69 54 255 218 78 56 255 218 78 56 255 195 69 54 255 150 53 50 255 104 42 45 255 57 36 37 255 25 25 25 191 8 8 8 63 0 0 0 0 0 0 0 0 0 0 0 0 0 0 0 0 0 0 0 0 
0 0 0 0 0 0 0 0 0 0 0 0 0 0 0 0 0 0 0 0 0 0 0 0 0 0 0 0 8 8 8 63 25 25 25 191 79 44 39 255 171 66 50 255 218 78 56 255 217 78 56 255 210 75 55 255 195 69 54 255 187 67 53 255 187 67 53 255 195 69 54 255 210 75 55 255 218 78 56 255 218 78 56 255 210 75 55 255 195 69 54 255 149 58 48 255 72 42 38 255 25 25 25 191 8 8 8 63 0 0 0 0 0 0 0 0 0 0 0 0 0 0 0 0 0 0 0 0 
0 0 0 0 0 0 0 0 0 0 0 0 0 0 0 0 0 0 0 0 0 0 0 0 0 0 0 0 8 8 8 63 25 25 25 191 79 44 39 255 171 66 50 255 218 78 56 255 217 78 56 255 218 78 56 255 217 78 56 255 218 78 56 255 217 78 56 255 218 78 56 255 218 78 56 255 218 78 56 255 218 78 56 255 218 78 56 255 218 78 56 255 171 67 50 255 80 45 39 255 25 25 25 191 8 8 8 63 0 0 0 0 0 0 0 0 0 0 0 0 0 0 0 0 0 0 0 0 
0 0 0 0 0 0 0 0 0 0 0 0 0 0 0 0 0 0 0 0 0 0 0 0 0 0 0 0 8 8 8 63 25 25 25 191 79 44 39 255 171 66 50 255 218 78 56 255 217 78 56 255 218 78 56 255 217 78 56 255 218 78 56 255 217 78 56 255 218 78 56 255 218 78 56 255 218 78 56 255 218 78 56 255 218 78 56 255 218 78 56 255 171 67 50 255 80 45 39 255 25 25 25 191 8 8 8 63 0 0 0 0 0 0 0 0 0 0 0 0 0 0 0 0 0 0 0 0 
0 0 0 0 0 0 0 0 0 0 0 0 0 0 0 0 0 0 0 0 0 0 0 0 0 0 0 0 8 8 8 63 25 25 25 191 72 42 41 255 148 60 56 255 187 69 63 255 187 69 63 255 183 69 60 255 175 67 53 255 171 67 50 255 171 67 50 255 171 67 50 255 171 67 50 255 175 67 53 255 183 69 60 255 187 69 63 255 187 69 63 255 148 60 56 255 72 42 41 255 25 25 25 191 8 8 8 63 0 0 0 0 0 0 0 0 0 0 0 0 0 0 0 0 0 0 0 0 
0 0 0 0 0 0 0 0 0 0 0 0 0 0 0 0 0 0 0 0 0 0 0 0 0 0 0 0 8 8 8 63 25 25 25 191 56 38 45 255 102 48 67 255 125 53 78 255 125 53 78 255 114 51 68 255 91 47 49 255 80 45 39 255 80 45 39 255 80 45 39 255 80 45 39 255 91 47 49 255 114 51 68 255 125 53 78 255 125 53 78 255 102 48 67 255 56 38 45 255 25 25 25 191 8 8 8 63 0 0 0 0 0 0 0 0 0 0 0 0 0 0 0 0 0 0 0 0 
0 0 0 0 0 0 0 0 0 0 0 0 0 0 0 0 0 0 0 0 0 0 0 0 0 0 0 0 8 8 8 63 25 25 25 191 45 36 43 255 68 40 63 255 79 42 73 255 79 42 73 255 68 40 63 255 45 36 43 255 31 31 31 239 27 27 27 207 27 27 27 207 31 31 31 239 49 36 47 255 79 42 73 255 95 44 86 255 95 44 86 255 79 42 73 255 49 36 47 255 25 25 25 191 8 8 8 63 0 0 0 0 0 0 0 0 0 0 0 0 0 0 0 0 0 0 0 0 
0 0 0 0 0 0 0 0 0 0 0 0 0 0 0 0 0 0 0 0 0 0 0 0 0 0 0 0 8 8 8 63 25 25 25 191 37 34 37 255 45 36 43 255 49 36 47 255 49 36 47 255 45 36 43 255 37 34 37 255 27 27 27 207 14 14 14 111 14 14 14 111 27 27 27 207 49 36 47 255 79 42 73 255 95 44 86 255 95 44 86 255 79 42 73 255 49 36 47 255 25 25 25 191 8 8 8 63 0 0 0 0 0 0 0 0 0 0 0 0 0 0 0 0 0 0 0 0 
0 0 0 0 0 0 0 0 0 0 0 0 0 0 0 0 0 0 0 0 0 0 0 0 0 0 0 0 6 6 6 47 19 19 19 143 25 25 25 191 25 25 25 191 25 25 25 191 25 25 25 191 25 25 25 191 25 25 25 191 19 19 19 143 6 6 6 47 6 6 6 47 19 19 19 143 39 29 37 207 66 38 61 239 83 42 76 255 91 44 82 255 79 42 73 255 49 36 47 255 25 25 25 191 8 8 8 63 0 0 0 0 0 0 0 0 0 0 0 0 0 0 0 0 0 0 0 0 
0 0 0 0 0 0 0 0 0 0 0 0 0 0 0 0 0 0 0 0 0 0 0 0 0 0 0 0 2 2 2 15 6 6 6 47 8 8 8 63 8 8 8 63 8 8 8 63 8 8 8 63 8 8 8 63 8 8 8 63 6 6 6 47 2 2 2 15 2 2 2 15 6 6 6 47 18 15 18 111 39 29 37 207 60 38 56 255 83 42 76 255 79 42 73 255 49 36 47 255 25 25 25 191 8 8 8 63 0 0 0 0 0 0 0 0 0 0 0 0 0 0 0 0 0 0 0 0 
0 0 0 0 0 0 0 0 0 0 0 0 0 0 0 0 0 0 0 0 0 0 0 0 0 0 0 0 0 0 0 0 0 0 0 0 0 0 0 0 0 0 0 0 0 0 0 0 0 0 0 0 0 0 0 0 0 0 0 0 0 0 0 0 0 0 0 0 0 0 0 0 0 0 0 0 6 6 6 47 19 19 19 143 39 29 37 207 66 38 61 239 68 40 63 255 45 36 43 255 25 25 25 191 8 8 8 63 0 0 0 0 0 0 0 0 0 0 0 0 0 0 0 0 0 0 0 0 
0 0 0 0 0 0 0 0 0 0 0 0 0 0 0 0 0 0 0 0 0 0 0 0 0 0 0 0 0 0 0 0 0 0 0 0 0 0 0 0 0 0 0 0 0 0 0 0 0 0 0 0 0 0 0 0 0 0 0 0 0 0 0 0 0 0 0 0 0 0 0 0 0 0 0 0 2 2 2 15 6 6 6 47 18 15 18 111 39 29 37 207 45 36 43 255 37 34 37 255 25 25 25 191 8 8 8 63 0 0 0 0 0 0 0 0 0 0 0 0 0 0 0 0 0 0 0 0 
0 0 0 0 0 0 0 0 0 0 0 0 0 0 0 0 0 0 0 0 0 0 0 0 0 0 0 0 0 0 0 0 0 0 0 0 0 0 0 0 0 0 0 0 0 0 0 0 0 0 0 0 0 0 0 0 0 0 0 0 0 0 0 0 0 0 0 0 0 0 0 0 0 0 0 0 2 2 2 15 6 6 6 47 18 15 18 111 39 29 37 207 45 36 43 255 37 34 37 255 25 25 25 191 8 8 8 63 0 0 0 0 0 0 0 0 0 0 0 0 0 0 0 0 0 0 0 0 
