0 0 0 0 0 0 0 0 0 0 0 0 0 0 0 0 0 0 0 0 0 0 0 0 0 0 0 0 0 0 0 0 0 0 0 0 0 0 0 0 0 0 0 0 0 0 0 0 0 0 0 0 0 0 0 0 0 0 0 0 0 0 0 0 0 0 0 0 0 0 0 0 0 0 0 0 0 0 0 0 0 0 0 0 0 0 0 0 0 0 0 0 0 0 0 0 0 0 0 0 0 0 0 0 0 0 0 0 0 0 0 0 0 0 0 0 0 0 0 0 0 0 0 0 0 0 0 0 
0 0 0 0 0 0 0 0 0 0 0 0 0 0 0 0 0 0 0 0 0 0 0 0 0 0 0 0 0 0 0 0 0 0 0 0 0 0 0 0 0 0 0 0 0 0 0 0 0 0 0 0 0 0 0 0 0 0 0 0 0 0 0 0 0 0 0 0 0 0 0 0 0 0 0 0 0 0 0 0 0 0 0 0 0 0 0 0 0 0 0 0 0 0 0 0 0 0 0 0 0 0 0 0 0 0 0 0 0 0 0 0 0 0 0 0 0 0 0 0 0 0 0 0 0 0 0 0 
0 0 0 0 0 0 0 0 0 0 0 0 0 0 0 0 0 0 0 0 0 0 0 0 0 0 0 0 0 0 0 0 0 0 0 0 0 0 0 0 0 0 0 0 0 0 0 0 0 0 0 0 0 0 0 0 0 0 0 0 0 0 0 0 0 0 0 0 0 0 0 0 0 0 0 0 0 0 0 0 0 0 0 0 0 0 0 0 0 0 0 0 0 0 0 0 0 0 0 0 0 0 0 0 0 0 0 0 0 0 0 0 0 0 0 0 0 0 0 0 0 0 0 0 0 0 0 0 
0 0 0 0 0 0 0 0 0 0 0 0 0 0 0 0 0 0 0 0 0 0 0 0 0 0 0 0 0 0 0 0 0 0 0 0 0 0 0 0 0 0 0 0 0 0 0 0 0 0 0 0 0 0 0 0 0 0 0 0 0 0 0 0 0 0 0 0 0 0 0 0 0 0 0 0 0 0 0 0 0 0 0 0 0 0 0 0 0 0 0 0 0 0 0 0 0 0 0 0 0 0 0 0 0 0 0 0 0 0 0 0 0 0 0 0 0 0 0 0 0 0 0 0 0 0 0 0 
0 0 0 0 0 0 0 0 0 0 0 0 0 0 0 0 0 0 0 0 0 0 0 0 0 0 0 0 0 0 0 0 0 0 0 0 0 0 0 0 0 0 0 0 0 0 0 0 0 0 0 0 0 0 0 0 0 0 0 0 0 0 0 0 0 0 0 0 0 0 0 0 0 0 0 0 0 0 0 0 0 0 0 0 0 0 0 0 0 0 0 0 0 0 0 0 0 0 0 0 0 0 0 0 0 0 0 0 0 0 0 0 0 0 0 0 0 0 0 0 0 0 0 0 0 0 0 0 
0 0 0 0 0 0 0 0 0 0 0 0 0 0 0 0 0 0 0 0 0 0 0 0 0 0 0 0 0 0 0 0 0 0 0 0 0 0 0 0 0 0 0 0 0 0 0 0 0 0 0 0 0 0 0 0 0 0 0 0 0 0 0 0 0 0 0 0 0 0 0 0 0 0 0 0 0 0 0 0 0 0 0 0 0 0 0 0 0 0 0 0 0 0 0 0 0 0 0 0 0 0 0 0 0 0 0 0 0 0 0 0 0 0 0 0 0 0 0 0 0 0 0 0 0 0 0 0 
0 0 0 0 0 0 0 0 0 0 0 0 0 0 0 0 0 0 0 0 0 0 0 0 0 0 0 0 0 0 0 0 0 0 0 0 0 0 0 0 0 0 0 0 0 0 0 0 0 0 0 0 0 0 0 0 0 0 0 0 0 0 0 0 0 0 0 0 0 0 0 0 0 0 0 0 0 0 0 0 0 0 0 0 0 0 0 0 0 0 0 0 0 0 0 0 0 0 0 0 0 0 0 0 0 0 0 0 0 0 0 0 0 0 0 0 0 0 0 0 0 0 0 0 0 0 0 0 
0 0 0 0 0 0 0 0 0 0 0 0 0 0 0 0 0 0 0 0 0 0 0 0 0 0 0 0 0 0 0 0 0 0 0 0 0 0 0 0 0 0 0 0 0 0 0 0 0 0 0 0 0 0 0 0 0 0 0 0 0 0 0 0 0 0 0 0 0 0 0 0 0 0 0 0 0 0 0 0 0 0 0 0 0 0 0 0 0 0 0 0 0 0 0 0 0 0 0 0 0 0 0 0 0 0 0 0 0 0 0 0 0 0 0 0 0 0 0 0 0 0 0 0 0 0 0 0 
0 0 0 0 0 0 0 0 0 0 0 0 0 0 0 0 0 0 0 0 0 0 0 0 0 0 0 0 0 0 0 0 0 0 0 0 0 0 0 0 0 0 0 0 0 0 0 0 0 0 0 0 0 0 0 0 0 0 0 0 0 0 0 0 0 0 0 0 0 0 0 0 0 0 0 0 0 0 0 0 0 0 0 0 0 0 0 0 0 0 0 0 0 0 0 0 0 0 0 0 0 0 0 0 0 0 0 0 0 0 0 0 0 0 0 0 0 0 0 0 0 0 0 0 0 0 0 0 
0 0 0 0 0 0 0 0 0 0 0 0 0 0 0 0 0 0 0 0 0 0 0 0 0 0 0 0 0 0 0 0 0 0 0 0 0 0 0 0 0 0 0 0 0 0 0 0 0 0 0 0 0 0 0 0 0 0 0 0 0 0 0 0 0 0 0 0 0 0 0 0 0 0 0 0 0 0 0 0 0 0 0 0 0 0 0 0 0 0 0 0 0 0 0 0 0 0 0 0 0 0 0 0 0 0 0 0 0 0 0 0 0 0 0 0 0 0 0 0 0 0 0 0 0 0 0 0 
0 0 0 0 0 0 0 0 0 0 0 0 0 0 0 0 0 0 0 0 0 0 0 0 0 0 0 0 0 0 0 0 0 0 0 0 0 0 0 0 0 0 0 0 0 0 0 0 0 0 0 0 0 0 0 0 0 0 0 0 0 0 0 0 0 0 0 0 0 0 0 0 0 0 0 0 0 0 0 0 0 0 0 0 0 0 0 0 0 0 0 0 0 0 0 0 0 0 0 0 0 0 0 0 0 0 0 0 0 0 0 0 0 0 0 0 0 0 0 0 0 0 0 0 0 0 0 0 
0 0 0 0 0 0 0 0 0 0 0 0 0 0 0 0 0 0 0 0 0 0 0 0 0 0 0 0 0 0 0 0 0 0 0 0 0 0 0 0 0 0 0 0 0 0 0 0 0 0 0 0 0 0 0 0 0 0 0 0 0 0 0 0 0 0 0 0 0 0 0 0 0 0 0 0 0 0 0 0 0 0 0 0 0 0 0 0 0 0 0 0 0 0 0 0 0 0 0 0 0 0 0 0 0 0 0 0 0 0 0 0 0 0 0 0 0 0 0 0 0 0 0 0 0 0 0 0 
0 0 0 0 0 0 0 0 0 0 0 0 0 0 0 0 0 0 0 0 0 0 0 0 0 0 0 0 0 0 0 0 0 0 0 0 0 0 0 0 0 0 0 0 0 0 0 0 0 0 0 0 0 0 0 0 0 0 0 0 0 0 0 0 0 0 0 0 0 0 0 0 0 0 0 0 0 0 0 0 0 0 0 0 0 0 0 0 0 0 0 0 0 0 0 0 0 0 0 0 0 0 0 0 0 0 0 0 0 0 0 0 0 0 0 0 0 0 0 0 0 0 0 0 0 0 0 0 
0 0 0 0 0 0 0 0 0 0 0 0 0 0 0 0 0 0 0 0 0 0 0 0 0 0 0 0 0 0 0 0 0 0 0 0 0 0 0 0 0 0 0 0 0 0 0 0 0 0 0 0 0 0 0 0 0 0 0 0 0 0 0 0 0 0 0 0 0 0 0 0 0 0 0 0 0 0 0 0 0 0 0 0 0 0 0 0 0 0 0 0 0 0 0 0 0 0 0 0 0 0 0 0 0 0 0 0 0 0 0 0 0 0 0 0 0 0 0 0 0 0 0 0 0 0 0 0 
0 0 0 0 0 0 0 0 0 0 0 0 0 0 0 0 0 0 0 0 0 0 0 0 0 0 0 0 0 0 0 0 0 0 0 0 0 0 0 0 0 0 0 0 0 0 0 0 0 0 0 0 0 0 0 0 0 0 0 0 0 0 0 0 0 0 0 0 0 0 0 0 0 0 0 0 0 0 0 0 0 0 0 0 0 0 0 0 0 0 0 0 0 0 0 0 0 0 0 0 0 0 0 0 0 0 0 0 0 0 0 0 0 0 0 0 0 0 0 0 0 0 0 0 0 0 0 0 
2 2 2 15 2 2 2 15 6 6 6 47 8 8 8 63 8 8 8 63 8 8 8 63 8 8 8 63 8 8 8 63 8 8 8 63 8 8 8 63 8 8 8 63 8 8 8 63 8 8 8 63 8 8 8 63 8 8 8 63 6 6 6 47 2 2 2 15 0 0 0 0 0 0 0 0 0 0 0 0 0 0 0 0 0 0 0 0 0 0 0 0 0 0 0 0 0 0 0 0 0 0 0 0 0 0 0 0 0 0 0 0 0 0 0 0 0 0 0 0 0 0 0 0 0 0 0 0 
6 6 6 47 6 6 6 47 19 19 19 143 25 25 25 191 25 25 25 191 25 25 25 191 25 25 25 191 25 25 25 191 25 25 25 191 25 25 25 191 25 25 25 191 25 25 25 191 25 25 25 191 25 25 25 191 25 25 25 191 19 19 19 143 6 6 6 47 0 0 0 0 0 0 0 0 0 0 0 0 0 0 0 0 0 0 0 0 0 0 0 0 0 0 0 0 0 0 0 0 0 0 0 0 0 0 0 0 0 0 0 0 0 0 0 0 0 0 0 0 0 0 0 0 0 0 0 0 
26 17 20 111 26 17 20 111 62 35 44 207 80 43 56 255 80 43 56 255 80 43 56 255 80 43 56 255 82 47 57 255 85 55 61 255 87 58 63 255 87 58 63 255 87 58 63 255 87 58 63 255 87 58 63 255 87 58 63 255 67 46 49 207 28 21 22 111 6 6 6 47 2 2 2 15 0 0 0 0 0 0 0 0 0 0 0 0 0 0 0 0 0 0 0 0 0 0 0 0 0 0 0 0 0 0 0 0 0 0 0 0 0 0 0 0 0 0 0 0 0 0 0 0 0 0 0 0 
62 35 44 207 62 35 44 207 136 54 81 239 173 63 100 255 173 63 100 255 173 63 100 255 173 63 100 255 178 75 105 255 188 97 116 255 193 108 121 255 193 108 121 255 193 108 121 255 193 108 121 255 193 108 121 255 193 108 121 255 151 88 97 239 67 46 49 207 19 19 19 143 6 6 6 47 0 0 0 0 0 0 0 0 0 0 0 0 0 0 0 0 0 0 0 0 0 0 0 0 0 0 0 0 0 0 0 0 0 0 0 0 0 0 0 0 0 0 0 0 0 0 0 0 0 0 0 0 
62 35 44 207 62 35 44 207 136 54 81 239 173 64 100 255 173 64 100 255 173 64 100 255 173 64 100 255 190 77 111 255 223 105 133 255 240 119 144 255 240 119 144 255 241 122 145 255 245 130 149 255 247 134 151 255 247 134 151 255 207 115 129 255 127 77 85 255 67 46 49 207 28 21 22 111 6 6 6 47 2 2 2 15 0 0 0 0 0 0 0 0 0 0 0 0 0 0 0 0 0 0 0 0 0 0 0 0 0 0 0 0 0 0 0 0 0 0 0 0 0 0 0 0 0 0 0 0 
26 17 20 111 26 17 20 111 62 35 44 207 80 44 56 255 80 44 56 255 80 44 56 255 80 44 56 255 117 55 74 255 190 77 111 255 226 89 130 255 226 89 130 255 231 100 135 255 241 122 145 255 247 134 151 255 247 134 151 255 233 127 143 255 207 115 129 255 151 88 97 239 67 46 49 207 19 19 19 143 6 6 6 47 0 0 0 0 0 0 0 0 0 0 0 0 0 0 0 0 0 0 0 0 0 0 0 0 0 0 0 0 0 0 0 0 0 0 0 0 0 0 0 0 0 0 0 0 
6 6 6 47 6 6 6 47 19 19 19 143 25 25 25 191 25 25 25 191 25 25 25 191 25 25 25 191 62 35 44 207 136 54 81 239 185 66 106 255 208 71 117 255 225 85 128 255 235 107 138 255 241 122 145 255 245 130 149 255 247 134 151 255 247 134 151 255 193 109 121 255 87 59 63 255 25 25 25 191 8 8 8 63 0 0 0 0 0 0 0 0 0 0 0 0 0 0 0 0 0 0 0 0 0 0 0 0 0 0 0 0 0 0 0 0 0 0 0 0 0 0 0 0 0 0 0 0 
2 2 2 15 2 2 2 15 6 6 6 47 8 8 8 63 8 8 8 63 8 8 8 63 8 8 8 63 26 17 20 111 62 35 44 207 115 51 72 255 185 66 106 255 221 77 124 255 225 85 128 255 231 100 135 255 241 122 145 255 247 134 151 255 247 134 151 255 193 109 121 255 87 59 63 255 25 25 25 191 8 8 8 63 0 0 0 0 0 0 0 0 0 0 0 0 0 0 0 0 0 0 0 0 0 0 0 0 0 0 0 0 0 0 0 0 0 0 0 0 0 0 0 0 0 0 0 0 
0 0 0 0 0 0 0 0 0 0 0 0 0 0 0 0 0 0 0 0 0 0 0 0 0 0 0 0 6 6 6 47 19 19 19 143 62 35 44 207 136 54 81 239 185 66 106 255 208 71 117 255 225 85 128 255 235 107 138 255 228 116 138 255 205 111 127 255 151 88 97 239 67 46 49 207 19 19 19 143 6 6 6 47 0 0 0 0 0 0 0 0 0 0 0 0 0 0 0 0 0 0 0 0 0 0 0 0 0 0 0 0 0 0 0 0 0 0 0 0 0 0 0 0 0 0 0 0 
0 0 0 0 0 0 0 0 0 0 0 0 0 0 0 0 0 0 0 0 0 0 0 0 0 0 0 0 2 2 2 15 6 6 6 47 26 17 20 111 62 35 44 207 115 51 72 255 185 66 106 255 221 77 124 255 225 85 128 255 191 81 113 255 122 66 79 255 67 46 49 207 28 21 22 111 6 6 6 47 2 2 2 15 0 0 0 0 0 0 0 0 0 0 0 0 0 0 0 0 0 0 0 0 0 0 0 0 0 0 0 0 0 0 0 0 0 0 0 0 0 0 0 0 0 0 0 0 
0 0 0 0 0 0 0 0 0 0 0 0 0 0 0 0 0 0 0 0 2 2 2 15 6 6 6 47 8 8 8 63 8 8 8 63 14 14 14 111 27 27 27 207 68 41 50 255 138 56 84 255 173 64 100 255 173 64 100 255 138 56 84 255 68 41 50 255 27 27 27 207 14 14 14 111 8 8 8 63 8 8 8 63 8 8 8 63 8 8 8 63 8 8 8 63 8 8 8 63 6 6 6 47 2 2 2 15 0 0 0 0 0 0 0 0 0 0 0 0 0 0 0 0 0 0 0 0 
0 0 0 0 0 0 0 0 0 0 0 0 0 0 0 0 0 0 0 0 6 6 6 47 19 19 19 143 25 25 25 191 25 25 25 191 27 27 27 207 31 31 31 239 45 36 39 255 68 41 50 255 80 44 56 255 80 44 56 255 68 41 50 255 45 36 39 255 31 31 31 239 27 27 27 207 25 25 25 191 25 25 25 191 25 25 25 191 25 25 25 191 25 25 25 191 25 25 25 191 19 19 19 143 6 6 6 47 0 0 0 0 0 0 0 0 0 0 0 0 0 0 0 0 0 0 0 0 
0 0 0 0 0 0 0 0 0 0 0 0 0 0 0 0 0 0 0 0 8 8 8 63 25 25 25 191 39 45 44 255 49 67 66 255 54 79 77 255 54 79 77 255 54 79 77 255 54 79 77 255 54 79 77 255 54 79 77 255 54 79 77 255 54 79 77 255 54 79 77 255 54 79 77 255 62 81 78 255 80 85 82 255 88 87 84 255 88 87 84 255 75 73 72 255 47 47 46 255 25 25 25 191 8 8 8 63 0 0 0 0 0 0 0 0 0 0 0 0 0 0 0 0 0 0 0 0 
0 0 0 0 0 0 0 0 0 0 0 0 0 0 0 0 0 0 0 0 8 8 8 63 25 25 25 191 49 67 66 255 79 135 130 255 93 169 163 255 93 169 163 255 93 169 163 255 93 169 163 255 93 169 163 255 93 169 163 255 93 169 163 255 93 169 163 255 93 169 163 255 93 169 163 255 120 175 168 255 172 187 180 255 198 193 186 255 198 193 186 255 157 153 148 255 75 73 72 255 25 25 25 191 8 8 8 63 0 0 0 0 0 0 0 0 0 0 0 0 0 0 0 0 0 0 0 0 
0 0 0 0 0 0 0 0 0 0 0 0 0 0 0 0 0 0 0 0 8 8 8 63 25 25 25 191 54 79 77 255 94 169 163 255 113 214 206 255 113 214 206 255 110 207 201 255 104 194 193 255 101 188 188 255 101 188 188 255 101 188 188 255 101 188 188 255 101 188 188 255 101 188 188 255 127 194 194 255 179 207 206 255 206 213 211 255 206 213 211 255 163 168 167 255 77 78 78 255 27 27 27 207 14 14 14 111 8 8 8 63 8 8 8 63 6 6 6 47 2 2 2 15 2 2 2 15 
0 0 0 0 0 0 0 0 0 0 0 0 0 0 0 0 0 0 0 0 8 8 8 63 25 25 25 191 54 79 77 255 94 169 163 255 113 214 206 255 113 214 206 255 104 194 193 255 86 156 167 255 77 137 154 255 77 137 154 255 77 137 154 255 77 137 154 255 77 137 154 255 77 137 154 255 85 139 156 255 103 143 160 255 112 145 162 255 112 145 162 255 92 117 130 255 53 61 65 255 31 31 31 239 27 27 27 207 25 25 25 191 25 25 25 191 19 19 19 143 6 6 6 47 6 6 6 47 
0 0 0 0 0 0 0 0 0 0 0 0 0 0 0 0 0 0 0 0 8 8 8 63 25 25 25 191 54 79 77 255 94 169 163 255 113 214 206 255 113 214 206 255 101 188 188 255 77 137 154 255 68 118 141 255 74 131 149 255 77 137 154 255 77 137 154 255 77 137 154 255 77 137 154 255 77 137 154 255 77 137 154 255 77 137 154 255 77 137 154 255 80 124 136 255 85 99 102 255 88 87 84 255 88 87 84 255 75 73 72 255 47 47 46 255 25 25 25 191 8 8 8 63 8 8 8 63 
0 0 0 0 0 0 0 0 0 0 0 0 0 0 0 0 0 0 0 0 8 8 8 63 25 25 25 191 54 79 77 255 94 169 163 255 113 214 206 255 113 214 206 255 101 188 188 255 77 137 154 255 74 131 149 255 92 169 175 255 101 188 188 255 101 188 188 255 101 188 188 255 101 188 188 255 101 188 188 255 101 188 188 255 101 188 188 255 101 188 188 255 125 189 188 255 174 192 186 255 198 193 186 255 198 193 186 255 157 153 148 255 75 73 72 255 25 25 25 191 8 8 8 63 8 8 8 63 
0 0 0 0 0 0 0 0 0 0 0 0 0 0 0 0 0 0 0 0 8 8 8 63 25 25 25 191 54 79 77 255 94 169 163 255 113 214 206 255 113 214 206 255 101 188 188 255 77 137 154 255 77 137 154 255 101 188 188 255 110 207 201 255 104 194 193 255 104 194 193 255 110 207 201 255 110 207 201 255 104 194 193 255 104 194 193 255 110 207 201 255 137 213 207 255 183 213 210 255 217 221 218 255 241 238 230 255 198 193 186 255 88 87 84 255 25 25 25 191 8 8 8 63 8 8 8 63 
0 0 0 0 0 0 0 0 0 0 0 0 0 0 0 0 0 0 0 0 8 8 8 63 25 25 25 191 54 79 77 255 94 169 163 255 113 214 206 255 113 214 206 255 101 188 188 255 77 137 154 255 77 137 154 255 101 188 188 255 104 194 193 255 86 156 167 255 86 156 167 255 104 194 193 255 104 194 193 255 86 156 167 255 86 156 167 255 104 194 193 255 113 196 195 255 112 162 173 255 147 171 180 255 217 221 218 255 198 193 186 255 88 87 84 255 25 25 25 191 8 8 8 63 8 8 8 63 
0 0 0 0 0 0 0 0 0 0 0 0 0 0 0 0 0 0 0 0 8 8 8 63 25 25 25 191 54 79 77 255 94 169 163 255 113 214 206 255 113 214 206 255 101 188 188 255 77 137 154 255 77 137 154 255 101 188 188 255 101 188 188 255 77 137 154 255 77 137 154 255 101 188 188 255 101 188 188 255 77 137 154 255 77 137 154 255 101 188 188 255 101 188 188 255 77 137 154 255 112 145 162 255 206 213 211 255 198 193 186 255 88 87 84 255 25 25 25 191 8 8 8 63 8 8 8 63 
0 0 0 0 0 0 0 0 0 0 0 0 0 0 0 0 0 0 0 0 8 8 8 63 25 25 25 191 54 79 77 255 94 169 163 255 113 214 206 255 113 214 206 255 101 188 188 255 77 137 154 255 77 137 154 255 101 188 188 255 101 188 188 255 77 137 154 255 77 137 154 255 101 188 188 255 101 188 188 255 77 137 154 255 77 137 154 255 101 188 188 255 101 188 188 255 77 137 154 255 112 145 162 255 206 213 211 255 198 193 186 255 88 87 84 255 25 25 25 191 8 8 8 63 8 8 8 63 
0 0 0 0 0 0 0 0 0 0 0 0 0 0 0 0 0 0 0 0 8 8 8 63 25 25 25 191 54 79 77 255 94 169 163 255 113 214 206 255 113 214 206 255 101 188 188 255 77 137 154 255 77 137 154 255 101 188 188 255 101 188 188 255 77 137 154 255 77 137 154 255 101 188 188 255 101 188 188 255 77 137 154 255 77 137 154 255 101 188 188 255 101 188 188 255 77 137 154 255 112 145 162 255 206 213 211 255 198 193 186 255 88 87 84 255 25 25 25 191 8 8 8 63 8 8 8 63 
0 0 0 0 0 0 0 0 0 0 0 0 0 0 0 0 0 0 0 0 8 8 8 63 25 25 25 191 54 79 77 255 94 169 163 255 113 214 206 255 113 214 206 255 101 188 188 255 77 137 154 255 77 137 154 255 101 188 188 255 101 188 188 255 77 137 154 255 77 137 154 255 101 188 188 255 101 188 188 255 77 137 154 255 77 137 154 255 101 188 188 255 101 188 188 255 77 137 154 255 112 145 162 255 206 213 211 255 198 193 186 255 88 87 84 255 25 25 25 191 8 8 8 63 8 8 8 63 
0 0 0 0 0 0 0 0 0 0 0 0 0 0 0 0 0 0 0 0 8 8 8 63 25 25 25 191 54 79 77 255 94 169 163 255 113 214 206 255 113 214 206 255 101 188 188 255 77 137 154 255 77 137 154 255 101 188 188 255 104 194 193 255 86 156 167 255 86 156 167 255 104 194 193 255 104 194 193 255 86 156 167 255 86 156 167 255 104 194 193 255 113 196 195 255 112 162 173 255 147 171 180 255 217 221 218 255 198 193 186 255 88 87 84 255 25 25 25 191 8 8 8 63 8 8 8 63 
0 0 0 0 0 0 0 0 0 0 0 0 0 0 0 0 0 0 0 0 8 8 8 63 25 25 25 191 54 79 77 255 94 169 163 255 113 214 206 255 113 214 206 255 101 188 188 255 77 137 154 255 77 137 154 255 101 188 188 255 110 207 201 255 104 194 193 255 104 194 193 255 110 207 201 255 110 207 201 255 104 194 193 255 104 194 193 255 110 207 201 255 137 213 207 255 183 213 210 255 217 221 218 255 241 238 230 255 198 193 186 255 88 87 84 255 25 25 25 191 8 8 8 63 8 8 8 63 
0 0 0 0 0 0 0 0 0 0 0 0 0 0 0 0 0 0 0 0 8 8 8 63 25 25 25 191 54 79 77 255 94 169 163 255 113 214 206 255 113 214 206 255 101 188 188 255 77 137 154 255 74 131 149 255 92 169 175 255 101 188 188 255 101 188 188 255 101 188 188 255 101 188 188 255 101 188 188 255 101 188 188 255 101 188 188 255 101 188 188 255 125 189 188 255 174 192 186 255 198 193 186 255 198 193 186 255 157 153 148 255 75 73 72 255 25 25 25 191 8 8 8 63 8 8 8 63 
0 0 0 0 0 0 0 0 0 0 0 0 0 0 0 0 0 0 0 0 8 8 8 63 25 25 25 191 54 79 77 255 94 169 163 255 113 214 206 255 113 214 206 255 101 188 188 255 77 137 154 255 68 118 141 255 74 131 149 255 77 137 154 255 77 137 154 255 77 137 154 255 77 137 154 255 77 137 154 255 77 137 154 255 77 137 154 255 77 137 154 255 80 124 136 255 85 99 102 255 88 87 84 255 88 87 84 255 75 73 72 255 47 47 46 255 25 25 25 191 8 8 8 63 8 8 8 63 
0 0 0 0 0 0 0 0 0 0 0 0 0 0 0 0 0 0 0 0 8 8 8 63 25 25 25 191 54 79 77 255 94 169 163 255 113 214 206 255 113 214 206 255 104 194 193 255 86 156 167 255 77 137 154 255 77 137 154 255 77 137 154 255 77 137 154 255 77 137 154 255 77 137 154 255 77 137 154 255 77 137 154 255 85 139 156 255 103 143 160 255 92 117 130 255 53 61 65 255 31 31 31 239 27 27 27 207 25 25 25 191 25 25 25 191 19 19 19 143 6 6 6 47 6 6 6 47 
0 0 0 0 0 0 0 0 0 0 0 0 0 0 0 0 0 0 0 0 8 8 8 63 25 25 25 191 54 79 77 255 94 169 163 255 113 214 206 255 113 214 206 255 110 207 201 255 104 194 193 255 101 188 188 255 101 188 188 255 101 188 188 255 101 188 188 255 101 188 188 255 101 188 188 255 101 188 188 255 101 188 188 255 127 194 194 255 179 207 206 255 163 168 167 255 77 78 78 255 27 27 27 207 14 14 14 111 8 8 8 63 8 8 8 63 6 6 6 47 2 2 2 15 2 2 2 15 
0 0 0 0 0 0 0 0 0 0 0 0 0 0 0 0 0 0 0 0 8 8 8 63 25 25 25 191 50 72 72 255 84 149 150 255 101 188 188 255 101 188 188 255 101 188 188 255 101 188 188 255 101 188 188 255 101 188 188 255 101 188 188 255 101 188 188 255 101 188 188 255 101 188 188 255 101 188 188 255 101 188 188 255 130 201 198 255 189 226 219 255 172 187 180 255 80 85 82 255 25 25 25 191 8 8 8 63 0 0 0 0 0 0 0 0 0 0 0 0 0 0 0 0 0 0 0 0 
0 0 0 0 0 0 0 0 0 0 0 0 0 0 0 0 0 0 0 0 8 8 8 63 25 25 25 191 44 59 64 255 66 111 124 255 77 137 154 255 77 137 154 255 77 137 154 255 77 137 154 255 77 137 154 255 77 137 154 255 77 137 154 255 77 137 154 255 77 137 154 255 77 137 154 255 77 137 154 255 77 137 154 255 95 158 169 255 130 201 198 255 120 175 168 255 62 81 78 255 25 25 25 191 8 8 8 63 0 0 0 0 0 0 0 0 0 0 0 0 0 0 0 0 0 0 0 0 
0 0 0 0 0 0 0 0 0 0 0 0 0 0 0 0 0 0 0 0 8 8 8 63 25 25 25 191 44 59 64 255 66 111 124 255 77 137 154 255 77 137 154 255 77 137 154 255 77 137 154 255 77 137 154 255 77 137 154 255 77 137 154 255 77 137 154 255 77 137 154 255 77 137 154 255 77 137 154 255 77 137 154 255 95 158 169 255 130 201 198 255 120 175 168 255 62 81 78 255 25 25 25 191 8 8 8 63 0 0 0 0 0 0 0 0 0 0 0 0 0 0 0 0 0 0 0 0 
0 0 0 0 0 0 0 0 0 0 0 0 0 0 0 0 0 0 0 0 8 8 8 63 25 25 25 191 50 72 72 255 84 149 150 255 101 188 188 255 101 188 188 255 101 188 188 255 101 188 188 255 101 188 188 255 101 188 188 255 101 188 188 255 101 188 188 255 101 188 188 255 101 188 188 255 101 188 188 255 101 188 188 255 130 201 198 255 189 226 219 255 172 187 180 255 80 85 82 255 25 25 25 191 8 8 8 63 0 0 0 0 0 0 0 0 0 0 0 0 0 0 0 0 0 0 0 0 
0 0 0 0 0 0 0 0 0 0 0 0 0 0 0 0 0 0 0 0 8 8 8 63 25 25 25 191 54 79 77 255 94 169 163 255 113 213 206 255 113 213 206 255 113 213 206 255 113 213 206 255 113 213 206 255 113 213 206 255 113 213 206 255 113 213 206 255 113 213 206 255 113 213 206 255 113 213 206 255 113 213 206 255 148 222 213 255 218 238 229 255 198 193 186 255 88 87 84 255 25 25 25 191 8 8 8 63 0 0 0 0 0 0 0 0 0 0 0 0 0 0 0 0 0 0 0 0 
0 0 0 0 0 0 0 0 0 0 0 0 0 0 0 0 0 0 0 0 8 8 8 63 25 25 25 191 54 79 77 255 94 169 163 255 113 214 206 255 113 214 206 255 113 214 206 255 113 214 206 255 113 214 206 255 113 214 206 255 113 214 206 255 113 214 206 255 113 214 206 255 113 214 206 255 113 214 206 255 113 214 206 255 148 222 213 255 218 238 229 255 198 193 186 255 88 87 84 255 25 25 25 191 8 8 8 63 0 0 0 0 0 0 0 0 0 0 0 0 0 0 0 0 0 0 0 0 
0 0 0 0 0 0 0 0 0 0 0 0 0 0 0 0 0 0 0 0 8 8 8 63 25 25 25 191 50 72 72 255 84 149 150 255 101 188 188 255 101 188 188 255 99 183 182 255 95 173 169 255 93 168 162 255 93 168 162 255 93 168 162 255 93 168 162 255 93 168 162 255 93 168 162 255 95 173 169 255 99 183 182 255 127 194 194 255 179 207 206 255 162 168 167 255 76 78 78 255 25 25 25 191 8 8 8 63 0 0 0 0 0 0 0 0 0 0 0 0 0 0 0 0 0 0 0 0 
0 0 0 0 0 0 0 0 0 0 0 0 0 0 0 0 0 0 0 0 8 8 8 63 25 25 25 191 44 59 64 255 66 111 124 255 77 137 154 255 77 137 154 255 71 122 134 255 59 93 96 255 53 78 76 255 53 78 76 255 53 78 76 255 53 78 76 255 53 78 76 255 53 78 76 255 59 93 96 255 71 122 134 255 85 139 156 255 103 143 160 255 92 117 129 255 53 61 65 255 25 25 25 191 8 8 8 63 0 0 0 0 0 0 0 0 0 0 0 0 0 0 0 0 0 0 0 0 
0 0 0 0 0 0 0 0 0 0 0 0 0 0 0 0 0 0 0 0 8 8 8 63 25 25 25 191 39 48 53 255 51 77 91 255 57 92 111 255 57 92 111 255 49 75 89 239 33 42 46 207 25 25 25 191 25 25 25 191 25 25 25 191 25 25 25 191 27 27 27 207 31 31 31 239 39 48 53 255 51 77 91 255 57 92 111 255 57 92 111 255 49 75 89 239 33 42 46 207 19 19 19 143 6 6 6 47 0 0 0 0 0 0 0 0 0 0 0 0 0 0 0 0 0 0 0 0 
0 0 0 0 0 0 0 0 0 0 0 0 0 0 0 0 0 0 0 0 8 8 8 63 25 25 25 191 35 38 40 255 39 48 53 255 41 53 59 255 41 53 59 255 33 42 46 207 16 19 21 111 8 8 8 63 8 8 8 63 8 8 8 63 8 8 8 63 14 14 14 111 27 27 27 207 35 38 40 255 39 48 53 255 41 53 59 255 41 53 59 255 33 42 46 207 16 19 21 111 6 6 6 47 2 2 2 15 0 0 0 0 0 0 0 0 0 0 0 0 0 0 0 0 0 0 0 0 
0 0 0 0 0 0 0 0 0 0 0 0 0 0 0 0 0 0 0 0 8 8 8 63 25 25 25 191 35 38 40 255 39 48 53 255 41 53 59 255 41 53 59 255 33 42 46 207 16 19 21 111 8 8 8 63 8 8 8 63 8 8 8 63 8 8 8 63 14 14 14 111 27 27 27 207 35 38 40 255 39 48 53 255 41 53 59 255 41 53 59 255 33 42 46 207 16 19 21 111 6 6 6 47 2 2 2 15 0 0 0 0 0 0 0 0 0 0 0 0 0 0 0 0 0 0 0 0 
