0 0 0 0 0 0 0 0 0 0 0 0 0 0 0 0 0 0 0 0 0 0 0 0 0 0 0 0 0 0 0 0 0 0 0 0 0 0 0 0 0 0 0 0 0 0 0 0 0 0 0 0 0 0 0 0 0 0 0 0 0 0 0 0 0 0 0 0 0 0 0 0 0 0 0 0 0 0 0 0 0 0 0 0 0 0 0 0 0 0 0 0 0 0 0 0 0 0 0 0 0 0 0 0 0 0 0 0 0 0 0 0 0 0 0 0 0 0 0 0 0 0 0 0 0 0 0 0 
0 0 0 0 0 0 0 0 0 0 0 0 0 0 0 0 0 0 0 0 0 0 0 0 0 0 0 0 0 0 0 0 0 0 0 0 0 0 0 0 0 0 0 0 0 0 0 0 0 0 0 0 0 0 0 0 0 0 0 0 0 0 0 0 0 0 0 0 0 0 0 0 0 0 0 0 0 0 0 0 0 0 0 0 0 0 0 0 0 0 0 0 0 0 0 0 0 0 0 0 0 0 0 0 0 0 0 0 0 0 0 0 0 0 0 0 0 0 0 0 0 0 0 0 0 0 0 0 
0 0 0 0 0 0 0 0 0 0 0 0 0 0 0 0 0 0 0 0 0 0 0 0 0 0 0 0 0 0 0 0 0 0 0 0 0 0 0 0 0 0 0 0 0 0 0 0 0 0 0 0 0 0 0 0 0 0 0 0 0 0 0 0 0 0 0 0 0 0 0 0 0 0 0 0 0 0 0 0 0 0 0 0 0 0 0 0 0 0 0 0 0 0 0 0 0 0 0 0 0 0 0 0 0 0 0 0 0 0 0 0 0 0 0 0 0 0 0 0 0 0 0 0 0 0 0 0 
0 0 0 0 0 0 0 0 0 0 0 0 0 0 0 0 0 0 0 0 0 0 0 0 0 0 0 0 0 0 0 0 0 0 0 0 0 0 0 0 0 0 0 0 0 0 0 0 0 0 0 0 0 0 0 0 0 0 0 0 0 0 0 0 0 0 0 0 0 0 0 0 0 0 0 0 0 0 0 0 0 0 0 0 0 0 0 0 0 0 0 0 0 0 0 0 0 0 0 0 0 0 0 0 0 0 0 0 0 0 0 0 0 0 0 0 0 0 0 0 0 0 0 0 0 0 0 0 
0 0 0 0 0 0 0 0 0 0 0 0 0 0 0 0 0 0 0 0 0 0 0 0 0 0 0 0 0 0 0 0 0 0 0 0 0 0 0 0 0 0 0 0 0 0 0 0 0 0 0 0 0 0 0 0 0 0 0 0 0 0 0 0 0 0 0 0 0 0 0 0 0 0 0 0 0 0 0 0 0 0 0 0 0 0 0 0 0 0 0 0 0 0 0 0 0 0 0 0 0 0 0 0 0 0 0 0 0 0 0 0 0 0 0 0 0 0 0 0 0 0 0 0 0 0 0 0 
0 0 0 0 0 0 0 0 0 0 0 0 0 0 0 0 0 0 0 0 0 0 0 0 0 0 0 0 0 0 0 0 0 0 0 0 0 0 0 0 0 0 0 0 0 0 0 0 0 0 0 0 0 0 0 0 0 0 0 0 0 0 0 0 0 0 0 0 0 0 0 0 0 0 0 0 0 0 0 0 0 0 0 0 0 0 0 0 0 0 0 0 0 0 0 0 0 0 0 0 0 0 0 0 0 0 0 0 0 0 0 0 0 0 0 0 0 0 0 0 0 0 0 0 0 0 0 0 
0 0 0 0 0 0 0 0 0 0 0 0 0 0 0 0 0 0 0 0 0 0 0 0 0 0 0 0 0 0 0 0 0 0 0 0 0 0 0 0 0 0 0 0 0 0 0 0 0 0 0 0 0 0 0 0 0 0 0 0 0 0 0 0 0 0 0 0 0 0 0 0 0 0 0 0 0 0 0 0 0 0 0 0 0 0 0 0 0 0 0 0 0 0 0 0 0 0 0 0 0 0 0 0 0 0 0 0 0 0 0 0 0 0 0 0 0 0 0 0 0 0 0 0 0 0 0 0 
0 0 0 0 0 0 0 0 0 0 0 0 0 0 0 0 0 0 0 0 0 0 0 0 0 0 0 0 0 0 0 0 0 0 0 0 0 0 0 0 0 0 0 0 0 0 0 0 0 0 0 0 0 0 0 0 0 0 0 0 0 0 0 0 0 0 0 0 0 0 0 0 0 0 0 0 0 0 0 0 0 0 0 0 0 0 0 0 0 0 0 0 0 0 0 0 0 0 0 0 0 0 0 0 0 0 0 0 0 0 0 0 0 0 0 0 0 0 0 0 0 0 0 0 0 0 0 0 
0 0 0 0 0 0 0 0 0 0 0 0 0 0 0 0 0 0 0 0 0 0 0 0 0 0 0 0 0 0 0 0 0 0 0 0 0 0 0 0 0 0 0 0 0 0 0 0 0 0 0 0 0 0 0 0 0 0 0 0 0 0 0 0 0 0 0 0 0 0 0 0 0 0 0 0 0 0 0 0 0 0 0 0 0 0 0 0 0 0 0 0 0 0 0 0 0 0 0 0 0 0 0 0 0 0 0 0 0 0 0 0 0 0 0 0 0 0 0 0 0 0 0 0 0 0 0 0 
0 0 0 0 0 0 0 0 0 0 0 0 0 0 0 0 0 0 0 0 0 0 0 0 0 0 0 0 0 0 0 0 0 0 0 0 0 0 0 0 0 0 0 0 0 0 0 0 0 0 0 0 0 0 0 0 0 0 0 0 0 0 0 0 0 0 0 0 0 0 0 0 0 0 0 0 0 0 0 0 0 0 0 0 0 0 0 0 0 0 0 0 0 0 0 0 0 0 0 0 0 0 0 0 0 0 0 0 0 0 0 0 0 0 0 0 0 0 0 0 0 0 0 0 0 0 0 0 
0 0 0 0 0 0 0 0 0 0 0 0 0 0 0 0 0 0 0 0 0 0 0 0 0 0 0 0 0 0 0 0 0 0 0 0 0 0 0 0 0 0 0 0 0 0 0 0 0 0 0 0 0 0 0 0 0 0 0 0 0 0 0 0 0 0 0 0 0 0 0 0 0 0 0 0 0 0 0 0 0 0 0 0 0 0 0 0 0 0 0 0 0 0 0 0 0 0 0 0 0 0 0 0 0 0 0 0 0 0 0 0 0 0 0 0 0 0 0 0 0 0 0 0 0 0 0 0 
2 2 2 15 2 2 2 15 6 6 6 47 8 8 8 63 8 8 8 63 8 8 8 63 8 8 8 63 8 8 8 63 8 8 8 63 8 8 8 63 8 8 8 63 8 8 8 63 8 8 8 63 8 8 8 63 8 8 8 63 6 6 6 47 2 2 2 15 0 0 0 0 0 0 0 0 0 0 0 0 0 0 0 0 0 0 0 0 0 0 0 0 0 0 0 0 0 0 0 0 0 0 0 0 0 0 0 0 0 0 0 0 0 0 0 0 0 0 0 0 0 0 0 0 0 0 0 0 
6 6 6 47 6 6 6 47 19 19 19 143 25 25 25 191 25 25 25 191 25 25 25 191 25 25 25 191 25 25 25 191 25 25 25 191 25 25 25 191 25 25 25 191 25 25 25 191 25 25 25 191 25 25 25 191 25 25 25 191 19 19 19 143 6 6 6 47 0 0 0 0 0 0 0 0 0 0 0 0 0 0 0 0 0 0 0 0 0 0 0 0 0 0 0 0 0 0 0 0 0 0 0 0 0 0 0 0 0 0 0 0 0 0 0 0 0 0 0 0 0 0 0 0 0 0 0 0 
26 17 16 111 26 17 16 111 62 35 31 207 79 44 39 255 79 44 39 255 79 44 39 255 79 44 39 255 81 48 38 255 83 56 37 255 84 60 36 255 84 60 36 255 84 60 36 255 84 60 36 255 84 60 36 255 84 60 36 255 65 47 29 207 27 21 15 111 6 6 6 47 2 2 2 15 0 0 0 0 0 0 0 0 0 0 0 0 0 0 0 0 0 0 0 0 0 0 0 0 0 0 0 0 0 0 0 0 0 0 0 0 0 0 0 0 0 0 0 0 0 0 0 0 0 0 0 0 
62 35 31 207 62 35 31 207 135 56 44 239 171 66 50 255 171 66 50 255 171 66 50 255 171 66 50 255 175 79 48 255 183 102 44 255 186 114 42 255 186 114 42 255 186 114 42 255 186 114 42 255 186 114 42 255 186 114 42 255 146 92 38 239 65 47 29 207 19 19 19 143 6 6 6 47 0 0 0 0 0 0 0 0 0 0 0 0 0 0 0 0 0 0 0 0 0 0 0 0 0 0 0 0 0 0 0 0 0 0 0 0 0 0 0 0 0 0 0 0 0 0 0 0 0 0 0 0 
62 35 31 207 62 35 31 207 135 56 44 239 172 67 50 255 172 67 50 255 172 67 50 255 172 67 50 255 187 81 50 255 217 111 48 255 233 126 48 255 233 126 48 255 234 130 47 255 236 138 46 255 238 142 46 255 238 142 46 255 199 121 43 255 123 81 39 255 65 47 29 207 27 21 15 111 6 6 6 47 2 2 2 15 0 0 0 0 0 0 0 0 0 0 0 0 0 0 0 0 0 0 0 0 0 0 0 0 0 0 0 0 0 0 0 0 0 0 0 0 0 0 0 0 0 0 0 0 
26 17 16 111 26 17 16 111 62 35 31 207 80 45 39 255 80 45 39 255 80 45 39 255 80 45 39 255 115 57 43 255 187 81 50 255 223 94 53 255 223 94 53 255 226 106 51 255 234 130 47 255 238 142 46 255 238 142 46 255 225 135 45 255 199 121 43 255 146 92 38 239 65 47 29 207 19 19 19 143 6 6 6 47 0 0 0 0 0 0 0 0 0 0 0 0 0 0 0 0 0 0 0 0 0 0 0 0 0 0 0 0 0 0 0 0 0 0 0 0 0 0 0 0 0 0 0 0 
6 6 6 47 6 6 6 47 19 19 19 143 25 25 25 191 25 25 25 191 25 25 25 191 25 25 25 191 62 35 31 207 135 56 44 239 183 69 51 255 206 75 54 255 221 90 54 255 229 114 50 255 234 130 47 255 236 138 46 255 238 142 46 255 238 142 46 255 187 115 43 255 85 61 37 255 25 25 25 191 8 8 8 63 0 0 0 0 0 0 0 0 0 0 0 0 0 0 0 0 0 0 0 0 0 0 0 0 0 0 0 0 0 0 0 0 0 0 0 0 0 0 0 0 0 0 0 0 
2 2 2 15 2 2 2 15 6 6 6 47 8 8 8 63 8 8 8 63 8 8 8 63 8 8 8 63 26 17 16 111 62 35 31 207 114 53 43 255 183 69 51 255 219 82 55 255 221 90 54 255 226 106 51 255 234 130 47 255 238 142 46 255 238 142 46 255 187 115 42 255 85 61 37 255 25 25 25 191 8 8 8 63 0 0 0 0 0 0 0 0 0 0 0 0 0 0 0 0 0 0 0 0 0 0 0 0 0 0 0 0 0 0 0 0 0 0 0 0 0 0 0 0 0 0 0 0 
0 0 0 0 0 0 0 0 0 0 0 0 0 0 0 0 0 0 0 0 0 0 0 0 0 0 0 0 6 6 6 47 19 19 19 143 62 35 31 207 135 56 44 239 183 69 51 255 206 75 54 255 221 90 54 255 229 114 50 255 221 123 47 255 198 117 44 255 146 92 38 239 65 47 29 207 19 19 19 143 6 6 6 47 0 0 0 0 0 0 0 0 0 0 0 0 0 0 0 0 0 0 0 0 0 0 0 0 0 0 0 0 0 0 0 0 0 0 0 0 0 0 0 0 0 0 0 0 
0 0 0 0 0 0 0 0 0 0 0 0 0 0 0 0 0 0 0 0 0 0 0 0 0 0 0 0 2 2 2 15 6 6 6 47 26 17 16 111 62 35 31 207 114 53 43 255 183 69 51 255 219 82 55 255 221 90 54 255 188 85 49 255 119 69 41 255 65 47 29 207 27 21 15 111 6 6 6 47 2 2 2 15 0 0 0 0 0 0 0 0 0 0 0 0 0 0 0 0 0 0 0 0 0 0 0 0 0 0 0 0 0 0 0 0 0 0 0 0 0 0 0 0 0 0 0 0 
0 0 0 0 0 0 0 0 0 0 0 0 0 0 0 0 0 0 0 0 2 2 2 15 6 6 6 47 8 8 8 63 8 8 8 63 14 14 14 111 27 27 27 207 68 42 38 255 137 58 46 255 172 67 50 255 172 67 50 255 137 58 46 255 68 42 38 255 27 27 27 207 14 14 14 111 8 8 8 63 8 8 8 63 8 8 8 63 8 8 8 63 6 6 6 47 2 2 2 15 0 0 0 0 0 0 0 0 0 0 0 0 0 0 0 0 0 0 0 0 0 0 0 0 0 0 0 0 
0 0 0 0 0 0 0 0 0 0 0 0 0 0 0 0 0 0 0 0 6 6 6 47 19 19 19 143 25 25 25 191 25 25 25 191 27 27 27 207 31 31 31 239 45 36 35 255 68 42 38 255 80 45 39 255 80 45 39 255 68 42 38 255 45 36 35 255 31 31 31 239 27 27 27 207 25 25 25 191 25 25 25 191 25 25 25 191 25 25 25 191 19 19 19 143 6 6 6 47 0 0 0 0 0 0 0 0 0 0 0 0 0 0 0 0 0 0 0 0 0 0 0 0 0 0 0 0 
0 0 0 0 0 0 0 0 0 0 0 0 0 0 0 0 0 0 0 0 8 8 8 63 25 25 25 191 39 45 44 255 48 67 66 255 53 78 76 255 53 78 76 255 53 78 76 255 53 78 76 255 53 78 76 255 53 78 76 255 53 78 76 255 53 78 76 255 53 78 76 255 53 78 76 255 62 81 78 255 80 85 82 255 88 87 84 255 88 87 84 255 68 67 65 207 28 28 27 111 8 8 8 63 8 8 8 63 8 8 8 63 8 8 8 63 6 6 6 47 2 2 2 15 2 2 2 15 
0 0 0 0 0 0 0 0 0 0 0 0 0 0 0 0 0 0 0 0 8 8 8 63 25 25 25 191 49 67 66 255 79 135 130 255 93 169 163 255 93 169 163 255 93 169 163 255 93 169 163 255 93 169 163 255 93 169 163 255 93 169 163 255 93 169 163 255 93 169 163 255 93 169 163 255 120 175 168 255 172 187 180 255 198 193 186 255 198 193 186 255 155 151 146 239 68 67 65 207 25 25 25 191 25 25 25 191 25 25 25 191 25 25 25 191 19 19 19 143 6 6 6 47 6 6 6 47 
0 0 0 0 0 0 0 0 0 0 0 0 0 0 0 0 0 0 0 0 8 8 8 63 25 25 25 191 54 79 77 255 94 169 163 255 113 214 206 255 113 214 206 255 110 207 201 255 104 194 193 255 104 194 193 255 110 207 201 255 113 214 206 255 113 214 206 255 113 214 206 255 113 214 206 255 140 220 211 255 192 232 223 255 218 238 229 255 218 238 229 255 185 200 193 255 121 125 120 255 88 87 84 255 88 87 84 255 75 73 72 255 47 47 46 255 25 25 25 191 8 8 8 63 8 8 8 63 
0 0 0 0 0 0 0 0 0 0 0 0 0 0 0 0 0 0 0 0 8 8 8 63 25 25 25 191 54 79 77 255 94 169 163 255 113 214 206 255 113 214 206 255 104 194 193 255 86 156 167 255 86 156 167 255 104 194 193 255 113 214 206 255 113 214 206 255 113 214 206 255 113 214 206 255 122 216 207 255 140 220 211 255 148 222 213 255 148 222 213 255 161 215 206 255 185 200 193 255 198 193 186 255 198 193 186 255 157 153 148 255 75 73 72 255 25 25 25 191 8 8 8 63 8 8 8 63 
0 0 0 0 0 0 0 0 0 0 0 0 0 0 0 0 0 0 0 0 8 8 8 63 25 25 25 191 54 79 77 255 94 169 163 255 113 214 206 255 113 214 206 255 101 188 188 255 77 137 154 255 77 137 154 255 101 188 188 255 110 207 201 255 104 194 193 255 104 194 193 255 110 207 201 255 110 207 201 255 104 194 193 255 104 194 193 255 110 207 201 255 137 213 207 255 183 213 210 255 217 221 218 255 241 238 230 255 198 193 186 255 88 87 84 255 25 25 25 191 8 8 8 63 8 8 8 63 
0 0 0 0 0 0 0 0 0 0 0 0 0 0 0 0 0 0 0 0 8 8 8 63 25 25 25 191 54 79 77 255 94 169 163 255 113 214 206 255 113 214 206 255 101 188 188 255 77 137 154 255 77 137 154 255 101 188 188 255 104 194 193 255 86 156 167 255 86 156 167 255 104 194 193 255 104 194 193 255 86 156 167 255 86 156 167 255 104 194 193 255 113 196 195 255 112 162 173 255 147 171 180 255 217 221 218 255 198 193 186 255 88 87 84 255 25 25 25 191 8 8 8 63 8 8 8 63 
0 0 0 0 0 0 0 0 0 0 0 0 0 0 0 0 0 0 0 0 8 8 8 63 25 25 25 191 54 79 77 255 94 169 163 255 113 214 206 255 113 214 206 255 101 188 188 255 77 137 154 255 77 137 154 255 101 188 188 255 101 188 188 255 77 137 154 255 77 137 154 255 101 188 188 255 101 188 188 255 77 137 154 255 77 137 154 255 101 188 188 255 101 188 188 255 77 137 154 255 112 145 162 255 206 213 211 255 198 193 186 255 88 87 84 255 25 25 25 191 8 8 8 63 8 8 8 63 
0 0 0 0 0 0 0 0 0 0 0 0 0 0 0 0 0 0 0 0 8 8 8 63 25 25 25 191 54 79 77 255 94 169 163 255 113 214 206 255 113 214 206 255 101 188 188 255 77 137 154 255 77 137 154 255 101 188 188 255 101 188 188 255 77 137 154 255 77 137 154 255 101 188 188 255 101 188 188 255 77 137 154 255 77 137 154 255 101 188 188 255 101 188 188 255 77 137 154 255 112 145 162 255 206 213 211 255 198 193 186 255 88 87 84 255 25 25 25 191 8 8 8 63 8 8 8 63 
0 0 0 0 0 0 0 0 0 0 0 0 0 0 0 0 0 0 0 0 8 8 8 63 25 25 25 191 54 79 77 255 94 169 163 255 113 214 206 255 113 214 206 255 101 188 188 255 77 137 154 255 77 137 154 255 101 188 188 255 101 188 188 255 77 137 154 255 77 137 154 255 101 188 188 255 101 188 188 255 77 137 154 255 77 137 154 255 101 188 188 255 101 188 188 255 77 137 154 255 112 145 162 255 206 213 211 255 198 193 186 255 88 87 84 255 25 25 25 191 8 8 8 63 8 8 8 63 
0 0 0 0 0 0 0 0 0 0 0 0 0 0 0 0 0 0 0 0 8 8 8 63 25 25 25 191 54 79 77 255 94 169 163 255 113 214 206 255 113 214 206 255 101 188 188 255 77 137 154 255 77 137 154 255 101 188 188 255 101 188 188 255 77 137 154 255 77 137 154 255 101 188 188 255 101 188 188 255 77 137 154 255 77 137 154 255 101 188 188 255 101 188 188 255 77 137 154 255 112 145 162 255 206 213 211 255 198 193 186 255 88 87 84 255 25 25 25 191 8 8 8 63 8 8 8 63 
0 0 0 0 0 0 0 0 0 0 0 0 0 0 0 0 0 0 0 0 8 8 8 63 25 25 25 191 54 79 77 255 94 169 163 255 113 214 206 255 113 214 206 255 101 188 188 255 77 137 154 255 77 137 154 255 101 188 188 255 104 194 193 255 86 156 167 255 86 156 167 255 104 194 193 255 104 194 193 255 86 156 167 255 86 156 167 255 104 194 193 255 113 196 195 255 112 162 173 255 147 171 180 255 217 221 218 255 198 193 186 255 88 87 84 255 25 25 25 191 8 8 8 63 8 8 8 63 
0 0 0 0 0 0 0 0 0 0 0 0 0 0 0 0 0 0 0 0 8 8 8 63 25 25 25 191 54 79 77 255 94 169 163 255 113 214 206 255 113 214 206 255 101 188 188 255 77 137 154 255 77 137 154 255 101 188 188 255 110 207 201 255 104 194 193 255 104 194 193 255 110 207 201 255 110 207 201 255 104 194 193 255 104 194 193 255 110 207 201 255 137 213 207 255 183 213 210 255 217 221 218 255 241 238 230 255 198 193 186 255 88 87 84 255 25 25 25 191 8 8 8 63 8 8 8 63 
0 0 0 0 0 0 0 0 0 0 0 0 0 0 0 0 0 0 0 0 8 8 8 63 25 25 25 191 54 79 77 255 94 169 163 255 113 214 206 255 113 214 206 255 101 188 188 255 77 137 154 255 74 131 149 255 92 169 175 255 101 188 188 255 101 188 188 255 101 188 188 255 101 188 188 255 101 188 188 255 101 188 188 255 101 188 188 255 101 188 188 255 125 189 188 255 174 192 186 255 198 193 186 255 198 193 186 255 157 153 148 255 75 73 72 255 25 25 25 191 8 8 8 63 8 8 8 63 
0 0 0 0 0 0 0 0 0 0 0 0 0 0 0 0 0 0 0 0 8 8 8 63 25 25 25 191 54 79 77 255 94 169 163 255 113 214 206 255 113 214 206 255 101 188 188 255 77 137 154 255 68 118 141 255 74 131 149 255 77 137 154 255 77 137 154 255 77 137 154 255 77 137 154 255 77 137 154 255 77 137 154 255 77 137 154 255 77 137 154 255 80 124 136 255 85 99 102 255 88 87 84 255 88 87 84 255 75 73 72 255 47 47 46 255 25 25 25 191 8 8 8 63 8 8 8 63 
0 0 0 0 0 0 0 0 0 0 0 0 0 0 0 0 0 0 0 0 8 8 8 63 25 25 25 191 54 79 77 255 94 169 163 255 113 214 206 255 113 214 206 255 101 188 188 255 77 137 154 255 65 112 137 255 65 112 137 255 65 112 137 255 65 112 137 255 65 112 137 255 65 112 137 255 65 112 137 255 65 112 137 255 65 112 137 255 65 112 137 255 57 92 111 255 41 53 59 255 31 31 31 239 27 27 27 207 25 25 25 191 25 25 25 191 19 19 19 143 6 6 6 47 6 6 6 47 
0 0 0 0 0 0 0 0 0 0 0 0 0 0 0 0 0 0 0 0 8 8 8 63 25 25 25 191 54 79 77 255 94 169 163 255 113 214 206 255 113 214 206 255 101 188 188 255 77 137 154 255 65 112 137 255 65 112 137 255 65 112 137 255 65 112 137 255 65 112 137 255 65 112 137 255 65 112 137 255 65 112 137 255 65 112 137 255 65 112 137 255 57 92 111 255 41 53 59 255 27 27 27 207 14 14 14 111 8 8 8 63 8 8 8 63 6 6 6 47 2 2 2 15 2 2 2 15 
0 0 0 0 0 0 0 0 0 0 0 0 0 0 0 0 0 0 0 0 8 8 8 63 25 25 25 191 54 79 77 255 94 169 163 255 113 214 206 255 113 214 206 255 104 194 193 255 86 156 167 255 77 137 154 255 77 137 154 255 77 137 154 255 77 137 154 255 77 137 154 255 77 137 154 255 77 137 154 255 77 137 154 255 85 139 156 255 103 143 160 255 92 117 130 255 53 61 65 255 25 25 25 191 8 8 8 63 0 0 0 0 0 0 0 0 0 0 0 0 0 0 0 0 0 0 0 0 
0 0 0 0 0 0 0 0 0 0 0 0 0 0 0 0 0 0 0 0 8 8 8 63 25 25 25 191 54 79 77 255 94 169 163 255 113 214 206 255 113 214 206 255 110 207 201 255 104 194 193 255 101 188 188 255 101 188 188 255 101 188 188 255 101 188 188 255 101 188 188 255 101 188 188 255 101 188 188 255 101 188 188 255 127 194 194 255 179 207 206 255 163 168 167 255 77 78 78 255 25 25 25 191 8 8 8 63 0 0 0 0 0 0 0 0 0 0 0 0 0 0 0 0 0 0 0 0 
0 0 0 0 0 0 0 0 0 0 0 0 0 0 0 0 0 0 0 0 8 8 8 63 25 25 25 191 50 72 72 255 84 149 150 255 101 188 188 255 101 188 188 255 101 188 188 255 101 188 188 255 101 188 188 255 101 188 188 255 101 188 188 255 101 188 188 255 101 188 188 255 101 188 188 255 101 188 188 255 101 188 188 255 130 201 198 255 189 226 219 255 172 187 180 255 80 85 82 255 25 25 25 191 8 8 8 63 0 0 0 0 0 0 0 0 0 0 0 0 0 0 0 0 0 0 0 0 
0 0 0 0 0 0 0 0 0 0 0 0 0 0 0 0 0 0 0 0 8 8 8 63 25 25 25 191 44 59 64 255 66 111 124 255 77 137 154 255 77 137 154 255 77 137 154 255 77 137 154 255 77 137 154 255 77 137 154 255 77 137 154 255 77 137 154 255 77 137 154 255 77 137 154 255 77 137 154 255 77 137 154 255 95 158 169 255 130 201 198 255 120 175 168 255 62 81 78 255 25 25 25 191 8 8 8 63 0 0 0 0 0 0 0 0 0 0 0 0 0 0 0 0 0 0 0 0 
0 0 0 0 0 0 0 0 0 0 0 0 0 0 0 0 0 0 0 0 8 8 8 63 25 25 25 191 44 59 64 255 66 111 124 255 77 137 154 255 77 137 154 255 77 137 154 255 77 137 154 255 77 137 154 255 77 137 154 255 77 137 154 255 77 137 154 255 77 137 154 255 77 137 154 255 77 137 154 255 77 137 154 255 95 158 169 255 130 201 198 255 120 175 168 255 62 81 78 255 25 25 25 191 8 8 8 63 0 0 0 0 0 0 0 0 0 0 0 0 0 0 0 0 0 0 0 0 
0 0 0 0 0 0 0 0 0 0 0 0 0 0 0 0 0 0 0 0 8 8 8 63 25 25 25 191 50 72 72 255 84 149 150 255 101 188 188 255 101 188 188 255 101 188 188 255 101 188 188 255 101 188 188 255 101 188 188 255 101 188 188 255 101 188 188 255 101 188 188 255 101 188 188 255 101 188 188 255 101 188 188 255 130 201 198 255 189 226 219 255 172 187 180 255 80 85 82 255 25 25 25 191 8 8 8 63 0 0 0 0 0 0 0 0 0 0 0 0 0 0 0 0 0 0 0 0 
0 0 0 0 0 0 0 0 0 0 0 0 2 2 2 15 6 6 6 47 14 14 14 111 27 27 27 207 54 79 77 255 94 169 163 255 113 214 206 255 113 214 206 255 113 214 206 255 113 214 206 255 113 214 206 255 113 214 206 255 113 214 206 255 113 214 206 255 113 214 206 255 113 214 206 255 113 214 206 255 113 214 206 255 148 222 213 255 218 238 229 255 198 193 186 255 88 87 84 255 25 25 25 191 8 8 8 63 0 0 0 0 0 0 0 0 0 0 0 0 0 0 0 0 0 0 0 0 
0 0 0 0 0 0 0 0 0 0 0 0 6 6 6 47 19 19 19 143 27 27 27 207 31 31 31 239 54 79 77 255 94 169 163 255 113 214 206 255 113 214 206 255 113 214 206 255 113 214 206 255 113 214 206 255 113 214 206 255 113 214 206 255 113 214 206 255 113 214 206 255 113 214 206 255 113 214 206 255 113 214 206 255 148 222 213 255 218 238 229 255 198 193 186 255 88 87 84 255 25 25 25 191 8 8 8 63 0 0 0 0 0 0 0 0 0 0 0 0 0 0 0 0 0 0 0 0 
2 2 2 15 2 2 2 15 6 6 6 47 16 19 21 111 33 42 46 207 41 53 59 255 41 53 59 255 56 87 92 255 86 154 156 255 101 188 188 255 101 188 188 255 99 183 182 255 95 173 169 255 93 169 163 255 93 169 163 255 93 169 163 255 93 169 163 255 93 169 163 255 93 169 163 255 95 173 169 255 99 183 182 255 127 194 194 255 179 207 206 255 163 168 167 255 77 78 78 255 25 25 25 191 8 8 8 63 0 0 0 0 0 0 0 0 0 0 0 0 0 0 0 0 0 0 0 0 
6 6 6 47 6 6 6 47 19 19 19 143 33 42 46 207 49 75 89 239 57 92 111 255 57 92 111 255 62 103 122 255 72 126 143 255 77 137 154 255 77 137 154 255 71 122 134 255 59 93 96 255 53 78 76 255 53 78 76 255 53 78 76 255 53 78 76 255 53 78 76 255 53 78 76 255 59 93 96 255 71 122 134 255 85 139 156 255 103 143 160 255 92 117 129 255 53 61 65 255 25 25 25 191 8 8 8 63 0 0 0 0 0 0 0 0 0 0 0 0 0 0 0 0 0 0 0 0 
8 8 8 63 8 8 8 63 25 25 25 191 39 48 53 255 51 77 91 255 57 92 111 255 57 92 111 255 57 92 111 255 57 92 111 255 57 92 111 255 57 92 111 255 49 75 89 239 33 42 46 207 25 25 25 191 25 25 25 191 25 25 25 191 25 25 25 191 25 25 25 191 25 25 25 191 33 42 46 207 49 75 89 239 59 97 117 255 63 107 130 255 57 92 111 255 41 53 59 255 25 25 25 191 8 8 8 63 0 0 0 0 0 0 0 0 0 0 0 0 0 0 0 0 0 0 0 0 
8 8 8 63 8 8 8 63 25 25 25 191 35 38 40 255 39 48 53 255 41 53 59 255 41 53 59 255 41 53 59 255 41 53 59 255 41 53 59 255 41 53 59 255 33 42 46 207 16 19 21 111 8 8 8 63 8 8 8 63 8 8 8 63 8 8 8 63 8 8 8 63 8 8 8 63 16 19 21 111 33 42 46 207 47 68 79 255 59 97 117 255 57 92 111 255 41 53 59 255 25 25 25 191 8 8 8 63 0 0 0 0 0 0 0 0 0 0 0 0 0 0 0 0 0 0 0 0 
6 6 6 47 6 6 6 47 19 19 19 143 25 25 25 191 25 25 25 191 25 25 25 191 25 25 25 191 25 25 25 191 25 25 25 191 25 25 25 191 25 25 25 191 19 19 19 143 6 6 6 47 0 0 0 0 0 0 0 0 0 0 0 0 0 0 0 0 0 0 0 0 0 0 0 0 6 6 6 47 19 19 19 143 33 42 46 207 49 75 89 239 51 77 91 255 39 48 53 255 25 25 25 191 8 8 8 63 0 0 0 0 0 0 0 0 0 0 0 0 0 0 0 0 0 0 0 0 
2 2 2 15 2 2 2 15 6 6 6 47 8 8 8 63 8 8 8 63 8 8 8 63 8 8 8 63 8 8 8 63 8 8 8 63 8 8 8 63 8 8 8 63 6 6 6 47 2 2 2 15 0 0 0 0 0 0 0 0 0 0 0 0 0 0 0 0 0 0 0 0 0 0 0 0 2 2 2 15 6 6 6 47 16 19 21 111 33 42 46 207 39 48 53 255 35 38 40 255 25 25 25 191 8 8 8 63 0 0 0 0 0 0 0 0 0 0 0 0 0 0 0 0 0 0 0 0 
0 0 0 0 0 0 0 0 0 0 0 0 0 0 0 0 0 0 0 0 0 0 0 0 0 0 0 0 0 0 0 0 0 0 0 0 0 0 0 0 0 0 0 0 0 0 0 0 0 0 0 0 0 0 0 0 0 0 0 0 0 0 0 0 0 0 0 0 0 0 0 0 0 0 0 0 0 0 0 0 0 0 0 0 6 6 6 47 19 19 19 143 25 25 25 191 25 25 25 191 19 19 19 143 6 6 6 47 0 0 0 0 0 0 0 0 0 0 0 0 0 0 0 0 0 0 0 0 
0 0 0 0 0 0 0 0 0 0 0 0 0 0 0 0 0 0 0 0 0 0 0 0 0 0 0 0 0 0 0 0 0 0 0 0 0 0 0 0 0 0 0 0 0 0 0 0 0 0 0 0 0 0 0 0 0 0 0 0 0 0 0 0 0 0 0 0 0 0 0 0 0 0 0 0 0 0 0 0 0 0 0 0 2 2 2 15 6 6 6 47 8 8 8 63 8 8 8 63 6 6 6 47 2 2 2 15 0 0 0 0 0 0 0 0 0 0 0 0 0 0 0 0 0 0 0 0 
0 0 0 0 0 0 0 0 0 0 0 0 0 0 0 0 0 0 0 0 0 0 0 0 0 0 0 0 0 0 0 0 0 0 0 0 0 0 0 0 0 0 0 0 0 0 0 0 0 0 0 0 0 0 0 0 0 0 0 0 0 0 0 0 0 0 0 0 0 0 0 0 0 0 0 0 0 0 0 0 0 0 0 0 2 2 2 15 6 6 6 47 8 8 8 63 8 8 8 63 6 6 6 47 2 2 2 15 0 0 0 0 0 0 0 0 0 0 0 0 0 0 0 0 0 0 0 0 
