0 0 0 0 0 0 0 0 0 0 0 0 0 0 0 0 0 0 0 0 0 0 0 0 0 0 0 0 0 0 0 0 0 0 0 0 0 0 0 0 0 0 0 0 0 0 0 0 0 0 0 0 0 0 0 0 0 0 0 0 0 0 0 0 0 0 0 0 0 0 0 0 0 0 0 0 0 0 0 0 0 0 0 0 0 0 0 0 0 0 0 0 0 0 0 0 0 0 0 0 0 0 0 0 0 0 0 0 0 0 0 0 0 0 0 0 0 0 0 0 0 0 0 0 0 0 0 0 
0 0 0 0 0 0 0 0 0 0 0 0 0 0 0 0 0 0 0 0 0 0 0 0 0 0 0 0 0 0 0 0 0 0 0 0 0 0 0 0 0 0 0 0 0 0 0 0 0 0 0 0 0 0 0 0 0 0 0 0 0 0 0 0 0 0 0 0 0 0 0 0 0 0 0 0 0 0 0 0 0 0 0 0 0 0 0 0 0 0 0 0 0 0 0 0 0 0 0 0 0 0 0 0 0 0 0 0 0 0 0 0 0 0 0 0 0 0 0 0 0 0 0 0 0 0 0 0 
0 0 0 0 0 0 0 0 0 0 0 0 0 0 0 0 0 0 0 0 0 0 0 0 0 0 0 0 0 0 0 0 0 0 0 0 0 0 0 0 0 0 0 0 0 0 0 0 0 0 0 0 0 0 0 0 0 0 0 0 0 0 0 0 0 0 0 0 0 0 0 0 0 0 0 0 0 0 0 0 0 0 0 0 0 0 0 0 0 0 0 0 0 0 0 0 0 0 0 0 0 0 0 0 0 0 0 0 0 0 0 0 0 0 0 0 0 0 0 0 0 0 0 0 0 0 0 0 
0 0 0 0 0 0 0 0 0 0 0 0 0 0 0 0 0 0 0 0 0 0 0 0 0 0 0 0 0 0 0 0 0 0 0 0 0 0 0 0 0 0 0 0 0 0 0 0 0 0 0 0 0 0 0 0 0 0 0 0 0 0 0 0 0 0 0 0 0 0 0 0 0 0 0 0 0 0 0 0 0 0 0 0 0 0 0 0 0 0 0 0 0 0 0 0 0 0 0 0 0 0 0 0 0 0 0 0 0 0 0 0 0 0 0 0 0 0 0 0 0 0 0 0 0 0 0 0 
0 0 0 0 0 0 0 0 0 0 0 0 0 0 0 0 0 0 0 0 0 0 0 0 0 0 0 0 0 0 0 0 0 0 0 0 0 0 0 0 0 0 0 0 0 0 0 0 0 0 0 0 0 0 0 0 0 0 0 0 0 0 0 0 0 0 0 0 0 0 0 0 0 0 0 0 0 0 0 0 0 0 0 0 0 0 0 0 0 0 0 0 0 0 0 0 0 0 0 0 0 0 0 0 0 0 0 0 0 0 0 0 0 0 0 0 0 0 0 0 0 0 0 0 0 0 0 0 
0 0 0 0 0 0 0 0 0 0 0 0 0 0 0 0 0 0 0 0 0 0 0 0 0 0 0 0 0 0 0 0 0 0 0 0 0 0 0 0 0 0 0 0 0 0 0 0 0 0 0 0 0 0 0 0 0 0 0 0 0 0 0 0 0 0 0 0 0 0 0 0 0 0 0 0 0 0 0 0 0 0 0 0 0 0 0 0 0 0 0 0 0 0 0 0 0 0 0 0 0 0 0 0 0 0 0 0 0 0 0 0 0 0 0 0 0 0 0 0 0 0 0 0 0 0 0 0 
0 0 0 0 0 0 0 0 0 0 0 0 0 0 0 0 0 0 0 0 0 0 0 0 0 0 0 0 0 0 0 0 0 0 0 0 0 0 0 0 0 0 0 0 0 0 0 0 0 0 0 0 0 0 0 0 0 0 0 0 0 0 0 0 0 0 0 0 0 0 0 0 0 0 0 0 0 0 0 0 0 0 0 0 0 0 0 0 0 0 0 0 0 0 0 0 0 0 0 0 0 0 0 0 0 0 0 0 0 0 0 0 0 0 0 0 0 0 0 0 0 0 0 0 0 0 0 0 
0 0 0 0 0 0 0 0 0 0 0 0 0 0 0 0 0 0 0 0 0 0 0 0 0 0 0 0 0 0 0 0 0 0 0 0 0 0 0 0 0 0 0 0 0 0 0 0 0 0 0 0 0 0 0 0 0 0 0 0 0 0 0 0 0 0 0 0 0 0 0 0 0 0 0 0 0 0 0 0 0 0 0 0 0 0 0 0 0 0 0 0 0 0 0 0 0 0 0 0 0 0 0 0 0 0 0 0 0 0 0 0 0 0 0 0 0 0 0 0 0 0 0 0 0 0 0 0 
0 0 0 0 0 0 0 0 0 0 0 0 0 0 0 0 0 0 0 0 0 0 0 0 0 0 0 0 0 0 0 0 0 0 0 0 0 0 0 0 0 0 0 0 0 0 0 0 0 0 0 0 0 0 0 0 0 0 0 0 0 0 0 0 0 0 0 0 0 0 0 0 0 0 0 0 0 0 0 0 0 0 0 0 0 0 0 0 0 0 0 0 0 0 0 0 0 0 0 0 0 0 0 0 0 0 0 0 0 0 0 0 0 0 0 0 0 0 0 0 0 0 0 0 0 0 0 0 
0 0 0 0 0 0 0 0 0 0 0 0 0 0 0 0 0 0 0 0 0 0 0 0 0 0 0 0 0 0 0 0 0 0 0 0 0 0 0 0 0 0 0 0 0 0 0 0 0 0 0 0 0 0 0 0 0 0 0 0 0 0 0 0 0 0 0 0 0 0 0 0 0 0 0 0 0 0 0 0 0 0 0 0 0 0 0 0 0 0 0 0 0 0 0 0 0 0 0 0 0 0 0 0 0 0 0 0 0 0 0 0 0 0 0 0 0 0 0 0 0 0 0 0 0 0 0 0 
0 0 0 0 0 0 0 0 0 0 0 0 0 0 0 0 0 0 0 0 0 0 0 0 0 0 0 0 0 0 0 0 0 0 0 0 0 0 0 0 0 0 0 0 0 0 0 0 0 0 0 0 0 0 0 0 0 0 0 0 0 0 0 0 0 0 0 0 0 0 0 0 0 0 0 0 0 0 0 0 0 0 0 0 0 0 0 0 0 0 0 0 0 0 0 0 0 0 0 0 0 0 0 0 0 0 0 0 0 0 0 0 0 0 0 0 0 0 0 0 0 0 0 0 0 0 0 0 
0 0 0 0 0 0 0 0 0 0 0 0 0 0 0 0 0 0 0 0 0 0 0 0 0 0 0 0 0 0 0 0 0 0 0 0 0 0 0 0 0 0 0 0 0 0 0 0 0 0 0 0 0 0 0 0 0 0 0 0 0 0 0 0 0 0 0 0 0 0 0 0 0 0 0 0 0 0 0 0 0 0 0 0 0 0 0 0 0 0 0 0 0 0 0 0 0 0 0 0 0 0 0 0 0 0 0 0 0 0 0 0 0 0 0 0 0 0 0 0 0 0 0 0 0 0 0 0 
0 0 0 0 0 0 0 0 0 0 0 0 0 0 0 0 0 0 0 0 0 0 0 0 0 0 0 0 0 0 0 0 0 0 0 0 0 0 0 0 0 0 0 0 0 0 0 0 0 0 0 0 0 0 0 0 0 0 0 0 0 0 0 0 0 0 0 0 0 0 0 0 0 0 0 0 0 0 0 0 0 0 0 0 0 0 0 0 0 0 0 0 0 0 0 0 0 0 0 0 0 0 0 0 0 0 0 0 0 0 0 0 0 0 0 0 0 0 0 0 0 0 0 0 0 0 0 0 
0 0 0 0 0 0 0 0 0 0 0 0 0 0 0 0 0 0 0 0 0 0 0 0 0 0 0 0 0 0 0 0 0 0 0 0 0 0 0 0 0 0 0 0 0 0 0 0 0 0 0 0 0 0 0 0 0 0 0 0 0 0 0 0 0 0 0 0 0 0 0 0 0 0 0 0 0 0 0 0 0 0 0 0 0 0 0 0 0 0 0 0 0 0 0 0 0 0 0 0 0 0 0 0 0 0 0 0 0 0 0 0 0 0 0 0 0 0 0 0 0 0 0 0 0 0 0 0 
0 0 0 0 0 0 0 0 0 0 0 0 0 0 0 0 0 0 0 0 0 0 0 0 0 0 0 0 0 0 0 0 0 0 0 0 0 0 0 0 0 0 0 0 0 0 0 0 0 0 0 0 0 0 0 0 0 0 0 0 0 0 0 0 0 0 0 0 0 0 0 0 0 0 0 0 0 0 0 0 0 0 0 0 0 0 0 0 0 0 0 0 0 0 0 0 0 0 0 0 0 0 0 0 0 0 0 0 0 0 0 0 0 0 0 0 0 0 0 0 0 0 0 0 0 0 0 0 
0 0 0 0 0 0 0 0 0 0 0 0 0 0 0 0 0 0 0 0 0 0 0 0 0 0 0 0 0 0 0 0 0 0 0 0 0 0 0 0 0 0 0 0 0 0 0 0 0 0 0 0 0 0 0 0 0 0 0 0 0 0 0 0 0 0 0 0 0 0 0 0 0 0 0 0 0 0 0 0 0 0 0 0 0 0 0 0 0 0 0 0 0 0 0 0 0 0 0 0 0 0 0 0 0 0 0 0 0 0 0 0 0 0 0 0 0 0 0 0 0 0 0 0 0 0 0 0 
0 0 0 0 0 0 0 0 0 0 0 0 0 0 0 0 0 0 0 0 0 0 0 0 0 0 0 0 0 0 0 0 0 0 0 0 0 0 0 0 0 0 0 0 0 0 0 0 0 0 0 0 0 0 0 0 0 0 0 0 0 0 0 0 0 0 0 0 0 0 0 0 0 0 0 0 0 0 0 0 0 0 0 0 0 0 0 0 0 0 0 0 0 0 0 0 0 0 0 0 0 0 0 0 0 0 0 0 0 0 0 0 0 0 0 0 0 0 0 0 0 0 0 0 0 0 0 0 
0 0 0 0 0 0 0 0 0 0 0 0 0 0 0 0 0 0 0 0 0 0 0 0 0 0 0 0 0 0 0 0 0 0 0 0 0 0 0 0 0 0 0 0 0 0 0 0 0 0 0 0 0 0 0 0 0 0 0 0 0 0 0 0 0 0 0 0 0 0 0 0 0 0 0 0 0 0 0 0 0 0 0 0 0 0 0 0 0 0 0 0 0 0 0 0 0 0 0 0 0 0 0 0 0 0 0 0 0 0 0 0 0 0 0 0 0 0 0 0 0 0 0 0 0 0 0 0 
0 0 0 0 0 0 0 0 0 0 0 0 0 0 0 0 0 0 0 0 0 0 0 0 0 0 0 0 0 0 0 0 0 0 0 0 0 0 0 0 0 0 0 0 0 0 0 0 0 0 0 0 0 0 0 0 0 0 0 0 0 0 0 0 0 0 0 0 0 0 0 0 0 0 0 0 0 0 0 0 0 0 0 0 0 0 0 0 0 0 0 0 0 0 0 0 0 0 0 0 0 0 0 0 0 0 0 0 0 0 0 0 0 0 0 0 0 0 0 0 0 0 0 0 0 0 0 0 
0 0 0 0 0 0 0 0 0 0 0 0 2 2 2 15 6 6 6 47 8 8 8 63 8 8 8 63 8 8 8 63 8 8 8 63 8 8 8 63 8 8 8 63 8 8 8 63 8 8 8 63 6 6 6 47 2 2 2 15 0 0 0 0 0 0 0 0 0 0 0 0 0 0 0 0 0 0 0 0 0 0 0 0 0 0 0 0 0 0 0 0 0 0 0 0 0 0 0 0 0 0 0 0 0 0 0 0 0 0 0 0 0 0 0 0 0 0 0 0 0 0 0 0 0 0 0 0 
0 0 0 0 0 0 0 0 0 0 0 0 6 6 6 47 19 19 19 143 25 25 25 191 25 25 25 191 25 25 25 191 25 25 25 191 25 25 25 191 25 25 25 191 25 25 25 191 25 25 25 191 19 19 19 143 6 6 6 47 0 0 0 0 0 0 0 0 0 0 0 0 0 0 0 0 0 0 0 0 0 0 0 0 0 0 0 0 0 0 0 0 0 0 0 0 0 0 0 0 0 0 0 0 0 0 0 0 0 0 0 0 0 0 0 0 0 0 0 0 0 0 0 0 0 0 0 0 
0 0 0 0 0 0 0 0 0 0 0 0 8 8 8 63 25 25 25 191 41 34 36 255 57 35 42 255 65 35 44 255 65 35 44 255 68 38 43 255 76 42 40 255 79 44 39 255 79 44 39 255 62 35 31 207 26 17 16 111 6 6 6 47 2 2 2 15 0 0 0 0 0 0 0 0 0 0 0 0 0 0 0 0 0 0 0 0 0 0 0 0 0 0 0 0 0 0 0 0 0 0 0 0 0 0 0 0 0 0 0 0 0 0 0 0 0 0 0 0 0 0 0 0 0 0 0 0 
0 0 0 0 0 0 0 0 0 0 0 0 8 8 8 63 25 25 25 191 57 35 42 255 104 37 58 255 127 39 66 255 127 39 66 255 138 46 62 255 160 60 54 255 171 66 50 255 171 66 50 255 135 56 44 239 62 35 31 207 19 19 19 143 6 6 6 47 0 0 0 0 0 0 0 0 0 0 0 0 0 0 0 0 0 0 0 0 0 0 0 0 0 0 0 0 0 0 0 0 0 0 0 0 0 0 0 0 0 0 0 0 0 0 0 0 0 0 0 0 0 0 0 0 0 0 0 0 
0 0 0 0 0 0 0 0 0 0 0 0 6 6 6 47 19 19 19 143 51 28 35 207 102 35 56 239 135 39 69 255 151 40 75 255 170 47 73 255 192 61 65 255 206 71 60 255 214 75 57 255 183 69 51 255 114 53 43 255 62 35 31 207 26 17 16 111 8 8 8 63 8 8 8 63 6 6 6 47 2 2 2 15 0 0 0 0 0 0 0 0 0 0 0 0 0 0 0 0 0 0 0 0 0 0 0 0 0 0 0 0 0 0 0 0 0 0 0 0 0 0 0 0 0 0 0 0 
0 0 0 0 0 0 0 0 0 0 0 0 2 2 2 15 6 6 6 47 22 15 17 111 51 28 35 207 88 37 53 255 135 39 69 255 162 43 76 255 170 47 73 255 184 57 68 255 206 71 60 255 206 75 54 255 183 69 51 255 135 56 44 239 62 35 31 207 25 25 25 191 25 25 25 191 19 19 19 143 6 6 6 47 0 0 0 0 0 0 0 0 0 0 0 0 0 0 0 0 0 0 0 0 0 0 0 0 0 0 0 0 0 0 0 0 0 0 0 0 0 0 0 0 0 0 0 0 
0 0 0 0 0 0 0 0 0 0 0 0 2 2 2 15 6 6 6 47 14 14 14 111 27 27 27 207 65 35 45 255 127 39 67 255 159 40 78 255 159 40 78 255 170 47 73 255 192 61 65 255 203 68 61 255 203 68 61 255 168 60 57 255 99 43 49 255 65 35 45 255 65 35 45 255 51 28 35 207 22 15 17 111 8 8 8 63 8 8 8 63 8 8 8 63 8 8 8 63 8 8 8 63 8 8 8 63 8 8 8 63 8 8 8 63 6 6 6 47 2 2 2 15 2 2 2 15 
0 0 0 0 0 0 0 0 0 0 0 0 6 6 6 47 19 19 19 143 27 27 27 207 31 31 31 239 65 35 45 255 127 39 67 255 159 40 78 255 159 40 78 255 162 43 76 255 170 47 73 255 173 50 72 255 173 50 72 255 162 47 71 255 139 41 68 255 127 39 67 255 127 39 67 255 102 35 56 239 51 28 35 207 25 25 25 191 25 25 25 191 25 25 25 191 25 25 25 191 25 25 25 191 25 25 25 191 25 25 25 191 25 25 25 191 19 19 19 143 6 6 6 47 6 6 6 47 
0 0 0 0 0 0 0 0 0 0 0 0 8 8 8 63 25 25 25 191 36 42 40 255 41 58 54 255 67 68 69 255 114 71 86 255 137 72 94 255 137 72 94 255 137 72 94 255 137 72 94 255 137 72 94 255 137 72 94 255 137 72 94 255 137 72 94 255 137 72 94 255 137 72 94 255 114 71 86 255 67 68 69 255 43 67 61 255 43 67 61 255 43 67 61 255 43 67 61 255 43 67 61 255 43 67 61 255 43 67 61 255 43 67 61 255 34 52 48 207 17 23 21 111 17 23 21 111 
0 0 0 0 0 0 0 0 0 0 0 0 8 8 8 63 25 25 25 191 41 58 54 255 55 108 95 255 71 134 119 255 86 135 124 255 94 135 127 255 94 135 127 255 94 135 127 255 94 135 127 255 94 135 127 255 94 135 127 255 94 135 127 255 94 135 127 255 94 135 127 255 94 135 127 255 86 135 124 255 71 134 119 255 63 133 116 255 63 133 116 255 63 133 116 255 63 133 116 255 63 133 116 255 63 133 116 255 63 133 116 255 63 133 116 255 53 106 93 239 34 52 48 207 34 52 48 207 
0 0 0 0 0 0 0 0 0 0 0 0 8 8 8 63 25 25 25 191 43 67 61 255 63 133 116 255 73 167 144 255 73 167 144 255 73 167 144 255 73 167 144 255 73 167 144 255 73 167 144 255 73 167 144 255 73 167 144 255 73 167 144 255 73 167 144 255 73 167 144 255 73 167 144 255 73 167 144 255 73 167 144 255 73 167 144 255 73 167 144 255 73 167 144 255 73 167 144 255 73 167 144 255 73 167 144 255 73 167 144 255 73 167 144 255 63 133 116 255 43 67 61 255 43 67 61 255 
0 0 0 0 0 0 0 0 0 0 0 0 8 8 8 63 25 25 25 191 43 67 61 255 63 133 116 255 73 167 144 255 73 167 144 255 73 167 144 255 73 167 144 255 73 167 144 255 73 167 144 255 73 167 144 255 73 167 144 255 73 167 144 255 73 167 144 255 73 167 144 255 73 167 144 255 73 167 144 255 73 167 144 255 73 167 144 255 73 167 144 255 73 167 144 255 73 167 144 255 73 167 144 255 73 167 144 255 73 167 144 255 73 167 144 255 63 133 116 255 43 67 61 255 43 67 61 255 
0 0 0 0 0 0 0 0 0 0 0 0 8 8 8 63 25 25 25 191 43 67 61 255 63 133 116 255 73 167 144 255 73 167 144 255 73 167 144 255 73 167 144 255 68 156 134 255 59 135 116 255 54 125 108 255 54 125 108 255 59 135 117 255 68 156 135 255 73 167 144 255 73 167 144 255 68 156 135 255 59 135 117 255 59 135 117 255 68 156 135 255 73 167 144 255 73 167 144 255 73 167 144 255 73 167 144 255 68 156 135 255 59 135 117 255 49 102 89 255 39 56 52 255 39 56 52 255 
0 0 0 0 0 0 0 0 0 0 0 0 8 8 8 63 25 25 25 191 43 67 61 255 63 133 116 255 73 167 144 255 73 167 144 255 73 167 144 255 73 167 144 255 59 135 116 255 31 73 62 255 18 41 36 255 18 41 36 255 31 73 63 255 59 135 117 255 73 167 144 255 73 167 144 255 59 135 117 255 31 73 63 255 31 73 63 255 59 135 117 255 73 167 144 255 73 167 144 255 73 167 144 255 73 167 144 255 59 135 117 255 31 73 63 255 22 39 35 255 30 35 34 255 30 35 34 255 
0 0 0 0 0 0 0 0 0 0 0 0 8 8 8 63 25 25 25 191 43 67 61 255 63 133 116 255 73 167 144 255 73 167 144 255 73 167 144 255 73 167 144 255 54 125 107 255 18 41 35 255 0 0 0 255 0 0 0 255 18 41 36 255 54 125 108 255 73 167 144 255 73 167 144 255 58 132 116 255 30 62 61 255 30 62 61 255 58 132 116 255 73 167 144 255 73 167 144 255 73 167 144 255 73 167 144 255 58 132 116 255 30 62 61 255 20 29 34 255 29 32 34 255 29 32 34 255 
0 0 0 0 0 0 0 0 0 0 0 0 8 8 8 63 25 25 25 191 43 67 61 255 63 133 116 255 73 167 144 255 73 167 144 255 73 167 144 255 73 167 144 255 54 125 107 255 18 41 35 255 0 0 0 255 0 0 0 255 18 41 36 255 54 125 108 255 73 167 144 255 73 167 144 255 66 146 133 255 54 104 113 255 54 104 113 255 66 146 133 255 73 167 144 255 73 167 144 255 73 167 144 255 73 167 144 255 66 146 133 255 54 104 113 255 45 71 85 255 37 46 51 255 37 46 51 255 
0 0 0 0 0 0 0 0 0 0 0 0 8 8 8 63 25 25 25 191 43 67 61 255 63 133 116 255 73 167 144 255 73 167 144 255 73 167 144 255 73 167 144 255 58 132 116 255 30 62 61 255 16 28 34 255 16 28 34 255 30 62 61 255 58 132 116 255 73 167 144 255 73 167 144 255 71 156 142 255 68 136 140 255 68 136 140 255 71 156 142 255 73 167 144 255 73 167 144 255 73 167 144 255 73 167 144 255 71 156 142 255 68 136 140 255 58 102 112 255 42 56 60 255 42 56 60 255 
0 0 0 0 0 0 0 0 0 0 0 0 8 8 8 63 25 25 25 191 43 67 61 255 63 133 116 255 73 167 144 255 73 167 144 255 73 167 144 255 73 167 144 255 66 146 133 255 54 104 113 255 48 84 102 255 48 84 102 255 54 104 113 255 66 146 133 255 73 167 144 255 73 167 144 255 72 163 143 255 71 156 142 255 71 156 142 255 72 163 143 255 73 167 144 255 73 167 144 255 73 167 144 255 73 167 144 255 72 163 143 255 71 156 142 255 61 123 115 255 43 63 61 255 43 63 61 255 
0 0 0 0 0 0 0 0 0 0 0 0 6 6 6 47 19 19 19 143 34 52 48 207 53 106 93 239 65 142 123 255 70 158 137 255 73 167 144 255 73 167 144 255 71 156 142 255 68 136 140 255 66 125 138 255 66 125 138 255 68 136 140 255 71 156 142 255 73 167 144 255 73 167 144 255 73 167 144 255 73 167 144 255 73 167 144 255 73 167 144 255 73 167 144 255 73 167 144 255 73 167 144 255 73 167 144 255 73 167 144 255 73 167 144 255 63 133 116 255 43 67 61 255 43 67 61 255 
0 0 0 0 0 0 0 0 0 0 0 0 2 2 2 15 6 6 6 47 17 23 21 111 34 52 48 207 51 92 82 255 65 142 123 255 73 167 144 255 73 167 144 255 72 163 143 255 71 156 142 255 71 153 142 255 71 153 142 255 71 156 142 255 72 163 143 255 73 167 144 255 73 167 144 255 73 167 144 255 73 167 144 255 73 167 144 255 73 167 144 255 73 167 144 255 73 167 144 255 73 167 144 255 73 167 144 255 73 167 144 255 73 167 144 255 63 133 116 255 43 67 61 255 43 67 61 255 
0 0 0 0 0 0 0 0 0 0 0 0 0 0 0 0 0 0 0 0 8 8 8 63 25 25 25 191 43 67 61 255 63 133 116 255 73 167 144 255 73 167 144 255 73 167 144 255 73 167 144 255 73 167 144 255 73 167 144 255 73 167 144 255 73 167 144 255 72 163 143 255 71 156 142 255 69 150 138 255 68 144 131 255 66 141 128 255 66 141 128 255 66 141 128 255 66 141 128 255 66 139 125 255 64 135 119 255 63 133 116 255 63 133 116 255 55 108 95 255 41 58 54 255 41 58 54 255 
0 0 0 0 0 0 0 0 0 0 0 0 0 0 0 0 0 0 0 0 8 8 8 63 25 25 25 191 43 67 61 255 63 133 116 255 73 167 144 255 73 167 144 255 73 167 144 255 73 167 144 255 73 167 144 255 73 167 144 255 73 167 144 255 73 167 144 255 71 156 142 255 68 136 140 255 64 116 128 255 58 99 107 255 54 90 97 255 54 90 97 255 54 90 97 255 54 90 97 255 52 84 88 255 46 73 70 255 43 67 61 255 43 67 61 255 41 58 54 255 36 42 40 255 36 42 40 255 
0 0 0 0 0 0 0 0 0 0 0 0 0 0 0 0 0 0 0 0 8 8 8 63 25 25 25 191 43 67 61 255 63 133 116 255 73 167 144 255 73 167 144 255 73 167 144 255 73 167 144 255 73 167 144 255 73 167 144 255 73 167 144 255 73 167 144 255 80 158 144 255 94 140 144 255 98 122 134 255 92 105 114 255 89 96 103 255 89 96 103 255 78 86 95 255 56 67 78 255 40 49 58 239 30 33 36 207 25 25 25 191 25 25 25 191 25 25 25 191 25 25 25 191 25 25 25 191 
0 0 0 0 0 0 0 0 0 0 0 0 0 0 0 0 0 0 0 0 8 8 8 63 25 25 25 191 43 67 61 255 63 133 116 255 73 167 144 255 73 167 144 255 73 167 144 255 73 167 144 255 73 167 144 255 73 167 144 255 73 167 144 255 73 167 144 255 98 168 148 255 149 170 156 255 173 168 157 255 171 162 150 255 170 159 147 255 170 159 147 255 137 130 121 255 70 71 71 255 30 33 36 207 15 16 17 111 8 8 8 63 8 8 8 63 8 8 8 63 8 8 8 63 8 8 8 63 
0 0 0 0 0 0 0 0 0 0 0 0 0 0 0 0 0 0 0 0 8 8 8 63 25 25 25 191 43 67 61 255 63 133 116 255 73 167 144 255 73 167 144 255 73 167 144 255 73 167 144 255 73 167 144 255 73 167 144 255 81 168 145 255 98 171 148 255 133 177 154 255 185 186 164 255 211 191 169 255 211 191 169 255 211 191 169 255 211 191 169 255 166 151 135 255 78 73 67 255 25 25 25 191 8 8 8 63 0 0 0 0 0 0 0 0 0 0 0 0 0 0 0 0 0 0 0 0 
0 0 0 0 0 0 0 0 0 0 0 0 0 0 0 0 0 0 0 0 8 8 8 63 25 25 25 191 43 67 61 255 63 133 116 255 73 167 144 255 73 167 144 255 73 167 144 255 73 167 144 255 73 167 144 255 73 167 144 255 98 171 148 255 150 180 158 255 185 186 164 255 202 189 167 255 211 191 169 255 211 191 169 255 211 191 169 255 211 191 169 255 166 151 135 255 78 73 67 255 25 25 25 191 8 8 8 63 0 0 0 0 0 0 0 0 0 0 0 0 0 0 0 0 0 0 0 0 
0 0 0 0 0 0 0 0 0 0 0 0 2 2 2 15 6 6 6 47 14 14 14 111 27 27 27 207 43 67 61 255 63 133 116 255 73 167 144 255 73 167 144 255 73 167 144 255 73 167 144 255 73 167 144 255 73 167 144 255 107 173 150 255 176 185 162 255 211 191 169 255 211 191 169 255 211 191 169 255 211 191 169 255 211 191 169 255 211 191 169 255 166 151 135 255 78 73 67 255 25 25 25 191 8 8 8 63 0 0 0 0 0 0 0 0 0 0 0 0 0 0 0 0 0 0 0 0 
0 0 0 0 0 0 0 0 0 0 0 0 6 6 6 47 19 19 19 143 27 27 27 207 31 31 31 239 43 67 61 255 63 133 116 255 73 167 144 255 73 167 144 255 73 167 144 255 73 167 144 255 73 167 144 255 73 167 144 255 107 173 150 255 176 185 162 255 211 191 169 255 211 191 169 255 211 191 169 255 211 191 169 255 211 191 169 255 211 191 169 255 166 151 135 255 78 73 67 255 25 25 25 191 8 8 8 63 0 0 0 0 0 0 0 0 0 0 0 0 0 0 0 0 0 0 0 0 
2 2 2 15 2 2 2 15 6 6 6 47 17 23 21 111 34 52 48 207 43 67 61 255 43 67 61 255 52 83 76 255 70 117 105 255 79 134 119 255 79 134 119 255 79 134 119 255 79 134 119 255 79 134 119 255 79 134 119 255 105 138 124 255 156 147 133 255 182 152 138 255 182 152 138 255 182 152 138 255 182 152 138 255 182 152 138 255 182 152 138 255 145 122 112 255 71 63 60 255 25 25 25 191 8 8 8 63 0 0 0 0 0 0 0 0 0 0 0 0 0 0 0 0 0 0 0 0 
6 6 6 47 6 6 6 47 19 19 19 143 34 52 48 207 53 106 93 239 63 133 116 255 63 133 116 255 70 117 105 255 84 84 82 255 91 67 71 255 91 67 71 255 91 67 71 255 91 67 71 255 91 67 71 255 91 67 71 255 100 69 72 255 117 72 75 255 126 73 77 255 126 73 77 255 126 73 77 255 126 73 77 255 126 73 77 255 126 73 77 255 103 63 66 255 57 43 44 255 25 25 25 191 8 8 8 63 0 0 0 0 0 0 0 0 0 0 0 0 0 0 0 0 0 0 0 0 
8 8 8 63 8 8 8 63 25 25 25 191 41 58 54 255 55 108 95 255 63 133 116 255 63 133 116 255 70 117 105 255 84 84 82 255 96 61 64 255 104 48 51 255 109 42 45 255 109 42 45 255 109 42 45 255 109 42 45 255 109 42 45 255 109 42 45 255 109 42 45 255 109 42 45 255 109 42 45 255 109 42 45 255 104 48 51 255 96 61 64 255 77 59 61 255 48 42 43 255 25 25 25 191 8 8 8 63 0 0 0 0 0 0 0 0 0 0 0 0 0 0 0 0 0 0 0 0 
8 8 8 63 8 8 8 63 25 25 25 191 36 42 40 255 41 58 54 255 43 67 61 255 43 67 61 255 52 83 76 255 70 117 105 255 92 114 100 255 118 76 61 255 131 56 42 255 131 56 42 255 131 56 42 255 131 56 42 255 131 56 42 255 131 56 42 255 131 56 42 255 131 56 42 255 131 56 42 255 131 56 42 255 118 76 61 255 92 114 100 255 67 109 98 255 45 59 55 255 25 25 25 191 8 8 8 63 0 0 0 0 0 0 0 0 0 0 0 0 0 0 0 0 0 0 0 0 
6 6 6 47 6 6 6 47 19 19 19 143 25 25 25 191 25 25 25 191 27 27 27 207 31 31 31 239 43 67 61 255 63 133 116 255 86 147 124 255 112 109 86 255 123 81 59 255 118 64 46 255 122 58 39 255 136 62 40 255 143 64 40 255 143 64 40 255 136 62 40 255 122 58 39 255 118 64 46 255 123 81 59 255 112 109 86 255 86 147 124 255 63 133 116 255 43 67 61 255 25 25 25 191 8 8 8 63 0 0 0 0 0 0 0 0 0 0 0 0 0 0 0 0 0 0 0 0 
2 2 2 15 2 2 2 15 6 6 6 47 8 8 8 63 8 8 8 63 14 14 14 111 27 27 27 207 43 67 61 255 63 133 116 255 77 160 137 255 86 147 124 255 83 116 97 255 68 66 56 255 81 47 37 255 122 58 39 255 143 64 40 255 143 64 40 255 122 58 39 255 81 47 37 255 68 66 56 255 83 116 97 255 86 147 124 255 77 160 137 255 63 133 116 255 43 67 61 255 25 25 25 191 8 8 8 63 0 0 0 0 0 0 0 0 0 0 0 0 0 0 0 0 0 0 0 0 
0 0 0 0 0 0 0 0 0 0 0 0 0 0 0 0 0 0 0 0 8 8 8 63 25 25 25 191 41 58 54 255 55 108 95 255 63 133 116 255 63 133 116 255 53 106 93 239 34 52 48 207 48 33 28 207 93 48 35 239 115 56 39 255 115 56 39 255 95 50 37 255 54 39 35 255 41 58 54 255 55 108 95 255 63 133 116 255 63 133 116 255 53 106 93 239 34 52 48 207 19 19 19 143 6 6 6 47 0 0 0 0 0 0 0 0 0 0 0 0 0 0 0 0 0 0 0 0 
0 0 0 0 0 0 0 0 0 0 0 0 0 0 0 0 0 0 0 0 8 8 8 63 25 25 25 191 36 42 40 255 41 58 54 255 43 67 61 255 43 67 61 255 34 52 48 207 17 23 21 111 21 16 15 111 48 33 28 207 61 41 35 255 61 41 35 255 54 39 35 255 40 35 34 255 36 42 40 255 41 58 54 255 43 67 61 255 43 67 61 255 34 52 48 207 17 23 21 111 6 6 6 47 2 2 2 15 0 0 0 0 0 0 0 0 0 0 0 0 0 0 0 0 0 0 0 0 
0 0 0 0 0 0 0 0 0 0 0 0 0 0 0 0 0 0 0 0 8 8 8 63 25 25 25 191 36 42 40 255 41 58 54 255 43 67 61 255 43 67 61 255 34 52 48 207 17 23 21 111 21 16 15 111 48 33 28 207 61 41 35 255 61 41 35 255 54 39 35 255 40 35 34 255 36 42 40 255 41 58 54 255 43 67 61 255 43 67 61 255 34 52 48 207 17 23 21 111 6 6 6 47 2 2 2 15 0 0 0 0 0 0 0 0 0 0 0 0 0 0 0 0 0 0 0 0 
