0 0 0 0 0 0 0 0 0 0 0 0 0 0 0 0 0 0 0 0 0 0 0 0 0 0 0 0 0 0 0 0 0 0 0 0 0 0 0 0 0 0 0 0 0 0 0 0 0 0 0 0 0 0 0 0 0 0 0 0 0 0 0 0 0 0 0 0 0 0 0 0 0 0 0 0 0 0 0 0 0 0 0 0 0 0 0 0 0 0 0 0 0 0 0 0 0 0 0 0 0 0 0 0 0 0 0 0 0 0 0 0 0 0 0 0 0 0 0 0 0 0 0 0 0 0 0 0 
0 0 0 0 0 0 0 0 0 0 0 0 0 0 0 0 0 0 0 0 0 0 0 0 0 0 0 0 0 0 0 0 0 0 0 0 0 0 0 0 0 0 0 0 0 0 0 0 0 0 0 0 0 0 0 0 0 0 0 0 0 0 0 0 0 0 0 0 0 0 0 0 0 0 0 0 0 0 0 0 0 0 0 0 0 0 0 0 0 0 0 0 0 0 0 0 0 0 0 0 0 0 0 0 0 0 0 0 0 0 0 0 0 0 0 0 0 0 0 0 0 0 0 0 0 0 0 0 
0 0 0 0 0 0 0 0 0 0 0 0 0 0 0 0 0 0 0 0 0 0 0 0 0 0 0 0 0 0 0 0 0 0 0 0 0 0 0 0 0 0 0 0 0 0 0 0 0 0 0 0 0 0 0 0 0 0 0 0 0 0 0 0 0 0 0 0 0 0 0 0 0 0 0 0 0 0 0 0 0 0 0 0 0 0 0 0 0 0 0 0 0 0 0 0 0 0 0 0 0 0 0 0 0 0 0 0 0 0 0 0 0 0 0 0 0 0 0 0 0 0 0 0 0 0 0 0 
0 0 0 0 0 0 0 0 0 0 0 0 0 0 0 0 0 0 0 0 0 0 0 0 0 0 0 0 0 0 0 0 0 0 0 0 0 0 0 0 0 0 0 0 0 0 0 0 0 0 0 0 0 0 0 0 0 0 0 0 0 0 0 0 0 0 0 0 0 0 0 0 0 0 0 0 0 0 0 0 0 0 0 0 0 0 0 0 0 0 0 0 0 0 0 0 0 0 0 0 0 0 0 0 0 0 0 0 0 0 0 0 0 0 0 0 0 0 0 0 0 0 0 0 0 0 0 0 
0 0 0 0 0 0 0 0 0 0 0 0 0 0 0 0 0 0 0 0 0 0 0 0 0 0 0 0 0 0 0 0 0 0 0 0 0 0 0 0 0 0 0 0 0 0 0 0 0 0 0 0 0 0 0 0 0 0 0 0 0 0 0 0 0 0 0 0 0 0 0 0 0 0 0 0 0 0 0 0 0 0 0 0 0 0 0 0 0 0 0 0 0 0 0 0 0 0 0 0 0 0 0 0 0 0 0 0 0 0 0 0 0 0 0 0 0 0 0 0 0 0 0 0 0 0 0 0 
0 0 0 0 0 0 0 0 0 0 0 0 0 0 0 0 0 0 0 0 0 0 0 0 0 0 0 0 0 0 0 0 0 0 0 0 0 0 0 0 0 0 0 0 0 0 0 0 0 0 0 0 0 0 0 0 0 0 0 0 0 0 0 0 0 0 0 0 0 0 0 0 0 0 0 0 0 0 0 0 0 0 0 0 0 0 0 0 0 0 0 0 0 0 0 0 0 0 0 0 0 0 0 0 0 0 0 0 0 0 0 0 0 0 0 0 0 0 0 0 0 0 0 0 0 0 0 0 
0 0 0 0 0 0 0 0 0 0 0 0 0 0 0 0 0 0 0 0 0 0 0 0 0 0 0 0 0 0 0 0 0 0 0 0 0 0 0 0 0 0 0 0 0 0 0 0 0 0 0 0 0 0 0 0 0 0 0 0 0 0 0 0 0 0 0 0 0 0 0 0 0 0 0 0 0 0 0 0 0 0 0 0 0 0 0 0 0 0 0 0 0 0 0 0 0 0 0 0 0 0 0 0 0 0 0 0 0 0 0 0 0 0 0 0 0 0 0 0 0 0 0 0 0 0 0 0 
0 0 0 0 0 0 0 0 0 0 0 0 0 0 0 0 0 0 0 0 0 0 0 0 0 0 0 0 0 0 0 0 0 0 0 0 0 0 0 0 0 0 0 0 0 0 0 0 0 0 0 0 0 0 0 0 0 0 0 0 0 0 0 0 0 0 0 0 0 0 0 0 0 0 0 0 0 0 0 0 0 0 0 0 0 0 0 0 0 0 0 0 0 0 0 0 0 0 0 0 0 0 0 0 0 0 0 0 0 0 0 0 0 0 0 0 0 0 0 0 0 0 0 0 0 0 0 0 
0 0 0 0 0 0 0 0 0 0 0 0 0 0 0 0 0 0 0 0 0 0 0 0 0 0 0 0 0 0 0 0 0 0 0 0 0 0 0 0 0 0 0 0 0 0 0 0 0 0 0 0 0 0 0 0 0 0 0 0 0 0 0 0 0 0 0 0 0 0 0 0 0 0 0 0 0 0 0 0 0 0 0 0 0 0 0 0 0 0 0 0 0 0 0 0 0 0 0 0 0 0 0 0 0 0 0 0 0 0 0 0 0 0 0 0 0 0 0 0 0 0 0 0 0 0 0 0 
0 0 0 0 0 0 0 0 0 0 0 0 0 0 0 0 0 0 0 0 0 0 0 0 0 0 0 0 0 0 0 0 0 0 0 0 0 0 0 0 0 0 0 0 0 0 0 0 0 0 0 0 0 0 0 0 0 0 0 0 0 0 0 0 0 0 0 0 0 0 0 0 0 0 0 0 0 0 0 0 0 0 0 0 0 0 0 0 0 0 0 0 0 0 0 0 0 0 0 0 0 0 0 0 0 0 0 0 0 0 0 0 0 0 0 0 0 0 0 0 0 0 0 0 0 0 0 0 
0 0 0 0 0 0 0 0 0 0 0 0 0 0 0 0 0 0 0 0 0 0 0 0 0 0 0 0 0 0 0 0 0 0 0 0 0 0 0 0 0 0 0 0 0 0 0 0 0 0 0 0 0 0 0 0 0 0 0 0 0 0 0 0 0 0 0 0 0 0 0 0 0 0 0 0 0 0 0 0 0 0 0 0 0 0 0 0 0 0 0 0 0 0 0 0 0 0 0 0 0 0 0 0 0 0 0 0 0 0 0 0 0 0 0 0 0 0 0 0 0 0 0 0 0 0 0 0 
0 0 0 0 0 0 0 0 0 0 0 0 0 0 0 0 0 0 0 0 0 0 0 0 0 0 0 0 0 0 0 0 0 0 0 0 0 0 0 0 0 0 0 0 0 0 0 0 0 0 0 0 0 0 0 0 0 0 0 0 0 0 0 0 0 0 0 0 0 0 0 0 0 0 0 0 0 0 0 0 0 0 0 0 0 0 0 0 0 0 0 0 0 0 0 0 0 0 0 0 0 0 0 0 0 0 0 0 0 0 0 0 0 0 0 0 0 0 0 0 0 0 0 0 0 0 0 0 
0 0 0 0 0 0 0 0 0 0 0 0 0 0 0 0 0 0 0 0 0 0 0 0 0 0 0 0 0 0 0 0 0 0 0 0 0 0 0 0 0 0 0 0 0 0 0 0 0 0 0 0 0 0 0 0 0 0 0 0 0 0 0 0 0 0 0 0 0 0 0 0 0 0 0 0 0 0 0 0 0 0 0 0 0 0 0 0 0 0 0 0 0 0 0 0 0 0 0 0 0 0 0 0 0 0 0 0 0 0 0 0 0 0 0 0 0 0 0 0 0 0 0 0 0 0 0 0 
0 0 0 0 0 0 0 0 0 0 0 0 0 0 0 0 0 0 0 0 0 0 0 0 0 0 0 0 0 0 0 0 0 0 0 0 0 0 0 0 0 0 0 0 0 0 0 0 0 0 0 0 0 0 0 0 0 0 0 0 0 0 0 0 0 0 0 0 0 0 0 0 0 0 0 0 0 0 0 0 0 0 0 0 0 0 0 0 0 0 0 0 0 0 0 0 0 0 0 0 0 0 0 0 0 0 0 0 0 0 0 0 0 0 0 0 0 0 0 0 0 0 0 0 0 0 0 0 
0 0 0 0 0 0 0 0 0 0 0 0 0 0 0 0 0 0 0 0 0 0 0 0 0 0 0 0 0 0 0 0 0 0 0 0 0 0 0 0 0 0 0 0 0 0 0 0 0 0 0 0 0 0 0 0 0 0 0 0 0 0 0 0 0 0 0 0 0 0 0 0 0 0 0 0 0 0 0 0 0 0 0 0 0 0 0 0 0 0 0 0 0 0 0 0 0 0 0 0 0 0 0 0 0 0 0 0 0 0 0 0 0 0 0 0 0 0 0 0 0 0 0 0 0 0 0 0 
0 0 0 0 0 0 0 0 0 0 0 0 0 0 0 0 0 0 0 0 0 0 0 0 0 0 0 0 0 0 0 0 0 0 0 0 0 0 0 0 0 0 0 0 0 0 0 0 0 0 0 0 0 0 0 0 0 0 0 0 0 0 0 0 0 0 0 0 0 0 0 0 0 0 0 0 0 0 0 0 0 0 0 0 0 0 0 0 0 0 0 0 0 0 0 0 0 0 0 0 0 0 0 0 0 0 0 0 0 0 0 0 0 0 0 0 0 0 0 0 0 0 0 0 0 0 0 0 
0 0 0 0 0 0 0 0 0 0 0 0 0 0 0 0 0 0 0 0 0 0 0 0 0 0 0 0 0 0 0 0 0 0 0 0 0 0 0 0 0 0 0 0 0 0 0 0 0 0 0 0 0 0 0 0 0 0 0 0 0 0 0 0 0 0 0 0 0 0 0 0 0 0 0 0 0 0 0 0 0 0 0 0 0 0 0 0 0 0 0 0 0 0 0 0 0 0 0 0 0 0 0 0 0 0 0 0 0 0 0 0 0 0 0 0 0 0 0 0 0 0 0 0 0 0 0 0 
2 2 2 15 2 2 2 15 6 6 6 47 6 6 6 47 2 2 2 15 0 0 0 0 0 0 0 0 0 0 0 0 0 0 0 0 0 0 0 0 0 0 0 0 2 2 2 15 6 6 6 47 6 6 6 47 2 2 2 15 0 0 0 0 0 0 0 0 0 0 0 0 0 0 0 0 0 0 0 0 0 0 0 0 0 0 0 0 0 0 0 0 0 0 0 0 0 0 0 0 0 0 0 0 0 0 0 0 0 0 0 0 0 0 0 0 0 0 0 0 0 0 0 0 0 0 0 0 
6 6 6 47 6 6 6 47 19 19 19 143 19 19 19 143 6 6 6 47 0 0 0 0 0 0 0 0 0 0 0 0 0 0 0 0 0 0 0 0 0 0 0 0 6 6 6 47 19 19 19 143 19 19 19 143 6 6 6 47 0 0 0 0 0 0 0 0 0 0 0 0 0 0 0 0 0 0 0 0 0 0 0 0 0 0 0 0 0 0 0 0 0 0 0 0 0 0 0 0 0 0 0 0 0 0 0 0 0 0 0 0 0 0 0 0 0 0 0 0 0 0 0 0 0 0 0 0 
8 8 8 63 8 8 8 63 25 25 25 191 27 27 27 207 14 14 14 111 6 6 6 47 2 2 2 15 0 0 0 0 0 0 0 0 0 0 0 0 0 0 0 0 8 8 8 63 25 25 25 191 27 27 27 207 14 14 14 111 6 6 6 47 2 2 2 15 0 0 0 0 0 0 0 0 0 0 0 0 0 0 0 0 0 0 0 0 0 0 0 0 0 0 0 0 0 0 0 0 0 0 0 0 0 0 0 0 0 0 0 0 0 0 0 0 0 0 0 0 0 0 0 0 0 0 0 0 
8 8 8 63 8 8 8 63 25 25 25 191 31 31 31 239 27 27 27 207 19 19 19 143 6 6 6 47 0 0 0 0 0 0 0 0 0 0 0 0 0 0 0 0 8 8 8 63 25 25 25 191 31 31 31 239 27 27 27 207 19 19 19 143 6 6 6 47 0 0 0 0 0 0 0 0 0 0 0 0 0 0 0 0 0 0 0 0 0 0 0 0 0 0 0 0 0 0 0 0 0 0 0 0 0 0 0 0 0 0 0 0 0 0 0 0 0 0 0 0 0 0 0 0 0 0 0 0 
8 8 8 63 8 8 8 63 25 25 25 191 35 39 36 255 39 49 42 255 32 42 36 207 16 19 17 111 8 8 8 63 8 8 8 63 6 6 6 47 2 2 2 15 8 8 8 63 25 25 25 191 35 39 36 255 39 49 42 255 32 42 36 207 16 19 17 111 8 8 8 63 8 8 8 63 6 6 6 47 2 2 2 15 0 0 0 0 0 0 0 0 0 0 0 0 0 0 0 0 0 0 0 0 0 0 0 0 0 0 0 0 0 0 0 0 0 0 0 0 0 0 0 0 0 0 0 0 
8 8 8 63 8 8 8 63 25 25 25 191 39 49 42 255 49 79 59 255 47 77 57 239 32 42 36 207 25 25 25 191 25 25 25 191 19 19 19 143 6 6 6 47 8 8 8 63 25 25 25 191 39 49 42 255 49 79 59 255 47 77 57 239 32 42 36 207 25 25 25 191 25 25 25 191 19 19 19 143 6 6 6 47 0 0 0 0 0 0 0 0 0 0 0 0 0 0 0 0 0 0 0 0 0 0 0 0 0 0 0 0 0 0 0 0 0 0 0 0 0 0 0 0 0 0 0 0 
8 8 8 63 8 8 8 63 25 25 25 191 40 54 45 255 54 94 67 255 55 99 70 255 45 69 53 255 40 54 45 255 40 54 45 255 32 42 36 207 16 19 17 111 14 14 14 111 27 27 27 207 40 51 45 255 52 85 68 255 52 87 71 255 42 56 54 255 37 41 45 255 37 41 45 255 30 33 36 207 15 16 17 111 8 8 8 63 8 8 8 63 8 8 8 63 8 8 8 63 8 8 8 63 8 8 8 63 8 8 8 63 8 8 8 63 6 6 6 47 2 2 2 15 2 2 2 15 
8 8 8 63 8 8 8 63 25 25 25 191 40 54 45 255 54 94 67 255 59 109 76 255 55 99 70 255 54 94 67 255 54 94 67 255 47 77 57 239 32 42 36 207 27 27 27 207 31 31 31 239 38 44 45 255 47 66 69 255 50 72 78 255 46 62 72 255 45 57 69 255 45 57 69 255 40 49 58 239 30 33 36 207 25 25 25 191 25 25 25 191 25 25 25 191 25 25 25 191 25 25 25 191 25 25 25 191 25 25 25 191 25 25 25 191 19 19 19 143 6 6 6 47 6 6 6 47 
6 6 6 47 6 6 6 47 19 19 19 143 32 42 36 207 47 77 57 239 56 103 70 255 61 119 74 255 64 128 77 255 64 128 77 255 59 112 68 255 49 82 51 255 44 67 43 255 44 67 43 255 47 73 52 255 52 84 70 255 55 90 79 255 55 90 79 255 55 90 79 255 55 90 79 255 52 84 70 255 47 73 52 255 44 67 43 255 44 67 43 255 44 67 43 255 44 67 43 255 44 67 43 255 44 67 43 255 44 67 43 255 44 67 43 255 35 52 34 207 17 23 17 111 17 23 17 111 
2 2 2 15 2 2 2 15 6 6 6 47 16 19 17 111 32 42 36 207 48 79 52 255 63 129 66 255 71 154 73 255 71 154 73 255 69 148 70 255 66 138 64 255 64 133 61 255 64 133 61 255 65 135 64 255 67 139 70 255 68 141 73 255 68 141 73 255 68 141 73 255 68 141 73 255 67 139 70 255 65 135 64 255 64 133 61 255 64 133 61 255 64 133 61 255 64 133 61 255 64 133 61 255 64 133 61 255 64 133 61 255 64 133 61 255 54 106 52 239 35 52 34 207 35 52 34 207 
0 0 0 0 0 0 0 0 0 0 0 0 8 8 8 63 25 25 25 191 44 67 43 255 64 133 61 255 75 167 71 255 75 167 71 255 75 167 71 255 75 167 71 255 75 167 71 255 75 167 71 255 75 167 71 255 75 167 71 255 75 167 71 255 75 167 71 255 75 167 71 255 75 167 71 255 75 167 71 255 75 167 71 255 75 167 71 255 75 167 71 255 75 167 71 255 75 167 71 255 75 167 71 255 75 167 71 255 75 167 71 255 75 167 71 255 64 133 61 255 44 67 43 255 44 67 43 255 
0 0 0 0 0 0 0 0 0 0 0 0 8 8 8 63 25 25 25 191 44 67 43 255 64 133 61 255 75 167 71 255 75 167 71 255 75 167 71 255 75 167 71 255 75 167 71 255 75 167 71 255 75 167 71 255 75 167 71 255 75 167 71 255 75 167 71 255 75 167 71 255 75 167 71 255 75 167 71 255 75 167 71 255 75 167 71 255 75 167 71 255 75 167 71 255 75 167 71 255 75 167 71 255 75 167 71 255 75 167 71 255 75 167 71 255 64 133 61 255 44 67 43 255 44 67 43 255 
0 0 0 0 0 0 0 0 0 0 0 0 8 8 8 63 25 25 25 191 44 67 43 255 64 133 61 255 75 167 71 255 75 167 71 255 75 167 71 255 75 167 71 255 70 156 66 255 60 135 57 255 56 125 53 255 56 125 53 255 60 135 57 255 70 156 66 255 75 167 71 255 75 167 71 255 70 156 66 255 60 135 57 255 60 135 57 255 70 156 66 255 75 167 71 255 75 167 71 255 75 167 71 255 75 167 71 255 70 156 66 255 60 135 57 255 50 102 48 255 39 56 38 255 39 56 38 255 
0 0 0 0 0 0 0 0 0 0 0 0 8 8 8 63 25 25 25 191 44 67 43 255 64 133 61 255 75 167 71 255 75 167 71 255 75 167 71 255 75 167 71 255 60 135 57 255 32 73 31 255 18 41 17 255 18 41 17 255 32 73 31 255 60 135 57 255 75 167 71 255 75 167 71 255 60 135 57 255 32 73 31 255 32 73 31 255 60 135 57 255 75 167 71 255 75 167 71 255 75 167 71 255 75 167 71 255 60 135 57 255 32 73 31 255 22 39 21 255 30 35 29 255 30 35 29 255 
0 0 0 0 0 0 0 0 0 0 0 0 8 8 8 63 25 25 25 191 44 67 43 255 64 133 61 255 75 167 71 255 75 167 71 255 75 167 71 255 75 167 71 255 56 125 53 255 18 41 17 255 0 0 0 255 0 0 0 255 18 41 17 255 56 125 53 255 75 167 71 255 75 167 71 255 60 132 58 255 30 63 32 255 30 63 32 255 60 132 58 255 75 167 71 255 75 167 71 255 75 167 71 255 75 167 71 255 60 132 58 255 30 63 32 255 19 30 23 255 29 32 30 255 29 32 30 255 
0 0 0 0 0 0 0 0 0 0 0 0 8 8 8 63 25 25 25 191 44 67 43 255 64 133 61 255 75 167 71 255 75 167 71 255 75 167 71 255 75 167 71 255 56 125 53 255 18 41 17 255 0 0 0 255 0 0 0 255 18 41 17 255 56 125 53 255 75 167 71 255 75 167 71 255 67 146 68 255 53 106 62 255 53 106 62 255 67 146 68 255 75 167 71 255 75 167 71 255 75 167 71 255 75 167 71 255 67 146 68 255 53 106 62 255 42 73 52 255 36 47 40 255 36 47 40 255 
0 0 0 0 0 0 0 0 0 0 0 0 8 8 8 63 25 25 25 191 44 67 43 255 64 133 61 255 75 167 71 255 75 167 71 255 75 167 71 255 75 167 71 255 60 132 58 255 30 63 32 255 15 28 19 255 15 28 19 255 30 63 32 255 60 132 58 255 75 167 71 255 75 167 71 255 72 157 72 255 67 137 75 255 67 137 75 255 72 157 72 255 75 167 71 255 75 167 71 255 75 167 71 255 75 167 71 255 72 157 72 255 67 137 75 255 56 104 66 255 41 57 44 255 41 57 44 255 
0 0 0 0 0 0 0 0 0 0 0 0 8 8 8 63 25 25 25 191 44 67 43 255 64 133 61 255 75 167 71 255 75 167 71 255 75 167 71 255 75 167 71 255 67 146 68 255 53 106 62 255 45 86 59 255 45 86 59 255 53 106 62 255 67 146 68 255 75 167 71 255 75 167 71 255 74 163 71 255 72 157 72 255 72 157 72 255 74 163 71 255 75 167 71 255 75 167 71 255 75 167 71 255 75 167 71 255 74 163 71 255 72 157 72 255 62 124 63 255 43 64 43 255 43 64 43 255 
0 0 0 0 0 0 0 0 0 0 0 0 6 6 6 47 19 19 19 143 35 52 34 207 54 106 52 239 67 142 64 255 72 158 68 255 75 167 71 255 75 167 71 255 72 157 72 255 67 137 75 255 64 128 77 255 64 128 77 255 67 137 75 255 72 157 72 255 75 167 71 255 75 167 71 255 75 167 71 255 75 167 71 255 75 167 71 255 75 167 71 255 75 167 71 255 75 167 71 255 75 167 71 255 75 167 71 255 75 167 71 255 75 167 71 255 64 133 61 255 44 67 43 255 44 67 43 255 
0 0 0 0 0 0 0 0 0 0 0 0 2 2 2 15 6 6 6 47 17 23 17 111 35 52 34 207 51 92 50 255 67 142 64 255 75 167 71 255 75 167 71 255 74 163 71 255 72 157 72 255 71 154 73 255 71 154 73 255 72 157 72 255 74 163 71 255 75 167 71 255 75 167 71 255 75 167 71 255 75 167 71 255 75 167 71 255 75 167 71 255 75 167 71 255 75 167 71 255 75 167 71 255 75 167 71 255 75 167 71 255 75 167 71 255 64 133 61 255 44 67 43 255 44 67 43 255 
0 0 0 0 0 0 0 0 0 0 0 0 0 0 0 0 0 0 0 0 8 8 8 63 25 25 25 191 44 67 43 255 64 133 61 255 75 167 71 255 75 167 71 255 75 167 71 255 75 167 71 255 75 167 71 255 75 167 71 255 75 167 71 255 75 167 71 255 74 163 71 255 72 157 72 255 70 150 73 255 69 144 73 255 68 141 73 255 68 141 73 255 68 141 73 255 68 141 73 255 67 139 70 255 65 135 64 255 64 133 61 255 64 133 61 255 57 108 54 255 41 58 40 255 41 58 40 255 
0 0 0 0 0 0 0 0 0 0 0 0 0 0 0 0 0 0 0 0 8 8 8 63 25 25 25 191 44 67 43 255 64 133 61 255 75 167 71 255 75 167 71 255 75 167 71 255 75 167 71 255 75 167 71 255 75 167 71 255 75 167 71 255 75 167 71 255 72 157 72 255 67 137 75 255 62 118 77 255 57 99 78 255 55 90 79 255 55 90 79 255 55 90 79 255 55 90 79 255 52 84 70 255 47 73 52 255 44 67 43 255 44 67 43 255 41 58 40 255 36 42 36 255 36 42 36 255 
0 0 0 0 0 0 0 0 0 0 0 0 0 0 0 0 0 0 0 0 8 8 8 63 25 25 25 191 44 67 43 255 64 133 61 255 75 167 71 255 75 167 71 255 75 167 71 255 75 167 71 255 75 167 71 255 75 167 71 255 75 167 71 255 75 167 71 255 80 158 78 255 92 142 93 255 96 124 102 255 91 105 103 255 89 96 103 255 89 96 103 255 78 86 95 255 56 67 78 255 40 49 58 239 30 33 36 207 25 25 25 191 25 25 25 191 25 25 25 191 25 25 25 191 25 25 25 191 
0 0 0 0 0 0 0 0 0 0 0 0 0 0 0 0 0 0 0 0 8 8 8 63 25 25 25 191 44 67 43 255 64 133 61 255 75 167 71 255 75 167 71 255 75 167 71 255 75 167 71 255 75 167 71 255 75 167 71 255 75 167 71 255 75 167 71 255 99 168 89 255 148 170 127 255 172 168 146 255 171 162 147 255 170 159 147 255 170 159 147 255 137 130 121 255 70 71 71 255 30 33 36 207 15 16 17 111 8 8 8 63 8 8 8 63 8 8 8 63 8 8 8 63 8 8 8 63 
0 0 0 0 0 0 0 0 0 0 0 0 0 0 0 0 0 0 0 0 8 8 8 63 25 25 25 191 44 67 43 255 64 133 61 255 75 167 71 255 75 167 71 255 75 167 71 255 75 167 71 255 75 167 71 255 75 167 71 255 83 168 77 255 100 171 89 255 134 177 113 255 185 186 150 255 211 191 169 255 211 191 169 255 211 191 169 255 211 191 169 255 166 151 135 255 78 73 67 255 25 25 25 191 8 8 8 63 0 0 0 0 0 0 0 0 0 0 0 0 0 0 0 0 0 0 0 0 
0 0 0 0 0 0 0 0 0 0 0 0 0 0 0 0 0 0 0 0 8 8 8 63 25 25 25 191 44 67 43 255 64 133 61 255 75 167 71 255 75 167 71 255 75 167 71 255 75 167 71 255 75 167 71 255 75 167 71 255 100 171 89 255 151 180 126 255 185 186 150 255 202 189 162 255 211 191 169 255 211 191 169 255 211 191 169 255 211 191 169 255 166 151 135 255 78 73 67 255 25 25 25 191 8 8 8 63 0 0 0 0 0 0 0 0 0 0 0 0 0 0 0 0 0 0 0 0 
0 0 0 0 0 0 0 0 0 0 0 0 2 2 2 15 6 6 6 47 14 14 14 111 27 27 27 207 44 67 43 255 64 133 61 255 75 167 71 255 75 167 71 255 75 167 71 255 75 167 71 255 75 167 71 255 75 167 71 255 109 173 95 255 177 185 144 255 211 191 169 255 211 191 169 255 211 191 169 255 211 191 169 255 211 191 169 255 211 191 169 255 166 151 135 255 78 73 67 255 25 25 25 191 8 8 8 63 0 0 0 0 0 0 0 0 0 0 0 0 0 0 0 0 0 0 0 0 
0 0 0 0 0 0 0 0 0 0 0 0 6 6 6 47 19 19 19 143 27 27 27 207 31 31 31 239 44 67 43 255 64 133 61 255 75 167 71 255 75 167 71 255 75 167 71 255 75 167 71 255 75 167 71 255 75 167 71 255 109 173 95 255 177 185 144 255 211 191 169 255 211 191 169 255 211 191 169 255 211 191 169 255 211 191 169 255 211 191 169 255 166 151 135 255 78 73 67 255 25 25 25 191 8 8 8 63 0 0 0 0 0 0 0 0 0 0 0 0 0 0 0 0 0 0 0 0 
2 2 2 15 2 2 2 15 6 6 6 47 17 23 17 111 35 52 34 207 44 67 43 255 44 67 43 255 51 85 49 255 66 121 61 255 74 140 67 255 74 140 67 255 74 140 67 255 74 140 67 255 74 140 67 255 74 140 67 255 99 144 86 255 150 153 122 255 176 158 141 255 176 158 141 255 176 158 141 255 176 158 141 255 176 158 141 255 176 158 141 255 140 126 114 255 69 65 60 255 25 25 25 191 8 8 8 63 0 0 0 0 0 0 0 0 0 0 0 0 0 0 0 0 0 0 0 0 
6 6 6 47 6 6 6 47 19 19 19 143 35 52 34 207 54 106 52 239 64 133 61 255 64 133 61 255 66 121 61 255 70 97 61 255 72 86 61 255 72 86 61 255 72 86 61 255 72 86 61 255 72 86 61 255 72 86 61 255 81 87 67 255 98 90 79 255 106 92 85 255 106 92 85 255 106 92 85 255 106 92 85 255 106 92 85 255 106 92 85 255 88 77 72 255 52 48 46 255 25 25 25 191 8 8 8 63 0 0 0 0 0 0 0 0 0 0 0 0 0 0 0 0 0 0 0 0 
8 8 8 63 8 8 8 63 25 25 25 191 41 58 40 255 57 108 54 255 64 133 61 255 64 133 61 255 69 117 62 255 79 83 64 255 83 67 64 255 83 67 64 255 83 67 64 255 83 67 64 255 83 67 64 255 83 67 64 255 83 67 64 255 83 67 64 255 83 67 64 255 83 67 64 255 83 67 64 255 83 67 64 255 81 71 63 255 75 81 62 255 63 73 54 255 43 47 40 255 25 25 25 191 8 8 8 63 0 0 0 0 0 0 0 0 0 0 0 0 0 0 0 0 0 0 0 0 
8 8 8 63 8 8 8 63 25 25 25 191 36 42 36 255 41 58 40 255 44 67 43 255 44 67 43 255 60 71 52 255 91 79 69 255 107 83 78 255 107 83 78 255 107 83 78 255 107 83 78 255 107 83 78 255 107 83 78 255 107 83 78 255 107 83 78 255 107 83 78 255 107 83 78 255 107 83 78 255 107 83 78 255 99 97 75 255 82 125 70 255 64 113 59 255 44 60 42 255 25 25 25 191 8 8 8 63 0 0 0 0 0 0 0 0 0 0 0 0 0 0 0 0 0 0 0 0 
6 6 6 47 6 6 6 47 19 19 19 143 25 25 25 191 25 25 25 191 27 27 27 207 31 31 31 239 52 53 45 255 89 91 69 255 107 110 81 255 107 110 81 255 105 102 79 255 100 85 74 255 103 81 75 255 113 88 81 255 119 92 85 255 119 92 84 255 113 88 81 255 103 81 75 255 100 85 74 255 105 102 79 255 99 124 78 255 83 152 73 255 64 133 61 255 44 67 43 255 25 25 25 191 8 8 8 63 0 0 0 0 0 0 0 0 0 0 0 0 0 0 0 0 0 0 0 0 
2 2 2 15 2 2 2 15 6 6 6 47 8 8 8 63 8 8 8 63 14 14 14 111 27 27 27 207 47 62 44 255 73 119 64 255 85 148 74 255 85 148 74 255 78 123 67 255 62 73 53 255 71 59 56 255 103 81 75 255 119 92 85 255 119 92 84 255 103 81 75 255 71 59 56 255 62 73 53 255 78 123 67 255 83 152 73 255 77 162 71 255 64 133 61 255 44 67 43 255 25 25 25 191 8 8 8 63 0 0 0 0 0 0 0 0 0 0 0 0 0 0 0 0 0 0 0 0 
0 0 0 0 0 0 0 0 0 0 0 0 0 0 0 0 0 0 0 0 8 8 8 63 25 25 25 191 44 67 43 255 64 133 61 255 72 158 68 255 67 142 64 255 54 106 52 239 35 52 34 207 43 38 37 207 79 64 60 239 97 77 72 255 97 77 72 255 79 64 60 239 43 38 37 207 35 52 34 207 54 106 52 239 64 133 61 255 64 133 61 255 57 108 54 255 41 58 40 255 25 25 25 191 8 8 8 63 0 0 0 0 0 0 0 0 0 0 0 0 0 0 0 0 0 0 0 0 
0 0 0 0 0 0 0 0 0 0 0 0 0 0 0 0 0 0 0 0 8 8 8 63 25 25 25 191 44 67 43 255 64 133 61 255 67 142 64 255 51 92 50 255 35 52 34 207 17 23 17 111 20 18 18 111 43 38 37 207 55 48 46 255 55 48 46 255 43 38 37 207 20 18 18 111 17 23 17 111 35 52 34 207 44 67 43 255 44 67 43 255 41 58 40 255 36 42 36 255 25 25 25 191 8 8 8 63 0 0 0 0 0 0 0 0 0 0 0 0 0 0 0 0 0 0 0 0 
0 0 0 0 0 0 0 0 0 0 0 0 0 0 0 0 0 0 0 0 8 8 8 63 25 25 25 191 41 58 40 255 57 108 54 255 54 106 52 239 35 52 34 207 19 19 19 143 6 6 6 47 6 6 6 47 19 19 19 143 25 25 25 191 25 25 25 191 19 19 19 143 6 6 6 47 6 6 6 47 19 19 19 143 25 25 25 191 25 25 25 191 25 25 25 191 25 25 25 191 19 19 19 143 6 6 6 47 0 0 0 0 0 0 0 0 0 0 0 0 0 0 0 0 0 0 0 0 
0 0 0 0 0 0 0 0 0 0 0 0 0 0 0 0 0 0 0 0 8 8 8 63 25 25 25 191 36 42 36 255 41 58 40 255 35 52 34 207 17 23 17 111 6 6 6 47 2 2 2 15 2 2 2 15 6 6 6 47 8 8 8 63 8 8 8 63 6 6 6 47 2 2 2 15 2 2 2 15 6 6 6 47 8 8 8 63 8 8 8 63 8 8 8 63 8 8 8 63 6 6 6 47 2 2 2 15 0 0 0 0 0 0 0 0 0 0 0 0 0 0 0 0 0 0 0 0 
0 0 0 0 0 0 0 0 0 0 0 0 0 0 0 0 0 0 0 0 8 8 8 63 25 25 25 191 36 42 36 255 41 58 40 255 35 52 34 207 17 23 17 111 6 6 6 47 2 2 2 15 2 2 2 15 6 6 6 47 8 8 8 63 8 8 8 63 6 6 6 47 2 2 2 15 2 2 2 15 6 6 6 47 8 8 8 63 8 8 8 63 8 8 8 63 8 8 8 63 6 6 6 47 2 2 2 15 0 0 0 0 0 0 0 0 0 0 0 0 0 0 0 0 0 0 0 0 
