0 0 0 0 0 0 0 0 0 0 0 0 0 0 0 0 0 0 0 0 0 0 0 0 0 0 0 0 0 0 0 0 0 0 0 0 0 0 0 0 0 0 0 0 0 0 0 0 0 0 0 0 0 0 0 0 0 0 0 0 0 0 0 0 0 0 0 0 0 0 0 0 0 0 0 0 0 0 0 0 0 0 0 0 0 0 0 0 0 0 0 0 0 0 0 0 0 0 0 0 0 0 0 0 0 0 0 0 0 0 0 0 0 0 0 0 0 0 0 0 0 0 0 0 0 0 0 0 0 0 0 0 0 0 0 0 0 0 0 0 0 0 0 0 0 0 0 0 0 0 0 0 0 0 0 0 0 0 0 0 0 0 0 0 0 0 0 0 0 0 0 0 0 0 0 0 0 0 0 0 0 0 0 0 0 0 0 0 0 0 0 0 0 0 0 0 0 0 0 0 0 0 0 0 0 0 0 0 0 0 0 0 0 0 0 0 0 0 0 0 0 0 0 0 0 0 0 0 0 0 0 0 0 0 0 0 0 0 0 0 0 0 0 0 0 0 0 0 0 0 0 0 0 0 0 0 
0 0 0 0 0 0 0 0 0 0 0 0 0 0 0 0 0 0 0 0 0 0 0 0 0 0 0 0 0 0 0 0 0 0 0 0 0 0 0 0 0 0 0 0 0 0 0 0 0 0 0 0 0 0 0 0 0 0 0 0 0 0 0 0 0 0 0 0 0 0 0 0 0 0 0 0 0 0 0 0 0 0 0 0 0 0 0 0 0 0 0 0 0 0 0 0 0 0 0 0 0 0 0 0 0 0 0 0 0 0 0 0 0 0 0 0 0 0 0 0 0 0 0 0 0 0 0 0 0 0 0 0 0 0 0 0 0 0 0 0 0 0 0 0 0 0 0 0 0 0 0 0 0 0 0 0 0 0 0 0 0 0 0 0 0 0 0 0 0 0 0 0 0 0 0 0 0 0 0 0 0 0 0 0 0 0 0 0 0 0 0 0 0 0 0 0 0 0 0 0 0 0 0 0 0 0 0 0 0 0 0 0 0 0 0 0 0 0 0 0 0 0 0 0 0 0 0 0 0 0 0 0 0 0 0 0 0 0 0 0 0 0 0 0 0 0 0 0 0 0 0 0 0 0 0 0 
0 0 0 0 0 0 0 0 0 0 0 0 0 0 0 0 0 0 0 0 0 0 0 0 0 0 0 0 0 0 0 0 0 0 0 0 0 0 0 0 0 0 0 0 0 0 0 0 0 0 0 0 0 0 0 0 0 0 0 0 0 0 0 0 0 0 0 0 0 0 0 0 0 0 0 0 0 0 0 0 0 0 0 0 0 0 0 0 0 0 0 0 0 0 0 0 0 0 0 0 0 0 0 0 0 0 0 0 0 0 0 0 0 0 0 0 0 0 0 0 0 0 0 0 0 0 0 0 0 0 0 0 0 0 0 0 0 0 0 0 0 0 0 0 0 0 0 0 0 0 0 0 0 0 0 0 0 0 0 0 0 0 0 0 0 0 0 0 0 0 0 0 0 0 0 0 0 0 0 0 0 0 0 0 0 0 0 0 0 0 0 0 0 0 0 0 0 0 0 0 0 0 0 0 0 0 0 0 0 0 0 0 0 0 0 0 0 0 0 0 0 0 0 0 0 0 0 0 0 0 0 0 0 0 0 0 0 0 0 0 0 0 0 0 0 0 0 0 0 0 0 0 0 0 0 0 
0 0 0 0 0 0 0 0 0 0 0 0 0 0 0 0 0 0 0 0 0 0 0 0 0 0 0 0 0 0 0 0 0 0 0 0 0 0 0 0 0 0 0 0 0 0 0 0 0 0 0 0 0 0 0 0 0 0 0 0 0 0 0 0 0 0 0 0 0 0 0 0 0 0 0 0 0 0 0 0 0 0 0 0 8 9 10 15 26 27 30 47 34 35 39 63 33 34 36 63 33 33 36 63 33 34 36 63 35 37 40 63 40 43 48 63 32 34 38 47 10 11 12 15 0 0 0 0 0 0 0 0 0 0 0 0 0 0 0 0 0 0 0 0 0 0 0 0 0 0 0 0 0 0 0 0 0 0 0 0 0 0 0 0 0 0 0 0 0 0 0 0 0 0 0 0 0 0 0 0 0 0 0 0 0 0 0 0 0 0 0 0 0 0 0 0 0 0 0 0 0 0 0 0 0 0 0 0 0 0 0 0 0 0 0 0 0 0 0 0 0 0 0 0 0 0 0 0 0 0 0 0 0 0 0 0 0 0 0 0 0 0 0 0 0 0 0 0 0 0 0 0 0 0 0 0 
0 0 0 0 0 0 0 0 0 0 0 0 0 0 0 0 0 0 0 0 0 0 0 0 0 0 0 0 0 0 0 0 0 0 0 0 0 0 0 0 0 0 0 0 0 0 0 0 0 0 0 0 0 0 0 0 0 0 0 0 0 0 0 0 0 0 0 0 0 0 0 0 0 0 0 0 0 0 0 0 0 0 0 0 26 27 30 47 78 82 90 142 102 107 117 189 100 102 110 189 99 100 108 189 100 102 110 189 107 112 122 189 122 130 144 189 97 104 116 142 32 34 38 47 0 0 0 0 0 0 0 0 0 0 0 0 0 0 0 0 0 0 0 0 0 0 0 0 0 0 0 0 0 0 0 0 0 0 0 0 0 0 0 0 0 0 0 0 0 0 0 0 0 0 0 0 0 0 0 0 0 0 0 0 0 0 0 0 0 0 0 0 0 0 0 0 0 0 0 0 0 0 0 0 0 0 0 0 0 0 0 0 0 0 0 0 0 0 0 0 0 0 0 0 0 0 0 0 0 0 0 0 0 0 0 0 0 0 0 0 0 0 0 0 0 0 0 0 0 0 0 0 0 0 0 0 
0 0 0 0 0 0 0 0 0 0 0 0 0 0 0 0 0 0 0 0 0 0 0 0 0 0 0 0 0 0 0 0 0 0 0 0 0 0 0 0 0 0 0 0 0 0 0 0 0 0 0 0 0 0 0 0 0 0 0 0 0 0 0 0 0 0 0 0 8 8 9 15 25 26 29 47 33 33 35 63 30 28 29 63 55 53 55 110 107 107 114 205 131 131 140 253 128 125 132 253 125 123 129 253 125 124 131 253 134 137 148 253 152 162 181 253 121 131 148 189 40 43 49 63 0 0 0 0 0 0 0 0 0 0 0 0 0 0 0 0 0 0 0 0 0 0 0 0 0 0 0 0 0 0 0 0 0 0 0 0 0 0 0 0 0 0 0 0 0 0 0 0 0 0 0 0 0 0 0 0 0 0 0 0 0 0 0 0 0 0 0 0 0 0 0 0 0 0 0 0 0 0 0 0 0 0 0 0 0 0 0 0 0 0 0 0 0 0 0 0 0 0 0 0 0 0 0 0 0 0 0 0 0 0 0 0 0 0 0 0 0 0 0 0 0 0 0 0 0 0 0 0 0 0 0 0 
0 0 0 0 0 0 0 0 0 0 0 0 0 0 0 0 0 0 0 0 0 0 0 0 0 0 0 0 0 0 0 0 0 0 0 0 0 0 0 0 0 0 0 0 0 0 0 0 0 0 0 0 0 0 0 0 0 0 0 0 0 0 0 0 0 0 0 0 25 26 29 47 77 79 87 142 99 99 106 189 92 86 88 189 96 87 86 205 113 102 102 237 120 108 107 253 116 103 101 253 112 100 98 253 108 99 98 253 114 112 118 253 130 140 159 253 104 115 134 189 34 38 44 63 0 0 0 0 0 0 0 0 0 0 0 0 0 0 0 0 0 0 0 0 0 0 0 0 0 0 0 0 0 0 0 0 0 0 0 0 0 0 0 0 0 0 0 0 0 0 0 0 0 0 0 0 0 0 0 0 0 0 0 0 0 0 0 0 0 0 0 0 0 0 0 0 0 0 0 0 0 0 0 0 0 0 0 0 0 0 0 0 0 0 0 0 0 0 0 0 0 0 0 0 0 0 0 0 0 0 0 0 0 0 0 0 0 0 0 0 0 0 0 0 0 0 0 0 0 0 0 0 0 0 0 0 
0 0 0 0 0 0 0 0 0 0 0 0 0 0 0 0 0 0 0 0 0 0 0 0 0 0 0 0 0 0 0 0 0 0 0 0 0 0 0 0 0 0 0 0 0 0 0 0 0 0 0 0 0 0 0 0 0 0 0 0 0 0 0 0 0 0 0 0 32 32 34 63 96 96 102 189 124 120 126 253 116 105 106 253 113 98 95 253 114 99 94 253 116 99 93 253 116 100 94 253 114 100 95 253 110 98 95 253 112 108 112 253 122 131 148 253 104 116 135 205 57 64 75 110 36 40 47 63 41 44 50 63 32 35 39 47 10 11 13 15 0 0 0 0 0 0 0 0 0 0 0 0 0 0 0 0 0 0 0 0 0 0 0 0 0 0 0 0 0 0 0 0 0 0 0 0 0 0 0 0 0 0 0 0 0 0 0 0 0 0 0 0 0 0 0 0 0 0 0 0 0 0 0 0 0 0 0 0 0 0 0 0 0 0 0 0 0 0 0 0 0 0 0 0 0 0 0 0 0 0 0 0 0 0 0 0 0 0 0 0 0 0 0 0 0 0 0 0 0 0 0 0 0 0 0 0 
0 0 0 0 0 0 0 0 0 0 0 0 0 0 0 0 0 0 0 0 0 0 0 0 0 0 0 0 0 0 0 0 0 0 0 0 0 0 0 0 0 0 0 0 0 0 0 0 0 0 0 0 0 0 0 0 0 0 0 0 0 0 0 0 0 0 0 0 27 25 25 63 83 76 76 189 108 97 95 253 103 88 83 253 104 87 81 253 111 96 90 253 119 105 100 253 128 116 111 253 131 121 118 253 129 121 120 253 128 126 130 253 128 136 148 253 122 134 152 237 109 122 141 205 110 122 141 189 123 134 151 189 97 105 117 142 32 35 39 47 0 0 0 0 0 0 0 0 0 0 0 0 0 0 0 0 0 0 0 0 0 0 0 0 0 0 0 0 0 0 0 0 0 0 0 0 0 0 0 0 0 0 0 0 0 0 0 0 0 0 0 0 0 0 0 0 0 0 0 0 0 0 0 0 0 0 0 0 0 0 0 0 0 0 0 0 0 0 0 0 0 0 0 0 0 0 0 0 0 0 0 0 0 0 0 0 0 0 0 0 0 0 0 0 0 0 0 0 0 0 0 0 0 0 0 0 
0 0 0 0 0 0 0 0 0 0 0 0 0 0 0 0 0 0 0 0 0 0 0 0 0 0 0 0 0 0 0 0 0 0 0 0 0 0 0 0 0 0 0 0 0 0 0 0 0 0 0 0 0 0 0 0 0 0 0 0 8 9 11 15 25 29 35 47 51 52 57 110 86 78 79 205 102 89 86 253 100 85 79 253 104 88 82 253 113 100 94 253 125 115 110 253 141 133 130 253 147 141 139 253 143 138 138 253 138 137 139 253 132 136 144 253 130 139 152 253 133 146 164 253 142 157 177 253 157 171 192 253 124 134 150 189 41 44 50 63 0 0 0 0 0 0 0 0 0 0 0 0 0 0 0 0 0 0 0 0 0 0 0 0 0 0 0 0 0 0 0 0 0 0 0 0 0 0 0 0 0 0 0 0 0 0 0 0 0 0 0 0 0 0 0 0 0 0 0 0 0 0 0 0 0 0 0 0 0 0 0 0 0 0 0 0 0 0 0 0 0 0 0 0 0 0 0 0 0 0 0 0 0 0 0 0 0 0 0 0 0 0 0 0 0 0 0 0 0 0 0 0 0 0 0 0 
0 0 0 0 0 0 0 0 0 0 0 0 0 0 0 0 0 0 0 0 0 0 0 0 0 0 0 0 0 0 0 0 0 0 0 0 0 0 0 0 0 0 0 0 0 0 0 0 0 0 0 0 0 0 0 0 0 0 0 0 25 29 35 47 76 87 105 142 103 112 130 205 105 104 112 237 107 99 100 253 107 97 95 253 111 101 98 253 119 111 108 253 134 128 125 253 156 152 151 253 162 159 159 253 153 149 148 253 143 140 140 253 132 131 133 253 127 129 134 253 129 134 142 253 134 143 155 253 145 157 173 253 112 122 137 189 37 40 45 63 0 0 0 0 0 0 0 0 0 0 0 0 0 0 0 0 0 0 0 0 0 0 0 0 0 0 0 0 0 0 0 0 0 0 0 0 0 0 0 0 0 0 0 0 0 0 0 0 0 0 0 0 0 0 0 0 0 0 0 0 0 0 0 0 0 0 0 0 0 0 0 0 0 0 0 0 0 0 0 0 0 0 0 0 0 0 0 0 0 0 0 0 0 0 0 0 0 0 0 0 0 0 0 0 0 0 0 0 0 0 0 0 0 0 0 0 
0 0 0 0 0 0 0 0 0 0 0 0 0 0 0 0 0 0 0 0 0 0 0 0 0 0 0 0 0 0 0 0 0 0 0 0 0 0 0 0 0 0 0 0 0 0 0 0 0 0 0 0 0 0 0 0 0 0 0 0 34 39 47 63 103 118 141 189 132 147 171 253 121 124 135 253 114 111 113 253 112 106 105 253 114 106 103 253 118 110 108 253 132 125 122 253 153 148 147 253 159 154 153 253 149 143 142 253 138 132 131 253 126 122 121 253 121 119 120 253 122 123 126 253 127 132 140 253 135 145 160 253 104 114 128 189 34 38 42 63 0 0 0 0 0 0 0 0 0 0 0 0 0 0 0 0 0 0 0 0 0 0 0 0 0 0 0 0 0 0 0 0 0 0 0 0 0 0 0 0 0 0 0 0 0 0 0 0 0 0 0 0 0 0 0 0 0 0 0 0 0 0 0 0 0 0 0 0 0 0 0 0 0 0 0 0 0 0 0 0 0 0 0 0 0 0 0 0 0 0 0 0 0 0 0 0 0 0 0 0 0 0 0 0 0 0 0 0 0 0 0 0 0 0 0 0 
0 0 0 0 0 0 0 0 0 0 0 0 0 0 0 0 0 0 0 0 0 0 0 0 0 0 0 0 0 0 0 0 0 0 0 0 0 0 0 0 0 0 0 0 0 0 0 0 0 0 0 0 0 0 0 0 0 0 0 0 35 40 48 63 106 122 144 189 138 154 178 253 132 138 150 253 125 123 127 253 117 110 109 253 112 101 98 253 112 99 94 253 118 105 101 253 132 121 117 253 136 126 123 253 131 121 118 253 124 115 113 253 115 108 107 253 112 107 108 253 115 113 115 253 120 123 130 253 127 138 153 253 98 109 123 189 32 36 41 63 0 0 0 0 0 0 0 0 0 0 0 0 0 0 0 0 0 0 0 0 0 0 0 0 0 0 0 0 0 0 0 0 0 0 0 0 0 0 0 0 0 0 0 0 0 0 0 0 0 0 0 0 0 0 0 0 0 0 0 0 0 0 0 0 0 0 0 0 0 0 0 0 0 0 0 0 0 0 0 0 0 0 0 0 0 0 0 0 0 0 0 0 0 0 0 0 0 0 0 0 0 0 0 0 0 0 0 0 0 0 0 0 0 0 0 0 
0 0 0 0 0 0 0 0 0 0 0 0 0 0 0 0 0 0 0 0 0 0 0 0 0 0 0 0 0 0 0 0 0 0 0 0 0 0 0 0 0 0 0 0 0 0 0 0 0 0 0 0 0 0 0 0 0 0 0 0 36 40 47 63 108 122 142 189 142 156 177 253 137 144 154 253 129 129 132 253 118 111 111 253 110 99 96 253 104 91 87 253 105 92 88 253 113 101 98 253 117 107 105 253 118 108 107 253 115 107 106 253 110 103 103 253 110 106 107 253 115 114 116 253 120 124 131 253 125 137 152 253 96 107 122 189 32 35 40 63 0 0 0 0 0 0 0 0 0 0 0 0 0 0 0 0 0 0 0 0 0 0 0 0 0 0 0 0 0 0 0 0 0 0 0 0 0 0 0 0 0 0 0 0 0 0 0 0 0 0 0 0 0 0 0 0 0 0 0 0 0 0 0 0 0 0 0 0 0 0 0 0 0 0 0 0 0 0 0 0 0 0 0 0 0 0 0 0 0 0 0 0 0 0 0 0 0 0 0 0 0 0 0 0 0 0 0 0 0 0 0 0 0 0 0 0 
0 0 0 0 0 0 0 0 0 0 0 0 0 0 0 0 0 0 0 0 0 0 0 0 0 0 0 0 0 0 0 0 0 0 0 0 0 0 0 0 0 0 0 0 0 0 0 0 0 0 0 0 0 0 0 0 0 0 0 0 36 39 44 63 109 119 133 189 143 153 168 253 137 141 148 253 128 127 129 253 117 111 111 253 106 98 96 253 96 87 85 253 93 84 83 253 97 90 91 253 103 97 99 253 110 105 107 253 113 109 111 253 110 108 111 253 114 114 117 253 124 125 128 253 128 134 142 253 129 142 159 253 97 109 126 189 32 36 42 63 0 0 0 0 0 0 0 0 0 0 0 0 0 0 0 0 0 0 0 0 0 0 0 0 0 0 0 0 0 0 0 0 0 0 0 0 0 0 0 0 0 0 0 0 0 0 0 0 0 0 0 0 0 0 0 0 0 0 0 0 0 0 0 0 0 0 0 0 0 0 0 0 0 0 0 0 0 0 0 0 0 0 0 0 0 0 0 0 0 0 0 0 0 0 0 0 0 0 0 0 0 0 0 0 0 0 0 0 0 0 0 0 0 0 0 0 
0 0 0 0 0 0 0 0 0 0 0 0 0 0 0 0 0 0 0 0 0 0 0 0 0 0 0 0 0 0 0 0 0 0 0 0 0 0 0 0 0 0 0 0 0 0 0 0 0 0 0 0 0 0 0 0 0 0 0 0 36 39 43 63 109 118 131 189 141 151 165 253 133 138 145 253 124 124 127 253 114 111 112 253 103 98 99 253 92 87 89 253 88 83 87 253 90 87 92 253 98 96 102 253 112 111 116 253 119 119 123 253 118 119 123 253 123 125 128 253 132 135 138 253 135 142 150 253 133 147 164 253 98 111 128 189 32 37 42 63 0 0 0 0 0 0 0 0 0 0 0 0 0 0 0 0 0 0 0 0 0 0 0 0 0 0 0 0 0 0 0 0 0 0 0 0 0 0 0 0 0 0 0 0 0 0 0 0 0 0 0 0 0 0 0 0 0 0 0 0 0 0 0 0 0 0 0 0 0 0 0 0 0 0 0 0 0 0 0 0 0 0 0 0 0 0 0 0 0 0 0 0 0 0 0 0 0 0 0 0 0 0 0 0 0 0 0 0 0 0 0 0 0 0 0 0 
0 0 0 0 0 0 0 0 0 0 0 0 0 0 0 0 0 0 0 0 0 0 0 0 0 0 0 0 0 0 0 0 0 0 0 0 0 0 0 0 0 0 0 0 0 0 0 0 0 0 0 0 0 0 0 0 0 0 0 0 36 39 44 63 108 119 134 189 138 150 167 253 125 133 144 253 116 120 126 253 109 110 113 253 101 101 104 253 92 92 98 253 89 89 98 253 90 92 103 253 101 104 115 253 123 126 134 253 134 137 142 253 133 136 140 253 135 139 142 253 140 144 146 253 141 148 154 253 137 150 165 253 101 113 128 189 33 37 42 63 0 0 0 0 0 0 0 0 0 0 0 0 0 0 0 0 0 0 0 0 0 0 0 0 0 0 0 0 0 0 0 0 0 0 0 0 0 0 0 0 0 0 0 0 0 0 0 0 0 0 0 0 0 0 0 0 0 0 0 0 0 0 0 0 0 0 0 0 0 0 0 0 0 0 0 0 0 0 0 0 0 0 0 0 0 0 0 0 0 0 0 0 0 0 0 0 0 0 0 0 0 0 0 0 0 0 0 0 0 0 0 0 0 0 0 0 
0 0 0 0 0 0 0 0 0 0 0 0 0 0 0 0 0 0 0 0 0 0 0 0 0 0 0 0 0 0 0 0 0 0 0 0 0 0 0 0 0 0 0 0 0 0 0 0 0 0 0 0 0 0 0 0 0 0 0 0 27 30 33 47 81 90 101 142 110 122 138 205 116 127 142 237 117 126 138 253 114 119 126 253 109 112 117 253 101 104 112 253 97 101 111 253 97 101 114 253 108 113 125 253 131 136 144 253 143 147 153 253 144 148 152 253 145 149 152 253 146 150 153 253 145 151 157 253 141 152 165 253 104 114 127 189 34 38 42 63 0 0 0 0 0 0 0 0 0 0 0 0 0 0 0 0 0 0 0 0 0 0 0 0 0 0 0 0 0 0 0 0 0 0 0 0 0 0 0 0 0 0 0 0 0 0 0 0 0 0 0 0 0 0 0 0 0 0 0 0 0 0 0 0 0 0 0 0 0 0 0 0 0 0 0 0 0 0 0 0 0 0 0 0 0 0 0 0 0 0 0 0 0 0 0 0 0 0 0 0 0 0 0 0 0 0 0 0 0 0 0 0 0 0 0 0 
0 0 0 0 0 0 0 0 0 0 0 0 0 0 0 0 0 0 0 0 0 0 0 0 0 0 0 0 0 0 0 0 0 0 0 0 0 0 0 0 0 0 0 0 0 0 0 0 0 0 0 0 0 0 0 0 0 0 0 0 9 10 11 15 27 30 33 47 58 66 76 110 104 118 139 205 127 142 163 253 129 138 150 253 126 132 139 253 119 124 131 253 114 119 126 253 110 115 123 253 118 122 130 253 136 140 146 253 147 151 155 253 151 154 157 253 152 155 157 253 151 154 156 253 148 154 159 253 143 153 165 253 106 115 125 189 35 38 41 63 0 0 0 0 0 0 0 0 0 0 0 0 0 0 0 0 0 0 0 0 0 0 0 0 0 0 0 0 0 0 0 0 0 0 0 0 0 0 0 0 0 0 0 0 0 0 0 0 0 0 0 0 0 0 0 0 0 0 0 0 0 0 0 0 0 0 0 0 0 0 0 0 0 0 0 0 0 0 0 0 0 0 0 0 0 0 0 0 0 0 0 0 0 0 0 0 0 0 0 0 0 0 0 0 0 0 0 0 0 0 0 0 0 0 0 0 
0 0 0 0 0 0 0 0 0 0 0 0 0 0 0 0 0 0 0 0 0 0 0 0 0 0 0 0 0 0 0 0 0 0 0 0 0 0 0 0 0 0 0 0 0 0 0 0 0 0 0 0 0 0 0 0 0 0 0 0 0 0 0 0 0 0 0 0 33 39 46 63 100 117 140 189 134 154 180 253 136 150 167 253 135 144 155 253 131 137 145 253 125 130 136 253 119 123 130 253 122 126 132 253 134 138 142 253 144 147 151 253 151 154 157 253 154 157 159 253 153 157 159 253 151 156 160 253 147 155 164 253 117 126 136 205 62 68 77 110 34 40 48 63 34 40 49 63 26 30 37 47 8 10 12 15 0 0 0 0 0 0 0 0 0 0 0 0 0 0 0 0 0 0 0 0 0 0 0 0 0 0 0 0 0 0 0 0 0 0 0 0 0 0 0 0 0 0 0 0 0 0 0 0 0 0 0 0 0 0 0 0 0 0 0 0 0 0 0 0 0 0 0 0 0 0 0 0 0 0 0 0 0 0 0 0 0 0 0 0 0 0 0 0 0 0 0 0 0 0 0 0 0 0 0 0 
0 0 0 0 0 0 0 0 0 0 0 0 0 0 0 0 0 0 0 0 0 0 0 0 0 0 0 0 0 0 0 0 0 0 0 0 0 0 0 0 0 0 0 0 0 0 0 0 0 0 0 0 0 0 0 0 0 0 0 0 0 0 0 0 0 0 0 0 35 40 49 63 105 122 147 189 139 160 190 253 137 154 177 253 136 149 165 253 135 144 153 253 131 136 143 253 123 127 134 253 121 125 131 253 126 129 134 253 134 137 141 253 146 148 151 253 152 155 157 253 154 157 159 253 154 158 162 253 152 158 164 253 139 148 160 237 115 129 148 205 104 120 144 189 104 122 148 189 78 92 113 142 26 30 37 47 0 0 0 0 0 0 0 0 0 0 0 0 0 0 0 0 0 0 0 0 0 0 0 0 0 0 0 0 0 0 0 0 0 0 0 0 0 0 0 0 0 0 0 0 0 0 0 0 0 0 0 0 0 0 0 0 0 0 0 0 0 0 0 0 0 0 0 0 0 0 0 0 0 0 0 0 0 0 0 0 0 0 0 0 0 0 0 0 0 0 0 0 0 0 0 0 0 0 0 0 
0 0 0 0 0 0 0 0 0 0 0 0 0 0 0 0 0 0 0 0 0 0 0 0 0 0 0 0 0 0 0 0 0 0 0 0 0 0 0 0 0 0 0 0 0 0 0 0 0 0 0 0 0 0 0 0 0 0 0 0 0 0 0 0 0 0 0 0 36 42 50 63 110 126 152 189 143 165 196 253 137 158 184 253 135 152 172 253 137 148 160 253 134 141 148 253 127 132 138 253 123 127 133 253 123 126 131 253 129 132 136 253 142 144 147 253 150 152 155 253 154 157 159 253 156 160 162 253 157 161 166 253 154 162 172 253 148 163 182 253 146 165 190 253 148 168 197 253 123 139 163 205 70 78 89 110 42 46 52 63 41 45 52 63 30 33 38 47 10 11 12 15 0 0 0 0 0 0 0 0 0 0 0 0 0 0 0 0 0 0 0 0 0 0 0 0 0 0 0 0 0 0 0 0 0 0 0 0 0 0 0 0 0 0 0 0 0 0 0 0 0 0 0 0 0 0 0 0 0 0 0 0 0 0 0 0 0 0 0 0 0 0 0 0 0 0 0 0 0 0 0 0 0 0 0 0 
0 0 0 0 0 0 0 0 0 0 0 0 0 0 0 0 0 0 0 0 0 0 0 0 0 0 0 0 0 0 0 0 0 0 0 0 0 0 0 0 0 0 0 0 0 0 0 0 0 0 0 0 0 0 0 0 0 0 0 0 0 0 0 0 0 0 0 0 38 43 51 63 115 130 154 189 148 169 200 253 138 160 190 253 134 153 178 253 136 149 164 253 135 144 152 253 130 138 144 253 127 132 137 253 124 129 133 253 129 132 136 253 140 143 145 253 148 150 152 253 153 155 157 253 157 160 162 253 162 165 168 253 163 168 174 253 161 169 179 253 162 173 187 253 166 179 196 253 159 172 189 237 140 152 167 205 128 140 156 189 124 137 156 189 91 101 116 142 30 33 38 47 0 0 0 0 0 0 0 0 0 0 0 0 0 0 0 0 0 0 0 0 0 0 0 0 0 0 0 0 0 0 0 0 0 0 0 0 0 0 0 0 0 0 0 0 0 0 0 0 0 0 0 0 0 0 0 0 0 0 0 0 0 0 0 0 0 0 0 0 0 0 0 0 0 0 0 0 0 0 0 0 0 0 0 0 
0 0 0 0 0 0 0 0 0 0 0 0 0 0 0 0 0 0 0 0 0 0 0 0 0 0 0 0 0 0 0 0 0 0 0 0 0 0 0 0 0 0 0 0 0 0 0 0 0 0 0 0 0 0 0 0 0 0 0 0 0 0 0 0 0 0 0 0 39 44 51 63 117 132 155 189 151 172 203 253 142 165 196 253 140 160 186 253 145 158 173 253 144 153 162 253 138 145 152 253 131 138 142 253 125 130 134 253 126 130 134 253 135 138 141 253 142 145 147 253 149 152 154 253 157 159 162 253 166 169 171 253 170 174 178 253 171 176 181 253 173 180 186 253 176 185 194 253 178 188 199 253 177 189 203 253 174 188 205 253 170 185 205 253 137 150 167 205 74 81 90 110 42 46 51 63 40 45 51 63 29 33 38 47 9 11 12 15 0 0 0 0 0 0 0 0 0 0 0 0 0 0 0 0 0 0 0 0 0 0 0 0 0 0 0 0 0 0 0 0 0 0 0 0 0 0 0 0 0 0 0 0 0 0 0 0 0 0 0 0 0 0 0 0 0 0 0 0 0 0 0 0 0 0 0 0 
0 0 0 0 0 0 0 0 0 0 0 0 0 0 0 0 0 0 0 0 0 0 0 0 0 0 0 0 0 0 0 0 0 0 0 0 0 0 0 0 0 0 0 0 0 0 0 0 0 0 0 0 0 0 0 0 0 0 0 0 0 0 0 0 0 0 0 0 38 43 51 63 115 130 154 189 152 173 205 253 151 172 202 253 154 173 197 253 162 175 188 253 160 169 176 253 148 156 162 253 137 143 148 253 125 130 134 253 122 126 130 253 127 130 134 253 134 137 140 253 144 147 149 253 155 158 160 253 168 172 174 253 176 180 183 253 178 183 187 253 179 185 189 253 180 186 191 253 180 187 193 253 180 188 195 253 181 189 197 253 180 190 201 253 168 178 190 237 143 153 166 205 127 139 154 189 122 135 155 189 89 100 116 142 29 33 38 47 0 0 0 0 0 0 0 0 0 0 0 0 0 0 0 0 0 0 0 0 0 0 0 0 0 0 0 0 0 0 0 0 0 0 0 0 0 0 0 0 0 0 0 0 0 0 0 0 0 0 0 0 0 0 0 0 0 0 0 0 0 0 0 0 0 0 0 0 
0 0 0 0 0 0 0 0 0 0 0 0 0 0 0 0 0 0 0 0 0 0 0 0 0 0 0 0 0 0 0 0 0 0 0 0 0 0 0 0 0 0 0 0 0 0 0 0 0 0 0 0 0 0 0 0 0 0 0 0 10 11 13 15 30 33 39 47 68 77 91 110 124 141 168 205 156 177 207 253 164 183 209 253 170 186 206 253 173 185 196 253 166 175 182 253 148 156 163 253 133 140 147 253 121 127 133 253 117 122 127 253 121 125 131 253 129 134 139 253 143 147 151 253 158 162 166 253 175 179 182 253 185 190 193 253 188 193 196 253 187 192 196 253 183 189 193 253 180 186 190 253 176 183 187 253 175 182 187 253 176 184 190 253 175 184 193 253 172 184 197 253 168 182 201 253 164 181 204 253 131 145 167 205 68 77 89 110 28 32 38 47 9 10 12 15 0 0 0 0 0 0 0 0 0 0 0 0 0 0 0 0 0 0 0 0 0 0 0 0 0 0 0 0 0 0 0 0 0 0 0 0 0 0 0 0 0 0 0 0 0 0 0 0 0 0 0 0 0 0 0 0 0 0 0 0 
0 0 0 0 0 0 0 0 0 0 0 0 0 0 0 0 0 0 0 0 0 0 0 0 0 0 0 0 0 0 0 0 0 0 0 0 0 0 0 0 0 0 0 0 0 0 0 0 0 0 0 0 0 0 0 0 0 0 0 0 30 33 39 47 92 101 118 142 130 145 170 205 145 165 195 237 162 182 211 253 182 198 217 253 188 200 213 253 178 189 199 253 161 171 180 253 137 147 157 253 121 130 140 253 112 119 129 253 110 117 126 253 116 123 132 253 128 135 143 253 146 153 160 253 165 172 178 253 185 191 196 253 196 203 207 253 200 206 210 253 197 203 208 253 188 195 200 253 177 185 191 253 165 173 180 253 159 166 174 253 157 165 173 253 159 167 176 253 163 172 183 253 165 177 191 253 166 180 199 253 153 169 190 237 126 142 165 205 84 97 114 142 28 32 38 47 0 0 0 0 0 0 0 0 0 0 0 0 0 0 0 0 0 0 0 0 0 0 0 0 0 0 0 0 0 0 0 0 0 0 0 0 0 0 0 0 0 0 0 0 0 0 0 0 0 0 0 0 0 0 0 0 0 0 0 0 
0 0 0 0 0 0 0 0 0 0 0 0 0 0 0 0 0 0 0 0 0 0 0 0 0 0 0 0 0 0 0 0 0 0 0 0 0 0 0 0 0 0 0 0 0 0 0 0 0 0 0 0 0 0 0 0 0 0 0 0 40 45 52 63 121 135 157 189 161 181 210 253 162 183 212 253 171 191 216 253 188 204 221 253 187 201 215 253 169 183 198 253 148 162 179 253 124 138 156 253 109 122 141 253 103 115 134 253 103 115 134 253 109 122 141 253 123 136 155 253 145 158 174 253 167 179 192 253 189 200 209 253 202 212 219 253 206 216 222 253 201 211 219 253 188 199 210 253 173 185 199 253 156 169 185 253 145 158 176 253 140 153 171 253 141 154 171 253 146 160 178 253 152 166 185 253 157 173 194 253 157 175 200 253 152 173 202 253 122 140 165 205 65 75 89 110 27 31 38 47 9 10 12 15 0 0 0 0 0 0 0 0 0 0 0 0 0 0 0 0 0 0 0 0 0 0 0 0 0 0 0 0 0 0 0 0 0 0 0 0 0 0 0 0 0 0 0 0 0 0 0 0 0 0 0 0 
0 0 0 0 0 0 0 0 0 0 0 0 0 0 0 0 0 0 0 0 0 0 0 0 0 0 0 0 0 0 0 0 0 0 0 0 0 0 0 0 0 0 0 0 0 0 0 0 0 0 0 0 0 0 0 0 0 0 0 0 39 44 52 63 117 134 157 189 163 184 213 253 174 196 219 253 180 202 222 253 181 202 220 253 169 191 211 253 146 169 195 253 125 148 178 253 107 130 162 253 97 118 152 253 93 114 148 253 95 116 151 253 101 123 159 253 116 138 173 253 140 162 193 253 164 184 209 253 188 205 222 253 202 218 229 253 207 222 231 253 201 216 229 253 184 202 223 253 166 187 214 253 147 170 203 253 134 157 193 253 125 148 184 253 122 144 180 253 124 146 181 253 128 151 185 253 135 157 190 253 142 164 195 253 147 170 201 253 140 162 191 237 120 139 165 205 83 95 114 142 27 31 38 47 0 0 0 0 0 0 0 0 0 0 0 0 0 0 0 0 0 0 0 0 0 0 0 0 0 0 0 0 0 0 0 0 0 0 0 0 0 0 0 0 0 0 0 0 0 0 0 0 0 0 0 0 
0 0 0 0 0 0 0 0 0 0 0 0 0 0 0 0 0 0 0 0 0 0 0 0 0 0 0 0 0 0 0 0 0 0 0 0 0 0 0 0 0 0 0 0 0 0 0 0 0 0 0 0 9 11 13 15 29 33 39 47 68 78 92 110 127 147 173 205 161 187 216 253 170 197 223 253 170 198 224 253 160 190 218 253 145 176 208 253 124 156 194 253 107 140 182 253 96 127 172 253 90 120 166 253 89 118 165 253 92 121 168 253 99 128 176 253 113 143 189 253 136 165 205 253 159 186 218 253 182 205 228 253 197 218 234 253 204 223 236 253 200 219 235 253 184 207 231 253 167 193 225 253 149 177 217 253 133 162 208 253 120 149 197 253 112 142 191 253 111 140 188 253 113 142 188 253 119 146 190 253 127 153 194 253 136 162 199 253 142 167 202 253 144 167 202 253 117 136 164 205 64 73 88 110 28 31 38 47 9 10 12 15 0 0 0 0 0 0 0 0 0 0 0 0 0 0 0 0 0 0 0 0 0 0 0 0 0 0 0 0 0 0 0 0 0 0 0 0 0 0 0 0 0 0 0 0 
0 0 0 0 0 0 0 0 0 0 0 0 0 0 0 0 0 0 0 0 0 0 0 0 0 0 0 0 0 0 0 0 0 0 0 0 0 0 0 0 0 0 0 0 0 0 0 0 0 0 0 0 29 33 39 47 87 99 117 142 127 146 172 205 148 175 204 237 155 188 221 253 148 187 223 253 138 180 221 253 125 170 214 253 113 158 206 253 102 145 198 253 94 136 191 253 90 130 186 253 89 127 184 253 90 127 183 253 95 131 186 253 103 138 193 253 116 151 201 253 134 168 212 253 153 184 220 253 172 200 228 253 187 212 233 253 197 219 236 253 198 219 236 253 189 212 234 253 176 202 231 253 160 189 226 253 143 174 219 253 124 157 209 253 112 146 202 253 107 141 199 253 105 139 196 253 107 140 195 253 112 143 195 253 121 150 197 253 128 156 198 253 135 160 199 253 131 154 187 237 118 136 164 205 84 95 114 142 28 31 38 47 0 0 0 0 0 0 0 0 0 0 0 0 0 0 0 0 0 0 0 0 0 0 0 0 0 0 0 0 0 0 0 0 0 0 0 0 0 0 0 0 0 0 0 0 
0 0 0 0 0 0 0 0 0 0 0 0 0 0 0 0 0 0 0 0 0 0 0 0 0 0 0 0 0 0 0 0 0 0 0 0 0 0 0 0 0 0 0 0 0 0 0 0 0 0 0 0 38 44 52 63 114 132 156 189 152 179 212 253 150 184 220 253 140 179 222 253 121 166 219 253 106 154 213 253 94 142 204 253 85 133 197 253 81 126 192 253 79 122 189 253 80 121 188 253 82 122 188 253 84 124 189 253 91 130 193 253 100 140 199 253 112 151 206 253 126 164 213 253 141 177 219 253 155 189 224 253 169 199 228 253 182 208 232 253 187 211 234 253 183 208 233 253 174 201 231 253 159 189 228 253 140 174 222 253 119 155 212 253 104 142 205 253 95 134 200 253 91 129 195 253 90 126 192 253 93 126 189 253 99 128 186 253 108 135 187 253 120 146 190 253 130 155 194 253 140 162 199 253 108 125 151 189 36 41 50 63 0 0 0 0 0 0 0 0 0 0 0 0 0 0 0 0 0 0 0 0 0 0 0 0 0 0 0 0 0 0 0 0 0 0 0 0 0 0 0 0 0 0 0 0 
0 0 0 0 0 0 0 0 0 0 0 0 0 0 0 0 0 0 0 0 0 0 0 0 0 0 0 0 0 0 0 0 0 0 0 0 0 0 0 0 0 0 0 0 0 0 0 0 0 0 0 0 36 44 52 63 110 132 157 189 142 175 213 253 132 174 220 253 115 161 219 253 89 136 211 253 73 118 201 253 66 107 190 253 62 100 183 253 61 98 178 253 62 98 177 253 64 101 178 253 68 105 180 253 72 111 183 253 80 120 189 253 91 132 196 253 101 144 202 253 112 155 208 253 122 164 213 253 131 171 217 253 142 180 220 253 157 190 224 253 165 195 227 253 166 195 227 253 159 189 225 253 144 177 222 253 126 162 215 253 104 144 207 253 88 129 199 253 76 118 192 253 69 110 186 253 67 105 180 253 67 100 174 253 70 97 168 253 81 105 168 253 99 123 176 253 114 139 184 253 128 153 194 253 101 120 149 189 33 40 49 63 0 0 0 0 0 0 0 0 0 0 0 0 0 0 0 0 0 0 0 0 0 0 0 0 0 0 0 0 0 0 0 0 0 0 0 0 0 0 0 0 0 0 0 0 
0 0 0 0 0 0 0 0 0 0 0 0 0 0 0 0 0 0 0 0 0 0 0 0 0 0 0 0 0 0 0 0 0 0 0 0 0 0 0 0 0 0 0 0 0 0 0 0 0 0 0 0 35 44 52 63 105 132 158 189 132 172 214 253 116 163 219 253 95 145 216 253 69 116 205 253 54 97 193 253 50 86 181 253 47 79 172 253 47 78 167 253 49 79 166 253 51 83 167 253 55 88 170 253 59 94 174 253 66 104 180 253 76 117 188 253 85 128 195 253 93 137 200 253 100 144 205 253 104 148 208 253 113 155 211 253 127 164 215 253 136 171 218 253 141 174 219 253 138 171 218 253 126 162 215 253 110 150 209 253 91 133 202 253 75 119 194 253 62 107 187 253 55 98 180 253 51 91 173 253 50 84 165 253 52 77 157 253 62 84 157 253 80 103 165 253 99 123 176 253 118 144 189 253 95 115 146 189 31 38 48 63 0 0 0 0 0 0 0 0 0 0 0 0 0 0 0 0 0 0 0 0 0 0 0 0 0 0 0 0 0 0 0 0 0 0 0 0 0 0 0 0 0 0 0 0 
0 0 0 0 0 0 0 0 0 0 0 0 0 0 0 0 0 0 0 0 0 0 0 0 0 0 0 0 0 0 0 0 0 0 0 0 0 0 0 0 0 0 0 0 0 0 0 0 0 0 0 0 33 44 53 63 99 132 160 189 122 168 215 253 100 153 218 253 80 132 213 253 62 107 201 253 50 89 188 253 45 78 175 253 42 70 165 253 40 65 159 253 40 64 156 253 41 66 156 253 43 69 158 253 45 75 162 253 50 83 168 253 58 95 176 253 64 105 183 253 70 112 190 253 74 117 194 253 75 120 198 253 81 125 201 253 91 133 205 253 100 140 208 253 108 147 210 253 109 149 210 253 104 144 207 253 93 136 203 253 78 123 197 253 65 110 191 253 53 99 184 253 46 91 177 253 44 84 170 253 43 77 162 253 44 69 153 253 51 72 152 253 65 87 158 253 84 108 169 253 108 135 185 253 90 111 144 189 30 37 48 63 0 0 0 0 0 0 0 0 0 0 0 0 0 0 0 0 0 0 0 0 0 0 0 0 0 0 0 0 0 0 0 0 0 0 0 0 0 0 0 0 0 0 0 0 
0 0 0 0 0 0 0 0 0 0 0 0 0 0 0 0 0 0 0 0 0 0 0 0 0 0 0 0 0 0 0 0 0 0 0 0 0 0 0 0 0 0 0 0 0 0 0 0 0 0 0 0 31 44 54 63 94 132 162 189 113 165 216 253 88 143 216 253 69 121 209 253 56 100 197 253 47 84 184 253 43 73 171 253 39 65 162 253 37 60 155 253 36 58 152 253 36 59 152 253 37 62 155 253 39 67 159 253 42 75 166 253 47 84 173 253 52 93 181 253 56 99 187 253 58 103 192 253 58 105 196 253 61 109 200 253 68 116 203 253 75 123 206 253 84 132 208 253 88 135 208 253 87 133 206 253 81 127 202 253 69 117 197 253 58 106 191 253 48 97 184 253 42 89 178 253 40 83 171 253 39 76 163 253 39 68 155 253 45 69 152 253 55 79 155 253 73 99 165 253 100 128 182 253 85 107 142 189 28 35 47 63 0 0 0 0 0 0 0 0 0 0 0 0 0 0 0 0 0 0 0 0 0 0 0 0 0 0 0 0 0 0 0 0 0 0 0 0 0 0 0 0 0 0 0 0 
0 0 0 0 0 0 0 0 0 0 0 0 0 0 0 0 0 0 0 0 0 0 0 0 0 0 0 0 0 0 0 0 0 0 0 0 0 0 0 0 0 0 0 0 0 0 0 0 0 0 0 0 30 43 54 63 91 131 164 189 107 161 217 253 80 134 213 253 62 112 205 253 53 95 193 253 46 82 181 253 42 71 169 253 39 64 161 253 37 61 156 253 36 61 154 253 36 63 156 253 37 67 159 253 39 72 165 253 41 78 172 253 45 85 179 253 48 92 186 253 51 97 193 253 52 101 199 253 53 104 203 253 55 108 206 253 58 113 209 253 63 119 211 253 70 127 213 253 75 130 213 253 76 130 210 253 72 125 206 253 64 115 201 253 55 107 194 253 47 99 188 253 42 92 182 253 40 86 175 253 38 81 169 253 38 75 162 253 42 74 158 253 50 79 158 253 67 95 165 253 93 123 180 253 79 103 140 189 26 34 46 63 0 0 0 0 0 0 0 0 0 0 0 0 0 0 0 0 0 0 0 0 0 0 0 0 0 0 0 0 0 0 0 0 0 0 0 0 0 0 0 0 0 0 0 0 
0 0 0 0 0 0 0 0 0 0 0 0 0 0 0 0 0 0 0 0 0 0 0 0 0 0 0 0 0 0 0 0 0 0 0 0 0 0 0 0 0 0 0 0 0 0 0 0 0 0 0 0 29 43 54 63 87 129 164 189 103 157 216 253 75 127 210 253 58 105 202 253 51 91 190 253 45 80 179 253 41 71 168 253 38 65 161 253 37 64 158 253 36 65 158 253 37 68 161 253 38 73 166 253 40 79 173 253 42 85 180 253 45 91 188 253 47 97 195 253 49 102 202 253 50 107 208 253 51 110 212 253 52 114 215 253 53 118 218 253 56 122 220 253 61 128 221 253 64 130 220 253 66 130 217 253 64 126 213 253 58 119 207 253 53 112 201 253 47 105 194 253 42 99 187 253 40 92 180 253 38 86 174 253 38 81 168 253 41 79 163 253 47 81 161 253 64 95 166 253 89 121 179 253 76 101 139 189 25 33 46 63 0 0 0 0 0 0 0 0 0 0 0 0 0 0 0 0 0 0 0 0 0 0 0 0 0 0 0 0 0 0 0 0 0 0 0 0 0 0 0 0 0 0 0 0 
0 0 0 0 0 0 0 0 0 0 0 0 0 0 0 0 0 0 0 0 0 0 0 0 0 0 0 0 0 0 0 0 0 0 0 0 0 0 0 0 0 0 0 0 0 0 0 0 0 0 0 0 28 42 54 63 84 126 164 189 99 152 215 253 72 122 207 253 55 100 198 253 50 88 187 253 45 79 177 253 41 71 168 253 38 68 162 253 37 68 161 253 37 70 162 253 38 75 167 253 40 80 173 253 42 86 181 253 44 94 190 253 46 102 199 253 49 109 207 253 50 115 214 253 51 120 219 253 52 123 223 253 52 126 226 253 53 130 229 253 54 133 230 253 56 135 230 253 57 135 229 253 58 133 226 253 57 131 222 253 53 127 217 253 50 122 210 253 46 116 203 253 43 109 195 253 40 100 186 253 39 93 179 253 38 87 172 253 40 85 168 253 46 85 165 253 62 98 169 253 88 122 181 253 75 100 140 189 25 33 46 63 0 0 0 0 0 0 0 0 0 0 0 0 0 0 0 0 0 0 0 0 0 0 0 0 0 0 0 0 0 0 0 0 0 0 0 0 0 0 0 0 0 0 0 0 
0 0 0 0 0 0 0 0 0 0 0 0 0 0 0 0 0 0 0 0 0 0 0 0 0 0 0 0 0 0 0 0 0 0 0 0 0 0 0 0 0 0 0 0 0 0 0 0 0 0 0 0 27 41 54 63 82 123 163 189 96 149 213 253 70 118 204 253 54 97 194 253 49 86 183 253 44 78 174 253 40 72 167 253 38 70 163 253 37 71 162 253 38 74 165 253 39 79 171 253 41 85 179 253 43 92 188 253 46 100 197 253 48 109 207 253 50 117 216 253 51 124 223 253 52 129 229 253 53 132 232 253 53 136 235 253 53 139 237 253 53 140 238 253 54 141 238 253 54 140 236 253 54 139 234 253 53 137 230 253 51 136 225 253 49 132 218 253 46 126 211 253 44 118 202 253 41 108 192 253 40 100 184 253 39 93 177 253 41 90 171 253 47 90 168 253 62 101 172 253 88 124 182 253 75 101 140 189 25 33 46 63 0 0 0 0 0 0 0 0 0 0 0 0 0 0 0 0 0 0 0 0 0 0 0 0 0 0 0 0 0 0 0 0 0 0 0 0 0 0 0 0 0 0 0 0 
0 0 0 0 0 0 0 0 0 0 0 0 0 0 0 0 0 0 0 0 0 0 0 0 0 0 0 0 0 0 0 0 0 0 0 0 0 0 0 0 0 0 0 0 0 0 0 0 0 0 0 0 27 40 54 63 81 121 162 189 95 146 210 253 69 115 200 253 53 95 190 253 49 85 180 253 44 78 172 253 40 73 165 253 38 71 162 253 38 73 163 253 38 76 167 253 40 82 174 253 42 88 183 253 45 94 192 253 48 103 202 253 50 113 213 253 51 122 222 253 52 130 230 253 53 136 235 253 54 139 239 253 54 142 242 253 54 145 243 253 54 146 243 253 54 145 243 253 54 145 242 253 54 146 240 253 53 145 237 253 52 144 232 253 50 141 226 253 48 134 218 253 45 126 209 253 43 116 199 253 41 107 189 253 40 98 180 253 42 94 174 253 48 94 171 253 64 105 174 253 90 127 184 253 77 103 141 189 25 34 47 63 0 0 0 0 0 0 0 0 0 0 0 0 0 0 0 0 0 0 0 0 0 0 0 0 0 0 0 0 0 0 0 0 0 0 0 0 0 0 0 0 0 0 0 0 
0 0 0 0 0 0 0 0 0 0 0 0 0 0 0 0 0 0 0 0 0 0 0 0 0 0 0 0 0 0 0 0 0 0 0 0 0 0 0 0 0 0 0 0 0 0 0 0 0 0 0 0 27 39 53 63 81 119 160 189 95 144 208 253 69 114 197 253 54 94 187 253 49 86 178 253 45 80 170 253 41 75 165 253 39 74 163 253 38 75 165 253 39 79 169 253 41 84 177 253 43 90 186 253 46 97 196 253 49 106 207 253 51 118 218 253 52 127 227 253 53 135 235 253 54 141 240 253 54 144 244 253 55 146 246 253 55 148 247 253 55 149 247 253 55 150 247 253 55 151 246 253 54 152 245 253 54 152 242 253 53 152 238 253 51 148 232 253 49 142 224 253 47 133 214 253 44 123 204 253 42 113 194 253 41 103 184 253 43 98 177 253 51 99 173 253 67 109 176 253 93 131 186 253 79 106 143 189 26 35 47 63 0 0 0 0 0 0 0 0 0 0 0 0 0 0 0 0 0 0 0 0 0 0 0 0 0 0 0 0 0 0 0 0 0 0 0 0 0 0 0 0 0 0 0 0 
0 0 0 0 0 0 0 0 0 0 0 0 0 0 0 0 0 0 0 0 0 0 0 0 0 0 0 0 0 0 0 0 0 0 0 0 0 0 0 0 0 0 0 0 0 0 0 0 0 0 0 0 27 39 52 63 82 119 157 189 96 144 204 253 70 114 193 253 55 95 184 253 50 89 176 253 46 84 170 253 42 80 166 253 40 78 165 253 39 79 167 253 39 81 171 253 41 86 179 253 44 92 188 253 47 100 200 253 49 111 211 253 51 123 223 253 53 132 232 253 54 140 238 253 54 145 243 253 54 147 246 253 55 148 248 253 55 149 248 253 55 151 249 253 55 153 249 253 55 156 248 253 55 158 247 253 55 159 245 253 54 158 241 253 53 154 236 253 51 148 228 253 48 139 219 253 46 129 208 253 44 118 198 253 41 106 187 253 45 101 179 253 53 103 176 253 71 114 179 253 98 135 188 253 83 109 144 189 27 36 48 63 0 0 0 0 0 0 0 0 0 0 0 0 0 0 0 0 0 0 0 0 0 0 0 0 0 0 0 0 0 0 0 0 0 0 0 0 0 0 0 0 0 0 0 0 
0 0 0 0 0 0 0 0 0 0 0 0 0 0 0 0 0 0 0 0 0 0 0 0 0 0 0 0 0 0 0 0 0 0 0 0 0 0 0 0 0 0 0 0 0 0 0 0 0 0 0 0 28 39 52 63 84 119 156 189 99 144 202 253 73 114 190 253 57 97 181 253 51 90 174 253 47 86 169 253 43 84 167 253 40 83 167 253 39 82 169 253 39 84 173 253 41 88 181 253 44 95 190 253 47 105 202 253 49 116 214 253 51 128 226 253 53 138 234 253 54 145 241 253 55 149 245 253 55 150 247 253 55 151 249 253 56 151 249 253 56 154 250 253 56 158 250 253 56 162 249 253 56 165 249 253 56 166 247 253 55 165 244 253 54 161 239 253 52 154 231 253 50 145 222 253 47 134 212 253 45 122 200 253 43 109 189 253 47 104 181 253 58 107 178 253 77 119 182 253 104 140 191 253 88 113 146 189 29 37 48 63 0 0 0 0 0 0 0 0 0 0 0 0 0 0 0 0 0 0 0 0 0 0 0 0 0 0 0 0 0 0 0 0 0 0 0 0 0 0 0 0 0 0 0 0 
0 0 0 0 0 0 0 0 0 0 0 0 0 0 0 0 0 0 0 0 0 0 0 0 0 0 0 0 0 0 0 0 0 0 0 0 0 0 0 0 0 0 0 0 0 0 0 0 0 0 0 0 29 39 51 63 88 119 154 189 104 145 199 253 77 116 187 253 60 98 178 253 52 91 172 253 47 87 169 253 44 87 169 253 41 87 169 253 39 86 170 253 39 88 175 253 41 92 182 253 43 100 192 253 46 110 204 253 49 122 216 253 51 134 227 253 52 144 236 253 54 152 241 253 55 155 245 253 55 156 247 253 56 156 249 253 56 156 249 253 56 159 250 253 57 165 250 253 57 170 249 253 57 173 249 253 57 174 247 253 56 172 245 253 55 168 240 253 54 161 234 253 51 151 225 253 49 138 213 253 47 125 202 253 45 111 190 253 51 107 183 253 65 113 181 253 85 125 185 253 112 146 194 253 94 117 148 189 31 39 49 63 0 0 0 0 0 0 0 0 0 0 0 0 0 0 0 0 0 0 0 0 0 0 0 0 0 0 0 0 0 0 0 0 0 0 0 0 0 0 0 0 0 0 0 0 
0 0 0 0 0 0 0 0 0 0 0 0 0 0 0 0 0 0 0 0 0 0 0 0 0 0 0 0 0 0 0 0 0 0 0 0 0 0 0 0 0 0 0 0 0 0 0 0 0 0 0 0 31 40 51 63 93 120 153 189 110 147 198 253 83 120 185 253 65 101 175 253 54 89 168 253 47 85 165 253 44 87 167 253 42 88 169 253 40 88 171 253 39 90 175 253 41 95 183 253 43 103 193 253 46 114 205 253 48 126 216 253 50 138 227 253 52 149 235 253 54 157 241 253 55 162 245 253 56 163 247 253 56 163 249 253 57 162 249 253 57 165 249 253 57 171 249 253 58 176 249 253 58 179 248 253 57 180 247 253 57 177 245 253 56 172 241 253 54 165 234 253 53 154 225 253 50 140 214 253 49 127 202 253 50 115 191 253 59 114 186 253 76 122 186 253 98 136 190 253 123 154 198 253 102 122 151 189 34 40 50 63 0 0 0 0 0 0 0 0 0 0 0 0 0 0 0 0 0 0 0 0 0 0 0 0 0 0 0 0 0 0 0 0 0 0 0 0 0 0 0 0 0 0 0 0 
0 0 0 0 0 0 0 0 0 0 0 0 0 0 0 0 0 0 0 0 0 0 0 0 0 0 0 0 0 0 0 0 0 0 0 0 0 0 0 0 0 0 0 0 0 0 0 0 0 0 0 0 33 40 51 63 99 122 153 189 119 151 197 253 92 126 185 253 71 104 173 253 56 86 162 253 47 79 159 253 44 84 163 253 42 87 167 253 40 88 170 253 39 92 175 253 40 97 183 253 42 106 192 253 45 117 204 253 47 128 215 253 50 140 225 253 52 151 234 253 54 161 240 253 56 168 244 253 57 171 247 253 57 172 248 253 57 171 249 253 57 172 249 253 57 176 249 253 58 180 249 253 58 183 248 253 58 183 247 253 57 180 244 253 56 175 240 253 55 166 233 253 53 154 224 253 51 140 213 253 53 129 202 253 58 121 193 253 71 123 190 253 94 137 192 253 116 151 197 253 138 165 203 253 112 129 155 189 37 43 51 63 0 0 0 0 0 0 0 0 0 0 0 0 0 0 0 0 0 0 0 0 0 0 0 0 0 0 0 0 0 0 0 0 0 0 0 0 0 0 0 0 0 0 0 0 
0 0 0 0 0 0 0 0 0 0 0 0 0 0 0 0 0 0 0 0 0 0 0 0 0 0 0 0 0 0 0 0 0 0 0 0 0 0 0 0 0 0 0 0 0 0 0 0 0 0 0 0 25 30 38 47 77 92 114 142 99 123 160 205 94 123 174 237 81 112 175 253 61 88 161 253 49 77 156 253 46 80 159 253 43 83 163 253 40 87 168 253 39 92 174 253 40 98 181 253 41 106 190 253 44 117 201 253 46 128 212 253 49 141 222 253 52 152 231 253 54 163 238 253 56 171 242 253 57 176 245 253 58 178 247 253 58 177 248 253 58 178 249 253 58 180 248 253 58 183 248 253 59 186 247 253 59 186 245 253 59 183 243 253 58 176 238 253 56 166 231 253 56 155 222 253 56 142 212 253 62 135 203 253 73 132 197 253 80 127 182 237 84 118 159 205 93 118 150 189 109 128 154 189 87 100 117 142 29 33 39 47 0 0 0 0 0 0 0 0 0 0 0 0 0 0 0 0 0 0 0 0 0 0 0 0 0 0 0 0 0 0 0 0 0 0 0 0 0 0 0 0 0 0 0 0 
0 0 0 0 0 0 0 0 0 0 0 0 0 0 0 0 0 0 0 0 0 0 0 0 0 0 0 0 0 0 0 0 0 0 0 0 0 0 0 0 0 0 0 0 0 0 0 0 0 0 0 0 8 10 12 15 25 30 38 47 52 65 85 110 88 113 154 205 94 123 180 253 69 95 163 253 54 80 155 253 48 77 155 253 44 78 158 253 41 84 165 253 40 90 171 253 40 96 178 253 41 104 187 253 43 114 197 253 45 126 208 253 48 139 219 253 51 152 228 253 54 163 235 253 56 172 240 253 58 179 243 253 58 181 246 253 58 180 247 253 58 181 247 253 58 182 247 253 59 185 247 253 60 188 246 253 60 188 244 253 60 184 240 253 60 176 235 253 59 165 228 253 60 155 220 253 65 147 211 253 76 145 206 253 95 150 203 253 85 123 164 205 47 66 87 110 31 39 50 63 36 42 51 63 29 33 39 47 9 11 13 15 0 0 0 0 0 0 0 0 0 0 0 0 0 0 0 0 0 0 0 0 0 0 0 0 0 0 0 0 0 0 0 0 0 0 0 0 0 0 0 0 0 0 0 0 
0 0 0 0 0 0 0 0 0 0 0 0 0 0 0 0 0 0 0 0 0 0 0 0 0 0 0 0 0 0 0 0 0 0 0 0 0 0 0 0 0 0 0 0 0 0 0 0 0 0 0 0 0 0 0 0 0 0 0 0 30 37 48 63 91 113 146 189 109 137 186 253 82 108 170 253 63 89 159 253 53 79 155 253 46 76 155 253 43 81 161 253 41 86 167 253 40 93 175 253 41 101 184 253 42 112 194 253 45 124 204 253 48 137 215 253 51 150 224 253 54 163 231 253 57 173 237 253 58 180 241 253 59 183 244 253 59 182 245 253 59 182 245 253 59 183 245 253 60 186 245 253 62 190 244 253 64 190 241 253 65 186 238 253 65 178 233 253 66 168 226 253 72 161 219 253 81 157 213 253 96 158 210 253 116 165 209 253 95 126 156 189 31 42 52 63 0 0 0 0 0 0 0 0 0 0 0 0 0 0 0 0 0 0 0 0 0 0 0 0 0 0 0 0 0 0 0 0 0 0 0 0 0 0 0 0 0 0 0 0 0 0 0 0 0 0 0 0 0 0 0 0 0 0 0 0 
0 0 0 0 0 0 0 0 0 0 0 0 0 0 0 0 0 0 0 0 0 0 0 0 0 0 0 0 0 0 0 0 0 0 0 0 0 0 0 0 0 0 0 0 0 0 0 0 0 0 0 0 0 0 0 0 0 0 0 0 34 41 50 63 104 123 151 189 126 152 194 253 100 127 180 253 78 105 168 253 61 86 158 253 50 77 154 253 45 78 157 253 42 82 162 253 41 89 170 253 41 98 180 253 42 109 190 253 44 121 201 253 48 134 211 253 51 148 220 253 55 161 228 253 57 172 234 253 59 180 238 253 60 183 241 253 59 183 242 253 60 183 243 253 60 184 243 253 63 187 242 253 66 192 241 253 69 192 239 253 71 188 235 253 74 182 230 253 79 175 225 253 89 171 221 253 105 172 217 253 121 174 214 253 136 177 213 253 108 134 159 189 36 44 53 63 0 0 0 0 0 0 0 0 0 0 0 0 0 0 0 0 0 0 0 0 0 0 0 0 0 0 0 0 0 0 0 0 0 0 0 0 0 0 0 0 0 0 0 0 0 0 0 0 0 0 0 0 0 0 0 0 0 0 0 0 
0 0 0 0 0 0 0 0 0 0 0 0 0 0 0 0 0 0 0 0 0 0 0 0 0 0 0 0 0 0 0 0 0 0 0 0 0 0 0 0 0 0 0 0 0 0 0 0 0 0 0 0 0 0 0 0 0 0 0 0 27 32 38 47 83 96 115 142 110 130 161 205 108 133 177 237 97 124 178 253 76 102 165 253 62 88 159 253 54 83 158 253 49 84 161 253 46 90 168 253 45 98 177 253 45 109 188 253 47 121 198 253 50 134 208 253 53 147 217 253 56 161 225 253 59 172 231 253 62 180 235 253 63 185 238 253 64 185 239 253 65 187 240 253 67 189 240 253 70 192 240 253 75 196 239 253 79 196 237 253 82 193 233 253 88 188 229 253 96 184 225 253 108 182 222 253 125 182 219 253 129 172 203 237 119 149 175 205 86 104 120 142 28 34 40 47 0 0 0 0 0 0 0 0 0 0 0 0 0 0 0 0 0 0 0 0 0 0 0 0 0 0 0 0 0 0 0 0 0 0 0 0 0 0 0 0 0 0 0 0 0 0 0 0 0 0 0 0 0 0 0 0 0 0 0 0 
0 0 0 0 0 0 0 0 0 0 0 0 0 0 0 0 0 0 0 0 0 0 0 0 0 0 0 0 0 0 0 0 0 0 0 0 0 0 0 0 0 0 0 0 0 0 0 0 0 0 0 0 0 0 0 0 0 0 0 0 9 10 12 15 27 32 38 47 60 70 87 110 106 127 160 205 119 145 190 253 98 125 178 253 82 109 170 253 70 98 164 253 61 93 164 253 55 94 168 253 52 101 176 253 51 112 187 253 52 123 197 253 53 136 207 253 56 148 215 253 59 162 223 253 63 173 229 253 66 182 233 253 69 188 236 253 71 190 237 253 74 193 238 253 79 196 238 253 84 199 238 253 89 202 237 253 94 202 235 253 98 199 232 253 105 196 229 253 116 194 227 253 128 191 224 253 141 189 220 253 120 152 177 205 65 81 94 110 28 34 40 47 9 11 13 15 0 0 0 0 0 0 0 0 0 0 0 0 0 0 0 0 0 0 0 0 0 0 0 0 0 0 0 0 0 0 0 0 0 0 0 0 0 0 0 0 0 0 0 0 0 0 0 0 0 0 0 0 0 0 0 0 0 0 0 0 
0 0 0 0 0 0 0 0 0 0 0 0 0 0 0 0 0 0 0 0 0 0 0 0 0 0 0 0 0 0 0 0 0 0 0 0 0 0 0 0 0 0 0 0 0 0 0 0 0 0 0 0 0 0 0 0 0 0 0 0 0 0 0 0 0 0 0 0 26 30 37 47 79 92 113 142 106 127 160 205 109 134 177 237 104 131 182 253 90 118 175 253 80 110 172 253 72 108 173 253 67 111 179 253 63 120 188 253 62 129 197 253 62 140 206 253 64 152 214 253 67 165 221 253 71 176 227 253 76 185 231 253 80 192 234 253 84 196 235 253 89 199 236 253 95 202 237 253 100 205 237 253 106 206 236 253 111 205 234 253 116 203 231 253 123 200 228 253 132 197 225 253 132 182 209 237 121 155 179 205 87 106 123 142 29 35 41 47 0 0 0 0 0 0 0 0 0 0 0 0 0 0 0 0 0 0 0 0 0 0 0 0 0 0 0 0 0 0 0 0 0 0 0 0 0 0 0 0 0 0 0 0 0 0 0 0 0 0 0 0 0 0 0 0 0 0 0 0 0 0 0 0 0 0 0 0 
0 0 0 0 0 0 0 0 0 0 0 0 0 0 0 0 0 0 0 0 0 0 0 0 0 0 0 0 0 0 0 0 0 0 0 0 0 0 0 0 0 0 0 0 0 0 0 0 0 0 0 0 0 0 0 0 0 0 0 0 0 0 0 0 0 0 0 0 8 10 12 15 26 30 37 47 60 70 87 110 109 129 161 205 128 154 195 253 116 144 189 253 105 136 186 253 96 131 184 253 88 130 186 253 82 133 192 253 77 139 198 253 76 148 206 253 77 158 213 253 80 170 220 253 84 181 226 253 90 190 229 253 96 197 232 253 102 202 234 253 109 205 235 253 114 208 236 253 120 209 235 253 126 209 234 253 131 208 233 253 136 205 230 253 140 200 226 253 144 192 221 253 119 153 177 205 65 82 95 110 29 35 41 47 9 11 13 15 0 0 0 0 0 0 0 0 0 0 0 0 0 0 0 0 0 0 0 0 0 0 0 0 0 0 0 0 0 0 0 0 0 0 0 0 0 0 0 0 0 0 0 0 0 0 0 0 0 0 0 0 0 0 0 0 0 0 0 0 0 0 0 0 0 0 0 0 
0 0 0 0 0 0 0 0 0 0 0 0 0 0 0 0 0 0 0 0 0 0 0 0 0 0 0 0 0 0 0 0 0 0 0 0 0 0 0 0 0 0 0 0 0 0 0 0 0 0 0 0 0 0 0 0 0 0 0 0 0 0 0 0 0 0 0 0 0 0 0 0 0 0 0 0 27 31 38 47 82 95 114 142 105 124 151 189 96 117 147 189 97 122 157 205 107 138 180 237 108 145 193 253 101 146 196 253 96 149 201 253 93 156 207 253 93 165 213 253 95 175 219 253 99 184 224 253 105 192 228 253 112 199 230 253 120 204 231 253 126 207 232 253 131 208 233 253 136 208 232 253 140 206 230 253 143 203 228 253 147 199 225 253 139 183 208 237 122 154 177 205 84 104 121 142 28 34 40 47 0 0 0 0 0 0 0 0 0 0 0 0 0 0 0 0 0 0 0 0 0 0 0 0 0 0 0 0 0 0 0 0 0 0 0 0 0 0 0 0 0 0 0 0 0 0 0 0 0 0 0 0 0 0 0 0 0 0 0 0 0 0 0 0 0 0 0 0 0 0 0 0 0 0 0 0 
0 0 0 0 0 0 0 0 0 0 0 0 0 0 0 0 0 0 0 0 0 0 0 0 0 0 0 0 0 0 0 0 0 0 0 0 0 0 0 0 0 0 0 0 0 0 0 0 0 0 0 0 0 0 0 0 0 0 0 0 0 0 0 0 0 0 0 0 0 0 0 0 0 0 0 0 9 10 12 15 27 31 38 47 35 41 50 63 32 39 49 63 55 68 86 110 104 129 162 205 126 159 200 253 120 158 202 253 116 161 205 253 114 166 209 253 113 173 214 253 113 180 218 253 117 187 222 253 122 193 225 253 129 199 227 253 137 203 229 253 143 204 229 253 146 204 228 253 148 201 226 253 148 196 223 253 148 191 219 253 148 186 215 253 120 149 173 205 65 80 93 110 28 34 40 47 9 11 13 15 0 0 0 0 0 0 0 0 0 0 0 0 0 0 0 0 0 0 0 0 0 0 0 0 0 0 0 0 0 0 0 0 0 0 0 0 0 0 0 0 0 0 0 0 0 0 0 0 0 0 0 0 0 0 0 0 0 0 0 0 0 0 0 0 0 0 0 0 0 0 0 0 0 0 0 0 
0 0 0 0 0 0 0 0 0 0 0 0 0 0 0 0 0 0 0 0 0 0 0 0 0 0 0 0 0 0 0 0 0 0 0 0 0 0 0 0 0 0 0 0 0 0 0 0 0 0 0 0 0 0 0 0 0 0 0 0 0 0 0 0 0 0 0 0 0 0 0 0 0 0 0 0 0 0 0 0 0 0 0 0 0 0 0 0 0 0 0 0 25 31 38 47 77 93 114 142 101 124 153 189 97 123 153 189 95 125 155 189 93 128 158 189 92 132 161 189 92 137 163 189 94 141 166 189 98 145 168 189 103 149 170 189 109 151 171 189 113 152 171 189 115 151 170 189 115 148 167 189 114 143 164 189 113 139 161 189 111 134 158 189 83 98 117 142 27 32 39 47 0 0 0 0 0 0 0 0 0 0 0 0 0 0 0 0 0 0 0 0 0 0 0 0 0 0 0 0 0 0 0 0 0 0 0 0 0 0 0 0 0 0 0 0 0 0 0 0 0 0 0 0 0 0 0 0 0 0 0 0 0 0 0 0 0 0 0 0 0 0 0 0 0 0 0 0 0 0 0 0 0 0 0 0 
0 0 0 0 0 0 0 0 0 0 0 0 0 0 0 0 0 0 0 0 0 0 0 0 0 0 0 0 0 0 0 0 0 0 0 0 0 0 0 0 0 0 0 0 0 0 0 0 0 0 0 0 0 0 0 0 0 0 0 0 0 0 0 0 0 0 0 0 0 0 0 0 0 0 0 0 0 0 0 0 0 0 0 0 0 0 0 0 0 0 0 0 8 10 12 15 25 31 38 47 33 41 51 63 32 41 51 63 31 41 51 63 31 42 52 63 30 44 53 63 30 45 54 63 31 47 55 63 32 48 56 63 34 49 56 63 36 50 57 63 37 50 57 63 38 50 56 63 38 49 55 63 38 47 54 63 37 46 53 63 37 44 52 63 27 32 39 47 9 10 13 15 0 0 0 0 0 0 0 0 0 0 0 0 0 0 0 0 0 0 0 0 0 0 0 0 0 0 0 0 0 0 0 0 0 0 0 0 0 0 0 0 0 0 0 0 0 0 0 0 0 0 0 0 0 0 0 0 0 0 0 0 0 0 0 0 0 0 0 0 0 0 0 0 0 0 0 0 0 0 0 0 0 0 0 0 
0 0 0 0 0 0 0 0 0 0 0 0 0 0 0 0 0 0 0 0 0 0 0 0 0 0 0 0 0 0 0 0 0 0 0 0 0 0 0 0 0 0 0 0 0 0 0 0 0 0 0 0 0 0 0 0 0 0 0 0 0 0 0 0 0 0 0 0 0 0 0 0 0 0 0 0 0 0 0 0 0 0 0 0 0 0 0 0 0 0 0 0 0 0 0 0 0 0 0 0 0 0 0 0 0 0 0 0 0 0 0 0 0 0 0 0 0 0 0 0 0 0 0 0 0 0 0 0 0 0 0 0 0 0 0 0 0 0 0 0 0 0 0 0 0 0 0 0 0 0 0 0 0 0 0 0 0 0 0 0 0 0 0 0 0 0 0 0 0 0 0 0 0 0 0 0 0 0 0 0 0 0 0 0 0 0 0 0 0 0 0 0 0 0 0 0 0 0 0 0 0 0 0 0 0 0 0 0 0 0 0 0 0 0 0 0 0 0 0 0 0 0 0 0 0 0 0 0 0 0 0 0 0 0 0 0 0 0 0 0 0 0 0 0 0 0 0 0 0 0 0 0 0 0 0 0 
0 0 0 0 0 0 0 0 0 0 0 0 0 0 0 0 0 0 0 0 0 0 0 0 0 0 0 0 0 0 0 0 0 0 0 0 0 0 0 0 0 0 0 0 0 0 0 0 0 0 0 0 0 0 0 0 0 0 0 0 0 0 0 0 0 0 0 0 0 0 0 0 0 0 0 0 0 0 0 0 0 0 0 0 0 0 0 0 0 0 0 0 0 0 0 0 0 0 0 0 0 0 0 0 0 0 0 0 0 0 0 0 0 0 0 0 0 0 0 0 0 0 0 0 0 0 0 0 0 0 0 0 0 0 0 0 0 0 0 0 0 0 0 0 0 0 0 0 0 0 0 0 0 0 0 0 0 0 0 0 0 0 0 0 0 0 0 0 0 0 0 0 0 0 0 0 0 0 0 0 0 0 0 0 0 0 0 0 0 0 0 0 0 0 0 0 0 0 0 0 0 0 0 0 0 0 0 0 0 0 0 0 0 0 0 0 0 0 0 0 0 0 0 0 0 0 0 0 0 0 0 0 0 0 0 0 0 0 0 0 0 0 0 0 0 0 0 0 0 0 0 0 0 0 0 0 
0 0 0 0 0 0 0 0 0 0 0 0 0 0 0 0 0 0 0 0 0 0 0 0 0 0 0 0 0 0 0 0 0 0 0 0 0 0 0 0 0 0 0 0 0 0 0 0 0 0 0 0 0 0 0 0 0 0 0 0 0 0 0 0 0 0 0 0 0 0 0 0 0 0 0 0 0 0 0 0 0 0 0 0 0 0 0 0 0 0 0 0 0 0 0 0 0 0 0 0 0 0 0 0 0 0 0 0 0 0 0 0 0 0 0 0 0 0 0 0 0 0 0 0 0 0 0 0 0 0 0 0 0 0 0 0 0 0 0 0 0 0 0 0 0 0 0 0 0 0 0 0 0 0 0 0 0 0 0 0 0 0 0 0 0 0 0 0 0 0 0 0 0 0 0 0 0 0 0 0 0 0 0 0 0 0 0 0 0 0 0 0 0 0 0 0 0 0 0 0 0 0 0 0 0 0 0 0 0 0 0 0 0 0 0 0 0 0 0 0 0 0 0 0 0 0 0 0 0 0 0 0 0 0 0 0 0 0 0 0 0 0 0 0 0 0 0 0 0 0 0 0 0 0 0 0 
0 0 0 0 0 0 0 0 0 0 0 0 0 0 0 0 0 0 0 0 0 0 0 0 0 0 0 0 0 0 0 0 0 0 0 0 0 0 0 0 0 0 0 0 0 0 0 0 0 0 0 0 0 0 0 0 0 0 0 0 0 0 0 0 0 0 0 0 0 0 0 0 0 0 0 0 0 0 0 0 0 0 0 0 0 0 0 0 0 0 0 0 0 0 0 0 0 0 0 0 0 0 0 0 0 0 0 0 0 0 0 0 0 0 0 0 0 0 0 0 0 0 0 0 0 0 0 0 0 0 0 0 0 0 0 0 0 0 0 0 0 0 0 0 0 0 0 0 0 0 0 0 0 0 0 0 0 0 0 0 0 0 0 0 0 0 0 0 0 0 0 0 0 0 0 0 0 0 0 0 0 0 0 0 0 0 0 0 0 0 0 0 0 0 0 0 0 0 0 0 0 0 0 0 0 0 0 0 0 0 0 0 0 0 0 0 0 0 0 0 0 0 0 0 0 0 0 0 0 0 0 0 0 0 0 0 0 0 0 0 0 0 0 0 0 0 0 0 0 0 0 0 0 0 0 0 
0 0 0 0 0 0 0 0 0 0 0 0 0 0 0 0 0 0 0 0 0 0 0 0 0 0 0 0 0 0 0 0 0 0 0 0 0 0 0 0 0 0 0 0 0 0 0 0 0 0 0 0 0 0 0 0 0 0 0 0 0 0 0 0 0 0 0 0 0 0 0 0 0 0 0 0 0 0 0 0 0 0 0 0 0 0 0 0 0 0 0 0 0 0 0 0 0 0 0 0 0 0 0 0 0 0 0 0 0 0 0 0 0 0 0 0 0 0 0 0 0 0 0 0 0 0 0 0 0 0 0 0 0 0 0 0 0 0 0 0 0 0 0 0 0 0 0 0 0 0 0 0 0 0 0 0 0 0 0 0 0 0 0 0 0 0 0 0 0 0 0 0 0 0 0 0 0 0 0 0 0 0 0 0 0 0 0 0 0 0 0 0 0 0 0 0 0 0 0 0 0 0 0 0 0 0 0 0 0 0 0 0 0 0 0 0 0 0 0 0 0 0 0 0 0 0 0 0 0 0 0 0 0 0 0 0 0 0 0 0 0 0 0 0 0 0 0 0 0 0 0 0 0 0 0 0 
