0 0 0 0 0 0 0 0 0 0 0 0 0 0 0 0 0 0 0 0 0 0 0 0 0 0 0 0 0 0 0 0 0 0 0 0 0 0 0 0 0 0 0 0 0 0 0 0 0 0 0 0 0 0 0 0 0 0 0 0 0 0 0 0 0 0 0 0 0 0 0 0 0 0 0 0 0 0 0 0 0 0 0 0 0 0 0 0 0 0 0 0 0 0 0 0 0 0 0 0 0 0 0 0 0 0 0 0 0 0 0 0 0 0 0 0 0 0 0 0 0 0 0 0 0 0 0 0 
0 0 0 0 0 0 0 0 0 0 0 0 0 0 0 0 0 0 0 0 0 0 0 0 0 0 0 0 0 0 0 0 0 0 0 0 0 0 0 0 0 0 0 0 0 0 0 0 0 0 0 0 0 0 0 0 0 0 0 0 0 0 0 0 0 0 0 0 0 0 0 0 0 0 0 0 0 0 0 0 0 0 0 0 0 0 0 0 0 0 0 0 0 0 0 0 0 0 0 0 0 0 0 0 0 0 0 0 0 0 0 0 0 0 0 0 0 0 0 0 0 0 0 0 0 0 0 0 
0 0 0 0 0 0 0 0 0 0 0 0 0 0 0 0 0 0 0 0 0 0 0 0 0 0 0 0 0 0 0 0 0 0 0 0 0 0 0 0 0 0 0 0 0 0 0 0 0 0 0 0 0 0 0 0 0 0 0 0 0 0 0 0 0 0 0 0 0 0 0 0 0 0 0 0 0 0 0 0 0 0 0 0 0 0 0 0 0 0 0 0 0 0 0 0 0 0 0 0 0 0 0 0 0 0 0 0 0 0 0 0 0 0 0 0 0 0 0 0 0 0 0 0 0 0 0 0 
0 0 0 0 0 0 0 0 0 0 0 0 0 0 0 0 0 0 0 0 0 0 0 0 0 0 0 0 2 2 2 15 6 6 6 47 8 8 8 63 8 8 8 63 8 8 8 63 8 8 8 63 8 8 8 63 8 8 8 63 8 8 8 63 8 8 8 63 8 8 8 63 8 8 8 63 8 8 8 63 8 8 8 63 8 8 8 63 8 8 8 63 8 8 8 63 8 8 8 63 8 8 8 63 8 8 8 63 6 6 6 47 2 2 2 15 0 0 0 0 0 0 0 0 0 0 0 0 
0 0 0 0 0 0 0 0 0 0 0 0 0 0 0 0 0 0 0 0 0 0 0 0 0 0 0 0 6 6 6 47 19 19 19 143 25 25 25 191 25 25 25 191 25 25 25 191 25 25 25 191 25 25 25 191 25 25 25 191 25 25 25 191 25 25 25 191 25 25 25 191 25 25 25 191 25 25 25 191 25 25 25 191 25 25 25 191 25 25 25 191 25 25 25 191 25 25 25 191 25 25 25 191 25 25 25 191 19 19 19 143 6 6 6 47 0 0 0 0 0 0 0 0 0 0 0 0 
0 0 0 0 0 0 0 0 0 0 0 0 0 0 0 0 0 0 0 0 0 0 0 0 0 0 0 0 8 8 8 63 25 25 25 191 34 35 36 255 36 39 42 255 38 44 45 255 39 51 45 255 40 54 45 255 40 54 45 255 40 54 45 255 40 54 45 255 40 54 45 255 40 54 45 255 40 54 45 255 40 54 45 255 40 54 45 255 40 54 45 255 40 54 45 255 40 54 45 255 39 49 42 255 35 39 36 255 25 25 25 191 8 8 8 63 0 0 0 0 0 0 0 0 0 0 0 0 
0 0 0 0 0 0 0 0 0 0 0 0 0 0 0 0 0 0 0 0 0 0 0 0 0 0 0 0 8 8 8 63 25 25 25 191 36 39 42 255 42 51 60 255 47 66 69 255 51 85 68 255 54 94 67 255 54 94 67 255 54 94 67 255 54 94 67 255 54 94 67 255 54 94 67 255 54 94 67 255 54 94 67 255 54 94 67 255 54 94 67 255 54 94 67 255 54 94 67 255 49 79 59 255 39 49 42 255 25 25 25 191 8 8 8 63 0 0 0 0 0 0 0 0 0 0 0 0 
0 0 0 0 0 0 0 0 0 0 0 0 0 0 0 0 0 0 0 0 0 0 0 0 0 0 0 0 8 8 8 63 25 25 25 191 37 41 45 255 45 57 69 255 51 77 81 255 57 102 79 255 59 109 76 255 55 99 70 255 54 94 67 255 54 94 67 255 54 94 67 255 54 94 67 255 54 94 67 255 54 94 67 255 54 94 67 255 54 94 67 255 54 94 67 255 54 94 67 255 49 79 59 255 39 49 42 255 27 27 27 207 14 14 14 111 6 6 6 47 2 2 2 15 2 2 2 15 
0 0 0 0 0 0 0 0 0 0 0 0 0 0 0 0 0 0 0 0 0 0 0 0 0 0 0 0 8 8 8 63 25 25 25 191 37 41 45 255 45 57 69 255 51 77 81 255 57 102 79 255 55 99 70 255 45 69 53 255 40 54 45 255 40 54 45 255 40 54 45 255 40 54 45 255 40 54 45 255 40 54 45 255 40 54 45 255 40 54 45 255 40 54 45 255 40 54 45 255 39 49 42 255 35 39 36 255 31 31 31 239 27 27 27 207 19 19 19 143 6 6 6 47 6 6 6 47 
0 0 0 0 0 0 0 0 0 0 0 0 0 0 0 0 0 0 0 0 0 0 0 0 0 0 0 0 8 8 8 63 25 25 25 191 37 41 45 255 45 57 69 255 51 77 81 255 57 102 79 255 54 94 67 255 40 54 45 255 47 47 46 255 75 73 72 255 88 87 84 255 88 87 84 255 88 87 84 255 88 87 84 255 88 87 84 255 88 87 84 255 88 87 84 255 88 87 84 255 88 87 84 255 88 87 84 255 75 73 72 255 47 47 46 255 25 25 25 191 8 8 8 63 8 8 8 63 
0 0 0 0 0 0 0 0 0 0 0 0 0 0 0 0 0 0 0 0 0 0 0 0 0 0 0 0 8 8 8 63 25 25 25 191 37 41 45 255 45 57 69 255 51 77 81 255 57 102 79 255 54 94 67 255 40 54 45 255 75 73 72 255 157 153 148 255 198 193 186 255 198 193 186 255 198 193 186 255 198 193 186 255 198 193 186 255 198 193 186 255 198 193 186 255 198 193 186 255 198 193 186 255 198 193 186 255 157 153 148 255 75 73 72 255 25 25 25 191 8 8 8 63 8 8 8 63 
0 0 0 0 0 0 0 0 0 0 0 0 0 0 0 0 0 0 0 0 2 2 2 15 6 6 6 47 14 14 14 111 27 27 27 207 36 39 43 255 42 51 61 255 47 66 69 255 52 85 68 255 49 79 59 255 39 49 42 255 88 87 84 255 198 193 186 255 239 233 224 255 211 207 198 255 198 193 186 255 198 193 186 255 211 207 198 255 239 233 224 255 253 246 237 255 253 246 237 255 239 233 224 255 211 207 198 255 157 153 148 255 75 73 72 255 25 25 25 191 8 8 8 63 8 8 8 63 
0 0 0 0 0 0 0 0 0 0 0 0 0 0 0 0 0 0 0 0 6 6 6 47 19 19 19 143 27 27 27 207 31 31 31 239 34 35 37 255 36 39 43 255 38 44 45 255 40 51 45 255 39 49 42 255 35 39 36 255 88 87 84 255 198 193 186 255 211 207 198 255 129 127 122 255 88 87 84 255 88 87 84 255 129 127 122 255 211 207 198 255 253 247 237 255 253 247 237 255 211 207 198 255 129 127 122 255 75 73 72 255 47 47 46 255 25 25 25 191 8 8 8 63 8 8 8 63 
0 0 0 0 0 0 0 0 0 0 0 0 0 0 0 0 0 0 0 0 8 8 8 63 25 25 25 191 40 35 34 255 54 39 35 255 61 41 35 255 61 41 35 255 61 41 35 255 61 41 35 255 54 39 35 255 40 35 34 255 88 87 84 255 198 193 186 255 198 193 186 255 88 87 84 255 34 34 34 255 34 34 34 255 88 87 84 255 198 193 186 255 253 246 237 255 253 246 237 255 198 193 186 255 88 87 84 255 34 34 34 255 34 34 34 255 25 25 25 191 8 8 8 63 8 8 8 63 
0 0 0 0 0 0 0 0 0 0 0 0 0 0 0 0 0 0 0 0 8 8 8 63 25 25 25 191 54 39 35 255 95 50 37 255 115 56 39 255 115 56 39 255 115 56 39 255 115 56 39 255 95 50 37 255 54 39 35 255 88 87 84 255 198 193 186 255 198 193 186 255 88 87 84 255 34 34 34 255 34 34 34 255 88 87 84 255 198 193 186 255 253 247 237 255 253 247 237 255 198 193 186 255 88 87 84 255 34 34 34 255 34 34 34 255 25 25 25 191 8 8 8 63 8 8 8 63 
0 0 0 0 0 0 0 0 0 0 0 0 0 0 0 0 0 0 0 0 8 8 8 63 25 25 25 191 54 39 35 255 95 50 37 255 115 56 39 255 115 56 39 255 115 56 39 255 115 56 39 255 95 50 37 255 54 39 35 255 88 87 84 255 198 193 186 255 209 203 194 255 121 116 110 255 78 73 67 255 78 73 67 255 121 116 110 255 209 203 194 255 253 246 237 255 253 246 237 255 209 203 194 255 121 116 110 255 67 63 59 255 45 43 42 255 25 25 25 191 8 8 8 63 8 8 8 63 
0 0 0 0 0 0 0 0 0 0 0 0 0 0 0 0 0 0 0 0 8 8 8 63 25 25 25 191 40 35 34 255 54 39 35 255 61 41 35 255 61 41 35 255 61 41 35 255 61 41 35 255 54 39 35 255 40 35 34 255 88 87 84 255 198 193 186 255 231 223 211 255 188 175 160 255 166 151 135 255 166 151 135 255 188 175 160 255 231 223 211 255 253 247 237 255 253 247 237 255 231 223 211 255 188 175 160 255 133 122 109 255 67 63 59 255 25 25 25 191 8 8 8 63 8 8 8 63 
0 0 0 0 0 0 0 0 0 0 0 0 0 0 0 0 0 0 0 0 6 6 6 47 19 19 19 143 27 27 27 207 31 31 31 239 34 35 36 255 36 39 42 255 38 44 45 255 39 51 45 255 39 49 42 255 35 39 36 255 75 73 72 255 157 153 148 255 190 183 173 255 174 162 148 255 180 165 147 255 207 191 173 255 215 202 186 255 204 196 186 255 198 193 186 255 198 193 186 255 204 196 186 255 215 202 186 255 174 162 148 255 80 76 72 255 25 25 25 191 8 8 8 63 8 8 8 63 
0 0 0 0 0 0 0 0 0 0 0 0 0 0 0 0 0 0 0 0 2 2 2 15 6 6 6 47 14 14 14 111 27 27 27 207 36 39 42 255 42 51 60 255 47 66 69 255 51 85 68 255 49 79 59 255 39 49 42 255 47 47 46 255 75 73 72 255 86 83 80 255 80 76 72 255 119 113 105 255 201 193 181 255 204 196 186 255 127 123 118 255 88 87 84 255 88 87 84 255 127 123 118 255 204 196 186 255 190 183 173 255 86 83 80 255 25 25 25 191 8 8 8 63 8 8 8 63 
0 0 0 0 0 0 0 0 0 0 0 0 0 0 0 0 0 0 0 0 0 0 0 0 0 0 0 0 8 8 8 63 25 25 25 191 37 41 45 255 45 57 69 255 51 77 81 255 57 102 79 255 55 99 70 255 45 69 53 255 40 54 45 255 40 54 45 255 39 49 42 255 35 39 36 255 75 73 72 255 157 153 148 255 157 153 148 255 75 73 72 255 34 34 34 255 34 34 34 255 75 73 72 255 157 153 148 255 157 153 148 255 75 73 72 255 25 25 25 191 8 8 8 63 8 8 8 63 
0 0 0 0 0 0 0 0 0 0 0 0 0 0 0 0 0 0 0 0 0 0 0 0 0 0 0 0 8 8 8 63 25 25 25 191 37 41 45 255 45 57 69 255 51 77 81 255 57 102 79 255 59 109 76 255 55 99 70 255 54 94 67 255 54 94 67 255 49 79 59 255 39 49 42 255 47 47 46 255 75 73 72 255 75 73 72 255 47 47 46 255 34 34 34 255 34 34 34 255 47 47 46 255 75 73 72 255 75 73 72 255 47 47 46 255 25 25 25 191 8 8 8 63 8 8 8 63 
0 0 0 0 0 0 0 0 0 0 0 0 0 0 0 0 0 0 0 0 0 0 0 0 0 0 0 0 8 8 8 63 25 25 25 191 37 41 45 255 45 57 69 255 51 74 81 255 55 93 80 255 58 102 79 255 58 102 79 255 58 102 79 255 58 102 79 255 52 87 71 255 42 56 54 255 37 41 45 255 37 41 45 255 37 41 45 255 37 41 45 255 37 41 45 255 37 41 45 255 36 39 42 255 34 35 36 255 31 31 31 239 27 27 27 207 19 19 19 143 6 6 6 47 6 6 6 47 
0 0 0 0 0 0 0 0 0 0 0 0 0 0 0 0 0 0 0 0 0 0 0 0 0 0 0 0 8 8 8 63 25 25 25 191 37 41 45 255 45 57 69 255 49 68 81 255 51 74 81 255 52 77 81 255 52 77 81 255 52 77 81 255 52 77 81 255 50 72 78 255 46 62 72 255 45 57 69 255 45 57 69 255 45 57 69 255 45 57 69 255 45 57 69 255 45 57 69 255 42 51 60 255 36 39 43 255 27 27 27 207 14 14 14 111 6 6 6 47 2 2 2 15 2 2 2 15 
0 0 0 0 0 0 0 0 0 0 0 0 0 0 0 0 0 0 0 0 0 0 0 0 0 0 0 0 8 8 8 63 25 25 25 191 40 39 43 255 54 51 63 255 61 57 73 255 61 57 73 255 61 57 73 255 61 57 73 255 61 57 73 255 61 57 73 255 61 57 73 255 61 57 73 255 61 57 73 255 61 57 73 255 61 57 73 255 61 57 73 255 61 57 73 255 61 57 73 255 54 51 63 255 40 39 43 255 25 25 25 191 8 8 8 63 0 0 0 0 0 0 0 0 0 0 0 0 
0 0 0 0 0 0 0 0 0 0 0 0 0 0 0 0 0 0 0 0 0 0 0 0 0 0 0 0 8 8 8 63 25 25 25 191 46 36 39 255 72 40 50 255 85 42 55 255 85 42 55 255 85 42 55 255 85 42 55 255 85 42 55 255 85 42 55 255 85 42 55 255 85 42 55 255 85 42 55 255 85 42 55 255 85 42 55 255 85 42 55 255 85 42 55 255 85 42 55 255 72 40 50 255 46 36 39 255 25 25 25 191 8 8 8 63 0 0 0 0 0 0 0 0 0 0 0 0 
0 0 0 0 0 0 0 0 0 0 0 0 0 0 0 0 0 0 0 0 0 0 0 0 0 0 0 0 8 8 8 63 25 25 25 191 52 36 36 255 90 40 42 255 109 42 45 255 109 42 45 255 109 42 45 255 109 42 45 255 109 42 45 255 109 42 45 255 109 42 45 255 109 42 45 255 109 42 45 255 109 42 45 255 109 42 45 255 109 42 45 255 109 42 45 255 109 42 45 255 90 40 42 255 52 36 36 255 25 25 25 191 8 8 8 63 0 0 0 0 0 0 0 0 0 0 0 0 
0 0 0 0 0 0 0 0 0 0 0 0 0 0 0 0 0 0 0 0 0 0 0 0 0 0 0 0 8 8 8 63 25 25 25 191 58 39 36 255 107 51 40 255 131 56 42 255 131 56 42 255 131 56 42 255 131 56 42 255 131 56 42 255 131 56 42 255 131 56 42 255 131 56 42 255 131 56 42 255 131 56 42 255 131 56 42 255 131 56 42 255 131 56 42 255 131 56 42 255 107 51 40 255 58 39 36 255 25 25 25 191 8 8 8 63 0 0 0 0 0 0 0 0 0 0 0 0 
0 0 0 0 0 0 0 0 0 0 0 0 0 0 0 0 0 0 0 0 2 2 2 15 6 6 6 47 14 14 14 111 27 27 27 207 61 41 35 255 115 56 39 255 143 64 40 255 143 64 40 255 143 64 40 255 143 64 40 255 143 64 40 255 143 64 40 255 143 64 40 255 143 64 40 255 143 64 40 255 143 64 40 255 143 64 40 255 143 64 40 255 143 64 40 255 143 64 40 255 115 56 39 255 61 41 35 255 25 25 25 191 8 8 8 63 0 0 0 0 0 0 0 0 0 0 0 0 
0 0 0 0 0 0 0 0 0 0 0 0 0 0 0 0 0 0 0 0 6 6 6 47 19 19 19 143 27 27 27 207 31 31 31 239 61 41 35 255 115 56 39 255 143 64 40 255 143 64 40 255 143 64 40 255 143 64 40 255 143 64 40 255 143 64 40 255 143 64 40 255 143 64 40 255 143 64 40 255 143 64 40 255 143 64 40 255 143 64 40 255 143 64 40 255 143 64 40 255 115 56 39 255 61 41 35 255 25 25 25 191 8 8 8 63 0 0 0 0 0 0 0 0 0 0 0 0 
0 0 0 0 0 0 0 0 0 0 0 0 2 2 2 15 6 6 6 47 18 14 15 111 39 27 30 207 49 34 37 255 49 34 37 255 70 39 38 255 111 51 41 255 131 56 42 255 131 56 42 255 127 56 41 255 119 56 40 255 115 56 39 255 115 56 39 255 115 56 39 255 115 56 39 255 115 56 39 255 115 56 39 255 119 56 40 255 127 56 41 255 131 56 42 255 131 56 42 255 111 51 41 255 70 39 38 255 39 27 30 207 18 14 15 111 6 6 6 47 2 2 2 15 2 2 2 15 
0 0 0 0 0 0 0 0 0 0 0 0 6 6 6 47 19 19 19 143 39 27 30 207 67 32 39 239 81 34 43 255 81 34 43 255 88 36 44 255 102 40 45 255 109 42 45 255 109 42 45 255 97 42 43 255 73 41 38 255 61 41 35 255 61 41 35 255 61 41 35 255 61 41 35 255 61 41 35 255 61 41 35 255 73 41 38 255 97 42 43 255 109 42 45 255 109 42 45 255 102 40 45 255 88 36 44 255 67 32 39 239 39 27 30 207 19 19 19 143 6 6 6 47 6 6 6 47 
0 0 0 0 0 0 0 0 0 0 0 0 8 8 8 63 25 25 25 191 49 34 37 255 81 34 43 255 94 34 46 255 86 34 44 255 82 34 43 255 82 34 43 255 82 34 43 255 82 34 43 255 67 32 39 239 39 27 30 207 25 25 25 191 25 25 25 191 25 25 25 191 25 25 25 191 27 27 27 207 31 31 31 239 45 34 36 255 70 34 41 255 82 34 43 255 82 34 43 255 82 34 43 255 82 34 43 255 70 34 41 255 46 34 36 255 25 25 25 191 8 8 8 63 8 8 8 63 
0 0 0 0 0 0 0 0 0 0 0 0 8 8 8 63 25 25 25 191 49 34 37 255 81 34 43 255 86 34 44 255 62 34 39 255 50 34 37 255 50 34 37 255 50 34 37 255 50 34 37 255 39 27 30 207 18 14 15 111 8 8 8 63 8 8 8 63 8 8 8 63 8 8 8 63 14 14 14 111 27 27 27 207 38 34 34 255 46 34 36 255 50 34 37 255 50 34 37 255 50 34 37 255 50 34 37 255 46 34 36 255 38 34 34 255 25 25 25 191 8 8 8 63 8 8 8 63 
0 0 0 0 0 0 0 0 0 0 0 0 8 8 8 63 25 25 25 191 46 34 36 255 70 34 41 255 70 34 41 255 46 34 36 255 31 31 31 239 27 27 27 207 25 25 25 191 25 25 25 191 19 19 19 143 6 6 6 47 0 0 0 0 0 0 0 0 0 0 0 0 0 0 0 0 6 6 6 47 19 19 19 143 25 25 25 191 25 25 25 191 25 25 25 191 25 25 25 191 25 25 25 191 25 25 25 191 25 25 25 191 25 25 25 191 19 19 19 143 6 6 6 47 6 6 6 47 
0 0 0 0 0 0 0 0 0 0 0 0 8 8 8 63 25 25 25 191 38 34 34 255 46 34 36 255 46 34 36 255 38 34 34 255 27 27 27 207 14 14 14 111 8 8 8 63 8 8 8 63 6 6 6 47 2 2 2 15 0 0 0 0 0 0 0 0 0 0 0 0 0 0 0 0 2 2 2 15 6 6 6 47 8 8 8 63 8 8 8 63 8 8 8 63 8 8 8 63 8 8 8 63 8 8 8 63 8 8 8 63 8 8 8 63 6 6 6 47 2 2 2 15 2 2 2 15 
0 0 0 0 0 0 0 0 0 0 0 0 6 6 6 47 19 19 19 143 25 25 25 191 25 25 25 191 25 25 25 191 25 25 25 191 19 19 19 143 6 6 6 47 0 0 0 0 0 0 0 0 0 0 0 0 0 0 0 0 0 0 0 0 0 0 0 0 0 0 0 0 0 0 0 0 0 0 0 0 0 0 0 0 0 0 0 0 0 0 0 0 0 0 0 0 0 0 0 0 0 0 0 0 0 0 0 0 0 0 0 0 0 0 0 0 0 0 0 0 0 0 0 0 0 0 0 0 
0 0 0 0 0 0 0 0 0 0 0 0 2 2 2 15 6 6 6 47 8 8 8 63 8 8 8 63 8 8 8 63 8 8 8 63 6 6 6 47 2 2 2 15 0 0 0 0 0 0 0 0 0 0 0 0 0 0 0 0 0 0 0 0 0 0 0 0 0 0 0 0 0 0 0 0 0 0 0 0 0 0 0 0 0 0 0 0 0 0 0 0 0 0 0 0 0 0 0 0 0 0 0 0 0 0 0 0 0 0 0 0 0 0 0 0 0 0 0 0 0 0 0 0 0 0 0 0 
0 0 0 0 0 0 0 0 0 0 0 0 0 0 0 0 0 0 0 0 0 0 0 0 0 0 0 0 0 0 0 0 0 0 0 0 0 0 0 0 0 0 0 0 0 0 0 0 0 0 0 0 0 0 0 0 0 0 0 0 0 0 0 0 0 0 0 0 0 0 0 0 0 0 0 0 0 0 0 0 0 0 0 0 0 0 0 0 0 0 0 0 0 0 0 0 0 0 0 0 0 0 0 0 0 0 0 0 0 0 0 0 0 0 0 0 0 0 0 0 0 0 0 0 0 0 0 0 
0 0 0 0 0 0 0 0 0 0 0 0 0 0 0 0 0 0 0 0 0 0 0 0 0 0 0 0 0 0 0 0 0 0 0 0 0 0 0 0 0 0 0 0 0 0 0 0 0 0 0 0 0 0 0 0 0 0 0 0 0 0 0 0 0 0 0 0 0 0 0 0 0 0 0 0 0 0 0 0 0 0 0 0 0 0 0 0 0 0 0 0 0 0 0 0 0 0 0 0 0 0 0 0 0 0 0 0 0 0 0 0 0 0 0 0 0 0 0 0 0 0 0 0 0 0 0 0 
0 0 0 0 0 0 0 0 0 0 0 0 0 0 0 0 0 0 0 0 0 0 0 0 0 0 0 0 0 0 0 0 0 0 0 0 0 0 0 0 0 0 0 0 0 0 0 0 0 0 0 0 0 0 0 0 0 0 0 0 0 0 0 0 0 0 0 0 0 0 0 0 0 0 0 0 0 0 0 0 0 0 0 0 0 0 0 0 0 0 0 0 0 0 0 0 0 0 0 0 0 0 0 0 0 0 0 0 0 0 0 0 0 0 0 0 0 0 0 0 0 0 0 0 0 0 0 0 
