0 0 0 0 0 0 0 0 0 0 0 0 0 0 0 0 0 0 0 0 2 2 2 15 6 6 6 47 18 15 18 111 39 29 37 207 50 39 46 255 53 45 46 255 55 48 46 255 55 48 46 255 55 48 46 255 55 48 46 255 55 48 46 255 55 48 46 255 55 48 46 255 55 48 46 255 55 48 46 255 55 48 46 255 55 48 46 255 55 48 46 255 43 38 37 207 20 18 18 111 6 6 6 47 2 2 2 15 0 0 0 0 0 0 0 0 0 0 0 0 0 0 0 0 0 0 0 0 
0 0 0 0 0 0 0 0 0 0 0 0 0 0 0 0 0 0 0 0 2 2 2 15 6 6 6 47 18 15 18 111 39 29 37 207 50 39 46 255 53 45 46 255 55 48 46 255 55 48 46 255 55 48 46 255 55 48 46 255 55 48 46 255 55 48 46 255 55 48 46 255 55 48 46 255 55 48 46 255 55 48 46 255 55 48 46 255 55 48 46 255 43 38 37 207 20 18 18 111 6 6 6 47 2 2 2 15 0 0 0 0 0 0 0 0 0 0 0 0 0 0 0 0 0 0 0 0 
0 0 0 0 0 0 0 0 0 0 0 0 0 0 0 0 0 0 0 0 6 6 6 47 19 19 19 143 39 29 37 207 66 38 61 239 84 51 72 255 93 68 72 255 97 77 72 255 97 77 72 255 97 77 72 255 97 77 72 255 97 77 72 255 97 77 72 255 97 77 72 255 97 77 72 255 97 77 72 255 97 77 72 255 97 77 72 255 97 77 72 255 79 64 60 239 43 38 37 207 19 19 19 143 6 6 6 47 0 0 0 0 0 0 0 0 0 0 0 0 0 0 0 0 0 0 0 0 
0 0 0 0 0 0 0 0 0 0 0 0 0 0 0 0 0 0 0 0 8 8 8 63 25 25 25 191 49 36 46 255 79 42 72 255 100 56 85 255 112 80 85 255 116 89 83 255 110 85 79 255 107 83 78 255 107 83 78 255 110 85 79 255 116 89 83 255 119 92 85 255 119 92 85 255 119 92 85 255 119 92 85 255 116 89 83 255 110 85 79 255 88 71 67 255 52 46 45 255 25 25 25 191 8 8 8 63 0 0 0 0 0 0 0 0 0 0 0 0 0 0 0 0 0 0 0 0 
0 0 0 0 0 0 0 0 0 0 0 0 0 0 0 0 0 0 0 0 8 8 8 63 25 25 25 191 49 36 46 255 79 42 72 255 100 56 85 255 112 80 85 255 110 85 79 255 92 73 69 255 83 67 64 255 83 67 64 255 92 73 69 255 110 85 79 255 119 92 85 255 119 92 85 255 119 92 85 255 119 92 85 255 110 85 79 255 92 73 69 255 71 58 57 255 46 42 41 255 25 25 25 191 8 8 8 63 0 0 0 0 0 0 0 0 0 0 0 0 0 0 0 0 0 0 0 0 
0 0 0 0 0 0 0 0 0 0 0 0 0 0 0 0 0 0 0 0 8 8 8 63 25 25 25 191 49 36 46 255 79 42 72 255 100 56 85 255 112 80 85 255 104 82 76 255 76 62 60 255 62 52 52 255 62 52 51 255 76 62 60 255 104 82 76 255 119 92 85 255 119 92 85 255 119 92 85 255 119 92 85 255 104 82 76 255 76 62 60 255 55 48 47 255 41 38 38 255 25 25 25 191 8 8 8 63 0 0 0 0 0 0 0 0 0 0 0 0 0 0 0 0 0 0 0 0 
0 0 0 0 0 0 0 0 0 0 0 0 0 0 0 0 0 0 0 0 8 8 8 63 25 25 25 191 49 36 46 255 79 42 72 255 100 56 85 255 112 80 85 255 100 79 73 255 62 53 51 255 43 40 40 255 43 40 40 255 62 53 51 255 100 79 73 255 119 92 85 255 119 92 85 255 119 92 85 255 119 92 85 255 100 79 73 255 62 53 51 255 41 38 38 255 36 35 35 255 25 25 25 191 8 8 8 63 0 0 0 0 0 0 0 0 0 0 0 0 0 0 0 0 0 0 0 0 
0 0 0 0 0 0 0 0 0 0 0 0 0 0 0 0 0 0 0 0 8 8 8 63 25 25 25 191 49 36 46 255 79 42 72 255 100 56 85 255 112 80 85 255 97 77 72 255 55 48 46 255 34 34 34 255 34 34 34 255 55 48 46 255 97 77 72 255 119 92 85 255 119 92 85 255 119 92 85 255 119 92 85 255 97 77 72 255 55 48 46 255 34 34 34 255 34 34 34 255 25 25 25 191 8 8 8 63 0 0 0 0 0 0 0 0 0 0 0 0 0 0 0 0 0 0 0 0 
0 0 0 0 0 0 0 0 0 0 0 0 0 0 0 0 0 0 0 0 8 8 8 63 25 25 25 191 49 36 46 255 79 42 72 255 100 56 85 255 112 80 85 255 97 77 72 255 55 48 46 255 34 34 34 255 34 34 34 255 55 48 46 255 97 77 72 255 119 92 85 255 119 92 85 255 119 92 85 255 119 92 85 255 97 77 72 255 55 48 46 255 34 34 34 255 34 34 34 255 25 25 25 191 8 8 8 63 0 0 0 0 0 0 0 0 0 0 0 0 0 0 0 0 0 0 0 0 
0 0 0 0 0 0 0 0 0 0 0 0 0 0 0 0 0 0 0 0 8 8 8 63 25 25 25 191 49 36 46 255 79 42 72 255 100 56 85 255 112 80 85 255 100 79 73 255 62 53 51 255 43 40 40 255 43 40 40 255 62 53 51 255 100 79 73 255 119 92 85 255 119 92 85 255 119 92 85 255 119 92 85 255 100 79 73 255 62 53 51 255 41 38 38 255 36 35 35 255 25 25 25 191 8 8 8 63 0 0 0 0 0 0 0 0 0 0 0 0 0 0 0 0 0 0 0 0 
0 0 0 0 0 0 0 0 0 0 0 0 0 0 0 0 0 0 0 0 8 8 8 63 25 25 25 191 49 36 46 255 79 42 72 255 100 56 85 255 112 80 85 255 104 82 76 255 76 62 60 255 62 52 52 255 62 52 51 255 76 62 60 255 104 82 76 255 119 92 85 255 119 92 85 255 119 92 85 255 119 92 85 255 104 82 76 255 76 62 60 255 55 48 47 255 41 38 38 255 25 25 25 191 8 8 8 63 0 0 0 0 0 0 0 0 0 0 0 0 0 0 0 0 0 0 0 0 
0 0 0 0 0 0 0 0 0 0 0 0 0 0 0 0 0 0 0 0 8 8 8 63 25 25 25 191 47 37 45 255 75 44 67 255 96 59 80 255 111 81 83 255 104 82 76 255 76 62 60 255 67 56 55 255 78 63 61 255 87 69 66 255 94 74 70 255 103 81 75 255 113 88 81 255 113 88 81 255 103 81 75 255 94 74 70 255 87 69 66 255 73 60 58 255 53 47 46 255 32 30 30 191 10 10 10 63 0 0 0 0 0 0 0 0 0 0 0 0 0 0 0 0 0 0 0 0 
0 0 0 0 0 0 0 0 0 0 0 0 0 0 0 0 0 0 0 0 8 8 8 63 25 25 25 191 44 39 41 255 66 50 57 255 88 64 69 255 108 82 79 255 100 79 73 255 62 53 51 255 59 51 49 255 91 72 68 255 94 74 70 255 68 57 54 255 71 59 56 255 103 81 75 255 103 81 75 255 71 59 56 255 68 57 54 255 94 74 70 255 96 76 71 255 73 60 58 255 46 39 38 191 15 13 13 63 0 0 0 0 0 0 0 0 0 0 0 0 0 0 0 0 0 0 0 0 
0 0 0 0 0 0 0 0 0 0 0 0 0 0 0 0 0 0 0 0 8 8 8 63 25 25 25 191 41 38 38 255 55 48 47 255 73 60 58 255 96 75 71 255 88 71 67 255 52 46 45 255 49 44 43 255 81 66 62 255 81 66 62 255 49 44 43 255 55 48 46 255 97 77 72 255 97 77 72 255 55 48 46 255 52 46 45 255 88 71 67 255 96 76 71 255 73 60 58 255 46 39 38 191 15 13 13 63 0 0 0 0 0 0 0 0 0 0 0 0 0 0 0 0 0 0 0 0 
0 0 0 0 0 0 0 0 0 0 0 0 0 0 0 0 0 0 0 0 8 8 8 63 25 25 25 191 36 35 35 255 41 38 38 255 53 46 46 255 73 60 58 255 71 58 57 255 46 42 41 255 39 37 37 255 49 44 43 255 49 44 43 255 39 37 37 255 55 48 46 255 97 77 72 255 97 77 72 255 55 48 46 255 46 42 41 255 71 58 57 255 73 60 58 255 53 47 46 255 32 30 30 191 10 10 10 63 0 0 0 0 0 0 0 0 0 0 0 0 0 0 0 0 0 0 0 0 
0 0 0 0 0 0 0 0 0 0 0 0 0 0 0 0 0 0 0 0 8 8 8 63 25 25 25 191 34 34 34 255 34 34 34 255 41 38 38 255 55 48 47 255 55 48 47 255 41 38 38 255 34 34 34 255 34 34 34 255 34 34 34 255 34 34 34 255 52 46 45 255 88 71 67 255 88 71 67 255 52 46 45 255 41 38 38 255 55 48 47 255 55 48 47 255 41 38 38 255 25 25 25 191 8 8 8 63 0 0 0 0 0 0 0 0 0 0 0 0 0 0 0 0 0 0 0 0 
0 0 0 0 0 0 0 0 0 0 0 0 0 0 0 0 0 0 0 0 8 8 8 63 25 25 25 191 34 34 34 255 34 34 34 255 36 35 35 255 41 38 38 255 41 38 38 255 36 35 35 255 34 34 34 255 34 34 34 255 34 34 34 255 34 34 34 255 46 42 41 255 71 58 57 255 71 58 57 255 46 42 41 255 36 35 35 255 41 38 38 255 41 38 38 255 36 35 35 255 25 25 25 191 8 8 8 63 0 0 0 0 0 0 0 0 0 0 0 0 0 0 0 0 0 0 0 0 
0 0 0 0 0 0 0 0 0 0 0 0 0 0 0 0 0 0 0 0 6 6 6 47 19 19 19 143 27 27 27 207 31 31 31 239 34 34 34 255 34 34 34 255 34 34 34 255 34 34 34 255 34 34 34 255 34 34 34 255 34 34 34 255 34 34 34 255 41 38 38 255 55 48 47 255 55 48 47 255 41 38 38 255 34 34 34 255 34 34 34 255 31 31 31 239 27 27 27 207 19 19 19 143 6 6 6 47 0 0 0 0 0 0 0 0 0 0 0 0 0 0 0 0 0 0 0 0 
0 0 0 0 0 0 0 0 0 0 0 0 0 0 0 0 0 0 0 0 2 2 2 15 6 6 6 47 14 14 14 111 27 27 27 207 34 34 34 255 34 34 34 255 34 34 34 255 34 34 34 255 34 34 34 255 34 34 34 255 34 34 34 255 34 34 34 255 36 35 35 255 41 38 38 255 41 38 38 255 36 35 35 255 34 34 34 255 34 34 34 255 27 27 27 207 14 14 14 111 6 6 6 47 2 2 2 15 0 0 0 0 0 0 0 0 0 0 0 0 0 0 0 0 0 0 0 0 
0 0 0 0 0 0 0 0 0 0 0 0 0 0 0 0 0 0 0 0 0 0 0 0 0 0 0 0 8 8 8 63 25 25 25 191 34 34 34 255 34 34 34 255 34 34 34 255 34 34 34 255 34 34 34 255 34 34 34 255 34 34 34 255 34 34 34 255 34 34 34 255 34 34 34 255 34 34 34 255 34 34 34 255 34 34 34 255 34 34 34 255 25 25 25 191 8 8 8 63 0 0 0 0 0 0 0 0 0 0 0 0 0 0 0 0 0 0 0 0 0 0 0 0 0 0 0 0 
0 0 0 0 0 0 0 0 0 0 0 0 0 0 0 0 0 0 0 0 0 0 0 0 0 0 0 0 8 8 8 63 25 25 25 191 34 34 34 255 34 34 34 255 34 34 34 255 34 34 34 255 34 34 34 255 34 34 34 255 34 34 34 255 34 34 34 255 34 34 34 255 34 34 34 255 34 34 34 255 34 34 34 255 34 34 34 255 34 34 34 255 25 25 25 191 8 8 8 63 0 0 0 0 0 0 0 0 0 0 0 0 0 0 0 0 0 0 0 0 0 0 0 0 0 0 0 0 
0 0 0 0 0 0 0 0 0 0 0 0 0 0 0 0 0 0 0 0 2 2 2 15 6 6 6 47 14 14 14 111 27 27 27 207 34 34 34 255 34 34 34 255 34 34 34 255 34 34 34 255 34 34 34 255 34 34 34 255 34 34 34 255 34 34 34 255 34 34 34 255 34 34 34 255 34 34 34 255 34 34 34 255 34 34 34 255 34 34 34 255 27 27 27 207 14 14 14 111 6 6 6 47 2 2 2 15 0 0 0 0 0 0 0 0 0 0 0 0 0 0 0 0 0 0 0 0 
0 0 0 0 0 0 0 0 0 0 0 0 0 0 0 0 0 0 0 0 6 6 6 47 19 19 19 143 27 27 27 207 31 31 31 239 34 34 34 255 34 34 34 255 34 34 34 255 34 34 34 255 34 34 34 255 34 34 34 255 34 34 34 255 34 34 34 255 34 34 34 255 34 34 34 255 34 34 34 255 34 34 34 255 34 34 34 255 34 34 34 255 31 31 31 239 27 27 27 207 19 19 19 143 6 6 6 47 0 0 0 0 0 0 0 0 0 0 0 0 0 0 0 0 0 0 0 0 
0 0 0 0 0 0 0 0 0 0 0 0 2 2 2 15 6 6 6 47 17 16 16 111 34 32 32 207 41 38 38 255 36 35 35 255 34 34 34 255 34 34 34 255 34 34 34 255 34 34 34 255 36 35 35 255 41 38 38 255 41 38 38 255 36 35 35 255 34 34 34 255 34 34 34 255 34 34 34 255 34 34 34 255 34 34 34 255 34 34 34 255 34 34 34 255 34 34 34 255 27 27 27 207 14 14 14 111 6 6 6 47 2 2 2 15 0 0 0 0 0 0 0 0 0 0 0 0 
0 0 0 0 0 0 0 0 0 0 0 0 6 6 6 47 19 19 19 143 34 32 32 207 53 45 45 239 55 48 47 255 41 38 38 255 34 34 34 255 34 34 34 255 34 34 34 255 34 34 34 255 41 38 38 255 55 48 47 255 55 48 47 255 41 38 38 255 34 34 34 255 34 34 34 255 34 34 34 255 34 34 34 255 34 34 34 255 34 34 34 255 34 34 34 255 34 34 34 255 31 31 31 239 27 27 27 207 19 19 19 143 6 6 6 47 0 0 0 0 0 0 0 0 0 0 0 0 
2 2 2 15 2 2 2 15 6 6 6 47 14 14 14 111 27 27 27 207 43 40 39 255 62 52 51 255 62 52 52 255 43 40 40 255 36 35 35 255 41 38 38 255 41 38 38 255 36 35 35 255 46 42 41 255 71 58 57 255 71 58 57 255 46 42 41 255 36 35 35 255 41 38 38 255 41 38 38 255 36 35 35 255 36 35 35 255 41 38 38 255 44 39 41 255 47 37 45 255 45 36 43 255 37 34 37 255 27 27 27 207 14 14 14 111 6 6 6 47 2 2 2 15 2 2 2 15 
6 6 6 47 6 6 6 47 19 19 19 143 27 27 27 207 31 31 31 239 43 40 39 255 62 52 51 255 62 52 52 255 43 40 40 255 41 38 38 255 55 48 47 255 55 48 47 255 41 38 38 255 52 46 45 255 88 71 67 255 88 71 67 255 52 46 45 255 41 38 38 255 55 48 47 255 55 48 47 255 41 38 38 255 41 38 38 255 55 48 47 255 66 50 57 255 75 44 67 255 68 40 63 255 45 36 43 255 31 31 31 239 27 27 27 207 19 19 19 143 6 6 6 47 6 6 6 47 
8 8 8 63 8 8 8 63 25 25 25 191 34 34 34 255 34 34 34 255 44 39 41 255 66 50 57 255 70 50 60 255 56 41 51 255 54 42 49 255 66 53 55 255 64 54 53 255 50 44 44 255 62 53 51 255 100 79 73 255 103 81 75 255 71 59 56 255 62 53 51 255 76 62 60 255 76 62 60 255 62 53 51 255 62 53 51 255 76 62 60 255 88 64 69 255 96 59 80 255 84 51 72 255 50 39 46 255 34 34 34 255 34 34 34 255 25 25 25 191 8 8 8 63 8 8 8 63 
8 8 8 63 8 8 8 63 25 25 25 191 34 34 34 255 34 34 34 255 47 37 45 255 75 44 67 255 86 46 77 255 82 43 74 255 77 46 69 255 73 54 61 255 69 57 56 255 64 54 53 255 76 62 60 255 104 82 76 255 113 88 81 255 103 81 75 255 100 79 73 255 104 82 76 255 104 82 76 255 100 79 73 255 100 79 73 255 104 82 76 255 108 82 80 255 111 81 83 255 93 68 72 255 53 45 46 255 34 34 34 255 34 34 34 255 25 25 25 191 8 8 8 63 8 8 8 63 
8 8 8 63 8 8 8 63 25 25 25 191 34 34 34 255 34 34 34 255 45 36 43 255 68 40 63 255 79 42 73 255 79 42 73 255 75 44 67 255 66 50 57 255 62 52 52 255 62 52 51 255 71 58 57 255 88 71 67 255 97 77 72 255 97 77 72 255 97 77 72 255 97 77 72 255 97 77 72 255 97 77 72 255 97 77 72 255 97 77 72 255 97 77 72 255 97 77 72 255 81 66 62 255 49 44 43 255 34 34 34 255 34 34 34 255 25 25 25 191 8 8 8 63 8 8 8 63 
8 8 8 63 8 8 8 63 25 25 25 191 34 34 34 255 34 34 34 255 37 34 37 255 45 36 43 255 49 36 47 255 49 36 47 255 47 37 45 255 44 39 41 255 43 40 40 255 43 40 40 255 46 42 41 255 52 46 45 255 55 48 46 255 55 48 46 255 55 48 46 255 55 48 46 255 55 48 46 255 55 48 46 255 55 48 46 255 55 48 46 255 55 48 46 255 55 48 46 255 49 44 43 255 39 37 37 255 34 34 34 255 34 34 34 255 25 25 25 191 8 8 8 63 8 8 8 63 
8 8 8 63 8 8 8 63 25 25 25 191 34 34 34 255 34 34 34 255 37 34 37 255 45 36 43 255 49 36 47 255 49 36 47 255 47 37 45 255 44 39 41 255 43 40 40 255 43 40 40 255 46 42 41 255 52 46 45 255 55 48 46 255 55 48 46 255 55 48 46 255 55 48 46 255 55 48 46 255 55 48 46 255 55 48 46 255 55 48 46 255 55 48 46 255 55 48 46 255 49 44 43 255 39 37 37 255 34 34 34 255 34 34 34 255 25 25 25 191 8 8 8 63 8 8 8 63 
