0 0 0 0 0 0 0 0 0 0 0 0 0 0 0 0 0 0 0 0 0 0 0 0 0 0 0 0 0 0 0 0 0 0 0 0 0 0 0 0 0 0 0 0 0 0 0 0 0 0 0 0 0 0 0 0 0 0 0 0 0 0 0 0 0 0 0 0 0 0 0 0 0 0 0 0 0 0 0 0 0 0 0 0 0 0 0 0 0 0 0 0 0 0 0 0 0 0 0 0 0 0 0 0 0 0 0 0 0 0 0 0 0 0 0 0 0 0 0 0 0 0 0 0 0 0 0 0 
0 0 0 0 0 0 0 0 0 0 0 0 0 0 0 0 0 0 0 0 0 0 0 0 0 0 0 0 0 0 0 0 0 0 0 0 0 0 0 0 0 0 0 0 0 0 0 0 0 0 0 0 0 0 0 0 0 0 0 0 0 0 0 0 0 0 0 0 0 0 0 0 0 0 0 0 0 0 0 0 0 0 0 0 0 0 0 0 0 0 0 0 0 0 0 0 0 0 0 0 0 0 0 0 0 0 0 0 0 0 0 0 0 0 0 0 0 0 0 0 0 0 0 0 0 0 0 0 
0 0 0 0 0 0 0 0 0 0 0 0 0 0 0 0 0 0 0 0 0 0 0 0 0 0 0 0 0 0 0 0 0 0 0 0 0 0 0 0 0 0 0 0 0 0 0 0 0 0 0 0 0 0 0 0 0 0 0 0 0 0 0 0 0 0 0 0 0 0 0 0 0 0 0 0 0 0 0 0 0 0 0 0 0 0 0 0 0 0 0 0 0 0 0 0 0 0 0 0 0 0 0 0 0 0 0 0 0 0 0 0 0 0 0 0 0 0 0 0 0 0 0 0 0 0 0 0 
0 0 0 0 0 0 0 0 0 0 0 0 0 0 0 0 0 0 0 0 0 0 0 0 0 0 0 0 0 0 0 0 0 0 0 0 0 0 0 0 0 0 0 0 0 0 0 0 0 0 0 0 0 0 0 0 0 0 0 0 0 0 0 0 0 0 0 0 0 0 0 0 0 0 0 0 0 0 0 0 0 0 0 0 0 0 0 0 0 0 0 0 0 0 0 0 0 0 0 0 0 0 0 0 0 0 0 0 0 0 0 0 0 0 0 0 0 0 0 0 0 0 0 0 0 0 0 0 
0 0 0 0 0 0 0 0 0 0 0 0 0 0 0 0 0 0 0 0 0 0 0 0 0 0 0 0 0 0 0 0 0 0 0 0 0 0 0 0 0 0 0 0 0 0 0 0 0 0 0 0 0 0 0 0 0 0 0 0 0 0 0 0 0 0 0 0 0 0 0 0 0 0 0 0 0 0 0 0 0 0 0 0 0 0 0 0 0 0 0 0 0 0 0 0 0 0 0 0 0 0 0 0 0 0 0 0 0 0 0 0 0 0 0 0 0 0 0 0 0 0 0 0 0 0 0 0 
0 0 0 0 0 0 0 0 0 0 0 0 0 0 0 0 0 0 0 0 0 0 0 0 0 0 0 0 0 0 0 0 0 0 0 0 0 0 0 0 0 0 0 0 0 0 0 0 0 0 0 0 0 0 0 0 0 0 0 0 0 0 0 0 0 0 0 0 0 0 0 0 0 0 0 0 0 0 0 0 0 0 0 0 0 0 0 0 0 0 0 0 0 0 0 0 0 0 0 0 0 0 0 0 0 0 0 0 0 0 0 0 0 0 0 0 0 0 0 0 0 0 0 0 0 0 0 0 
0 0 0 0 0 0 0 0 0 0 0 0 0 0 0 0 0 0 0 0 0 0 0 0 0 0 0 0 0 0 0 0 0 0 0 0 0 0 0 0 0 0 0 0 0 0 0 0 0 0 0 0 0 0 0 0 0 0 0 0 0 0 0 0 0 0 0 0 0 0 0 0 0 0 0 0 0 0 0 0 0 0 0 0 0 0 0 0 0 0 0 0 0 0 0 0 0 0 0 0 0 0 0 0 0 0 0 0 0 0 0 0 0 0 0 0 0 0 0 0 0 0 0 0 0 0 0 0 
0 0 0 0 0 0 0 0 0 0 0 0 0 0 0 0 0 0 0 0 0 0 0 0 0 0 0 0 0 0 0 0 0 0 0 0 0 0 0 0 0 0 0 0 0 0 0 0 0 0 0 0 0 0 0 0 0 0 0 0 0 0 0 0 0 0 0 0 0 0 0 0 0 0 0 0 0 0 0 0 0 0 0 0 0 0 0 0 0 0 0 0 0 0 0 0 0 0 0 0 0 0 0 0 0 0 0 0 0 0 0 0 0 0 0 0 0 0 0 0 0 0 0 0 0 0 0 0 
0 0 0 0 0 0 0 0 0 0 0 0 0 0 0 0 0 0 0 0 0 0 0 0 0 0 0 0 0 0 0 0 0 0 0 0 0 0 0 0 0 0 0 0 0 0 0 0 0 0 0 0 0 0 0 0 0 0 0 0 0 0 0 0 0 0 0 0 0 0 0 0 0 0 0 0 0 0 0 0 0 0 0 0 0 0 0 0 0 0 0 0 0 0 0 0 0 0 0 0 0 0 0 0 0 0 0 0 0 0 0 0 0 0 0 0 0 0 0 0 0 0 0 0 0 0 0 0 
0 0 0 0 0 0 0 0 0 0 0 0 0 0 0 0 0 0 0 0 0 0 0 0 0 0 0 0 0 0 0 0 0 0 0 0 0 0 0 0 0 0 0 0 0 0 0 0 0 0 0 0 0 0 0 0 0 0 0 0 0 0 0 0 0 0 0 0 0 0 0 0 0 0 0 0 0 0 0 0 0 0 0 0 0 0 0 0 0 0 0 0 0 0 0 0 0 0 0 0 0 0 0 0 0 0 0 0 0 0 0 0 0 0 0 0 0 0 0 0 0 0 0 0 0 0 0 0 
0 0 0 0 0 0 0 0 0 0 0 0 0 0 0 0 0 0 0 0 0 0 0 0 0 0 0 0 0 0 0 0 0 0 0 0 0 0 0 0 0 0 0 0 0 0 0 0 0 0 0 0 0 0 0 0 0 0 0 0 0 0 0 0 0 0 0 0 0 0 0 0 0 0 0 0 0 0 0 0 0 0 0 0 0 0 0 0 0 0 0 0 0 0 0 0 0 0 0 0 0 0 0 0 0 0 0 0 0 0 0 0 0 0 0 0 0 0 0 0 0 0 0 0 0 0 0 0 
0 0 0 0 0 0 0 0 0 0 0 0 2 2 2 15 6 6 6 47 8 8 8 63 8 8 8 63 8 8 8 63 8 8 8 63 8 8 8 63 8 8 8 63 8 8 8 63 8 8 8 63 8 8 8 63 8 8 8 63 8 8 8 63 8 8 8 63 8 8 8 63 8 8 8 63 8 8 8 63 8 8 8 63 8 8 8 63 8 8 8 63 8 8 8 63 8 8 8 63 8 8 8 63 8 8 8 63 6 6 6 47 2 2 2 15 0 0 0 0 0 0 0 0 0 0 0 0 
0 0 0 0 0 0 0 0 0 0 0 0 6 6 6 47 19 19 19 143 25 25 25 191 25 25 25 191 25 25 25 191 25 25 25 191 25 25 25 191 25 25 25 191 25 25 25 191 25 25 25 191 25 25 25 191 25 25 25 191 25 25 25 191 25 25 25 191 25 25 25 191 25 25 25 191 25 25 25 191 25 25 25 191 25 25 25 191 25 25 25 191 25 25 25 191 25 25 25 191 25 25 25 191 25 25 25 191 19 19 19 143 6 6 6 47 0 0 0 0 0 0 0 0 0 0 0 0 
0 0 0 0 0 0 0 0 0 0 0 0 8 8 8 63 25 25 25 191 37 34 37 255 45 36 43 255 49 36 46 255 49 36 46 255 49 36 46 255 49 36 46 255 49 36 46 255 49 36 46 255 49 36 46 255 49 36 46 255 49 36 46 255 49 36 46 255 49 36 46 255 49 36 46 255 49 36 46 255 49 36 46 255 49 36 46 255 49 36 46 255 49 36 46 255 49 36 46 255 45 36 43 255 37 34 37 255 25 25 25 191 8 8 8 63 0 0 0 0 0 0 0 0 0 0 0 0 
0 0 0 0 0 0 0 0 0 0 0 0 8 8 8 63 25 25 25 191 45 36 43 255 68 40 63 255 79 42 72 255 79 42 72 255 79 42 72 255 79 42 72 255 79 42 72 255 79 42 72 255 79 42 72 255 79 42 72 255 79 42 72 255 79 42 72 255 79 42 72 255 79 42 72 255 79 42 72 255 79 42 72 255 79 42 72 255 79 42 72 255 79 42 72 255 79 42 72 255 68 40 63 255 45 36 43 255 25 25 25 191 8 8 8 63 0 0 0 0 0 0 0 0 0 0 0 0 
0 0 0 0 0 0 0 0 0 0 0 0 8 8 8 63 25 25 25 191 49 36 46 255 79 42 72 255 95 44 86 255 95 44 86 255 95 44 86 255 95 44 86 255 95 44 86 255 95 44 86 255 95 44 86 255 95 44 86 255 95 44 86 255 95 44 86 255 95 44 86 255 95 44 86 255 95 44 86 255 95 44 86 255 95 44 86 255 95 44 86 255 95 44 86 255 95 44 86 255 79 42 73 255 49 36 47 255 25 25 25 191 8 8 8 63 0 0 0 0 0 0 0 0 0 0 0 0 
0 0 0 0 0 0 0 0 0 0 0 0 8 8 8 63 25 25 25 191 49 36 46 255 79 42 72 255 95 44 86 255 95 44 86 255 95 44 86 255 95 44 86 255 95 44 86 255 95 44 86 255 95 44 86 255 95 44 86 255 95 44 86 255 95 44 86 255 95 44 86 255 95 44 86 255 95 44 86 255 95 44 86 255 95 44 86 255 95 44 86 255 95 44 86 255 95 44 86 255 79 42 73 255 49 36 47 255 25 25 25 191 8 8 8 63 0 0 0 0 0 0 0 0 0 0 0 0 
0 0 0 0 0 0 0 0 0 0 0 0 8 8 8 63 25 25 25 191 49 36 46 255 79 42 72 255 95 44 86 255 95 44 86 255 95 44 86 255 95 44 86 255 98 44 85 255 106 44 84 255 110 44 84 255 110 44 84 255 110 44 84 255 110 44 84 255 110 44 84 255 110 44 84 255 110 44 84 255 110 44 84 255 110 44 84 255 110 44 84 255 110 44 84 255 110 44 84 255 91 41 71 255 53 36 46 255 25 25 25 191 8 8 8 63 0 0 0 0 0 0 0 0 0 0 0 0 
0 0 0 0 0 0 0 0 0 0 0 0 8 8 8 63 25 25 25 191 49 36 46 255 79 42 72 255 95 44 86 255 95 44 86 255 95 44 86 255 95 44 86 255 106 44 84 255 130 42 81 255 142 42 80 255 142 42 80 255 142 42 80 255 142 42 80 255 142 42 80 255 142 42 80 255 142 42 80 255 142 42 80 255 142 42 80 255 142 42 80 255 142 42 80 255 142 42 80 255 115 40 68 255 61 36 45 255 25 25 25 191 8 8 8 63 0 0 0 0 0 0 0 0 0 0 0 0 
0 0 0 0 0 0 0 0 0 0 0 0 8 8 8 63 25 25 25 191 49 36 46 255 79 42 72 255 95 44 86 255 95 44 86 255 95 44 86 255 95 44 86 255 110 44 84 255 142 42 80 255 151 41 76 255 137 41 74 255 129 41 73 255 129 41 73 255 129 41 73 255 129 41 73 255 129 41 73 255 129 41 73 255 129 41 73 255 129 41 73 255 137 41 74 255 151 41 76 255 127 39 67 255 65 35 45 255 25 25 25 191 8 8 8 63 0 0 0 0 0 0 0 0 0 0 0 0 
0 0 0 0 0 0 0 0 0 0 0 0 8 8 8 63 25 25 25 191 49 36 46 255 79 42 72 255 95 44 86 255 95 44 86 255 95 44 86 255 95 44 86 255 110 44 84 255 142 42 80 255 137 41 74 255 93 41 66 255 71 41 63 255 71 41 63 255 71 41 63 255 71 41 63 255 71 41 63 255 71 41 63 255 71 41 63 255 71 41 63 255 93 41 66 255 137 41 74 255 127 39 67 255 65 35 45 255 25 25 25 191 8 8 8 63 0 0 0 0 0 0 0 0 0 0 0 0 
0 0 0 0 0 0 0 0 0 0 0 0 8 8 8 63 25 25 25 191 49 36 46 255 79 42 72 255 95 44 86 255 95 44 86 255 95 44 86 255 95 44 86 255 110 44 84 255 142 42 80 255 129 41 73 255 71 41 63 255 42 42 58 255 42 42 58 255 42 42 58 255 42 42 58 255 42 42 58 255 42 42 58 255 42 42 58 255 42 42 58 255 71 41 62 255 129 41 72 255 127 39 67 255 65 35 45 255 25 25 25 191 8 8 8 63 0 0 0 0 0 0 0 0 0 0 0 0 
0 0 0 0 0 0 0 0 0 0 0 0 8 8 8 63 25 25 25 191 49 36 46 255 79 42 72 255 95 44 86 255 95 44 86 255 95 44 86 255 95 44 86 255 110 44 84 255 142 42 80 255 129 41 73 255 71 41 63 255 42 42 58 255 42 42 58 255 42 42 58 255 42 42 58 255 42 42 58 255 42 42 58 255 42 42 58 255 42 42 58 255 71 41 62 255 129 41 72 255 127 39 67 255 65 35 45 255 25 25 25 191 8 8 8 63 0 0 0 0 0 0 0 0 0 0 0 0 
0 0 0 0 0 0 0 0 0 0 0 0 8 8 8 63 25 25 25 191 49 36 46 255 79 42 72 255 95 44 86 255 95 44 86 255 95 44 86 255 95 44 86 255 110 44 84 255 142 42 80 255 142 54 84 255 110 80 96 255 94 93 102 255 94 93 102 255 81 80 91 255 55 54 69 255 42 42 58 255 42 42 58 255 55 54 69 255 81 80 91 255 110 80 96 255 142 54 84 255 127 39 67 255 65 35 45 255 25 25 25 191 8 8 8 63 0 0 0 0 0 0 0 0 0 0 0 0 
0 0 0 0 0 0 0 0 0 0 0 0 8 8 8 63 25 25 25 191 49 36 46 255 79 42 72 255 95 44 86 255 95 44 86 255 95 44 86 255 95 44 86 255 110 44 84 255 142 42 80 255 169 79 106 255 189 157 163 255 200 195 192 255 200 195 192 255 160 157 158 255 81 80 91 255 42 42 58 255 42 42 58 255 81 80 91 255 160 157 158 255 189 157 163 255 169 79 106 255 127 39 67 255 65 35 45 255 25 25 25 191 8 8 8 63 0 0 0 0 0 0 0 0 0 0 0 0 
0 0 0 0 0 0 0 0 0 0 0 0 8 8 8 63 25 25 25 191 49 36 46 255 79 42 72 255 95 44 86 255 95 44 86 255 95 44 86 255 95 44 86 255 110 44 84 255 142 42 80 255 182 92 117 255 229 195 197 255 253 246 237 255 253 247 237 255 200 195 192 255 94 93 102 255 42 42 58 255 42 42 58 255 94 93 102 255 200 195 192 255 229 195 197 255 182 92 117 255 127 39 67 255 65 35 45 255 25 25 25 191 8 8 8 63 0 0 0 0 0 0 0 0 0 0 0 0 
0 0 0 0 0 0 0 0 0 0 0 0 8 8 8 63 25 25 25 191 49 36 46 255 79 42 72 255 95 44 86 255 95 44 86 255 95 44 86 255 95 44 86 255 110 44 84 255 142 42 80 255 182 92 117 255 229 195 197 255 253 246 237 255 253 247 237 255 200 195 192 255 94 93 102 255 42 42 58 255 42 42 58 255 94 93 102 255 200 195 192 255 229 195 197 255 182 92 117 255 127 39 67 255 65 35 45 255 25 25 25 191 8 8 8 63 0 0 0 0 0 0 0 0 0 0 0 0 
0 0 0 0 0 0 0 0 0 0 0 0 8 8 8 63 25 25 25 191 49 36 46 255 79 42 72 255 95 44 86 255 95 44 86 255 95 44 86 255 95 44 86 255 107 44 84 255 131 42 81 255 164 80 109 255 207 157 167 255 222 195 196 255 207 195 193 255 160 157 158 255 81 80 91 255 42 42 58 255 42 42 58 255 88 80 92 255 182 157 162 255 207 157 167 255 164 80 109 255 115 40 68 255 61 36 45 255 25 25 25 191 8 8 8 63 0 0 0 0 0 0 0 0 0 0 0 0 
0 0 0 0 0 0 0 0 0 0 0 0 8 8 8 63 25 25 25 191 49 36 46 255 79 42 72 255 95 44 86 255 95 44 86 255 95 44 86 255 95 44 86 255 99 44 85 255 107 44 84 255 128 56 92 255 164 80 109 255 160 92 114 255 116 93 106 255 81 80 91 255 55 54 69 255 42 42 58 255 42 42 58 255 77 54 72 255 147 79 102 255 164 80 109 255 128 56 92 255 91 41 71 255 53 36 46 255 25 25 25 191 8 8 8 63 0 0 0 0 0 0 0 0 0 0 0 0 
0 0 0 0 0 0 0 0 0 0 0 0 8 8 8 63 25 25 25 191 49 36 46 255 79 42 72 255 95 44 86 255 95 44 86 255 95 44 86 255 95 44 86 255 95 44 86 255 95 44 86 255 107 44 84 255 131 42 81 255 125 41 75 255 89 41 67 255 63 41 61 255 49 41 59 255 49 41 59 255 63 41 61 255 89 41 67 255 125 41 75 255 131 42 81 255 107 44 84 255 79 42 73 255 49 36 47 255 25 25 25 191 8 8 8 63 0 0 0 0 0 0 0 0 0 0 0 0 
0 0 0 0 0 0 0 0 0 0 0 0 8 8 8 63 25 25 25 191 49 36 46 255 79 42 72 255 95 44 86 255 95 44 86 255 95 44 86 255 95 44 86 255 95 44 86 255 95 44 86 255 99 44 85 255 107 44 84 255 115 43 81 255 125 41 75 255 107 41 69 255 63 41 61 255 63 41 61 255 107 41 69 255 125 41 75 255 115 43 81 255 107 44 84 255 99 44 85 255 79 42 73 255 49 36 47 255 25 25 25 191 8 8 8 63 0 0 0 0 0 0 0 0 0 0 0 0 
8 8 8 63 8 8 8 63 8 8 8 63 14 14 14 111 27 27 27 207 45 36 43 255 68 40 63 255 83 42 76 255 91 44 82 255 95 44 86 255 95 44 86 255 95 44 86 255 95 44 86 255 95 44 86 255 95 44 86 255 106 44 84 255 131 42 81 255 125 41 75 255 89 41 67 255 89 41 67 255 125 41 75 255 131 42 81 255 107 44 84 255 95 44 86 255 95 44 86 255 79 42 73 255 49 36 47 255 25 25 25 191 8 8 8 63 0 0 0 0 0 0 0 0 0 0 0 0 
25 25 25 191 25 25 25 191 25 25 25 191 27 27 27 207 31 31 31 239 37 34 37 255 45 36 43 255 60 38 56 255 83 42 76 255 95 44 86 255 95 44 86 255 95 44 86 255 95 44 86 255 95 44 86 255 95 44 86 255 99 44 85 255 107 44 84 255 115 43 81 255 125 41 75 255 125 41 75 255 115 43 81 255 107 44 84 255 99 44 85 255 95 44 86 255 95 44 86 255 79 42 73 255 49 36 47 255 25 25 25 191 8 8 8 63 0 0 0 0 0 0 0 0 0 0 0 0 
37 34 37 255 37 34 37 255 45 36 43 255 49 36 46 255 49 36 46 255 49 36 46 255 49 36 46 255 60 38 56 255 83 42 76 255 95 44 86 255 95 44 86 255 95 44 86 255 95 44 86 255 95 44 86 255 95 44 86 255 98 44 85 255 106 44 84 255 118 43 83 255 135 42 80 255 131 42 81 255 107 44 84 255 95 44 86 255 95 44 86 255 95 44 86 255 95 44 86 255 79 42 73 255 49 36 47 255 25 25 25 191 8 8 8 63 0 0 0 0 0 0 0 0 0 0 0 0 
45 36 43 255 45 36 43 255 68 40 63 255 79 42 72 255 79 42 72 255 79 42 72 255 79 42 72 255 83 42 76 255 91 44 82 255 95 44 86 255 95 44 86 255 95 44 86 255 95 44 86 255 95 44 86 255 95 44 86 255 106 44 84 255 130 42 81 255 134 42 81 255 119 43 82 255 107 44 84 255 99 44 85 255 95 44 86 255 95 44 86 255 95 44 86 255 95 44 86 255 79 42 73 255 49 36 47 255 25 25 25 191 8 8 8 63 0 0 0 0 0 0 0 0 0 0 0 0 
53 36 46 255 53 36 46 255 91 41 71 255 110 44 84 255 110 44 84 255 110 44 84 255 110 44 84 255 110 44 84 255 110 44 84 255 110 44 84 255 110 44 84 255 110 44 84 255 110 44 84 255 110 44 84 255 110 44 84 255 122 43 82 255 146 41 79 255 147 41 79 255 122 43 82 255 110 44 84 255 110 44 84 255 110 44 84 255 110 44 84 255 110 44 84 255 110 44 84 255 91 41 71 255 53 36 46 255 25 25 25 191 8 8 8 63 0 0 0 0 0 0 0 0 0 0 0 0 
61 36 45 255 61 36 45 255 115 40 68 255 142 42 80 255 142 42 80 255 142 42 80 255 142 42 80 255 142 42 80 255 142 42 80 255 142 42 80 255 142 42 80 255 142 42 80 255 142 42 80 255 142 42 80 255 142 42 80 255 146 41 79 255 154 41 78 255 154 41 78 255 146 41 79 255 142 42 80 255 142 42 80 255 142 42 80 255 142 42 80 255 142 42 80 255 142 42 80 255 115 40 68 255 61 36 45 255 25 25 25 191 8 8 8 63 0 0 0 0 0 0 0 0 0 0 0 0 
57 35 42 255 57 35 42 255 104 37 58 255 127 39 67 255 127 39 67 255 127 39 67 255 127 39 67 255 127 39 67 255 127 39 67 255 127 39 67 255 127 39 67 255 127 39 67 255 127 39 67 255 127 39 67 255 127 39 67 255 127 39 67 255 127 39 67 255 127 39 67 255 127 39 67 255 127 39 67 255 127 39 67 255 127 39 67 255 127 39 67 255 127 39 67 255 127 39 67 255 104 37 58 255 57 35 42 255 25 25 25 191 8 8 8 63 0 0 0 0 0 0 0 0 0 0 0 0 
41 34 36 255 41 34 36 255 57 35 42 255 65 35 45 255 65 35 45 255 65 35 45 255 65 35 45 255 65 35 45 255 65 35 45 255 65 35 45 255 65 35 45 255 65 35 45 255 65 35 45 255 65 35 45 255 65 35 45 255 65 35 45 255 65 35 45 255 65 35 45 255 65 35 45 255 65 35 45 255 65 35 45 255 65 35 45 255 65 35 45 255 65 35 45 255 65 35 45 255 57 35 42 255 41 34 36 255 25 25 25 191 8 8 8 63 0 0 0 0 0 0 0 0 0 0 0 0 
41 34 36 255 41 34 36 255 57 35 42 255 65 35 44 255 65 35 44 255 65 35 44 255 65 35 44 255 65 35 44 255 65 35 44 255 65 35 44 255 65 35 44 255 65 35 44 255 65 35 44 255 65 35 44 255 65 35 44 255 65 35 44 255 65 35 44 255 65 35 44 255 65 35 44 255 65 35 44 255 65 35 44 255 65 35 44 255 65 35 44 255 65 35 44 255 65 35 44 255 57 35 42 255 41 34 36 255 25 25 25 191 8 8 8 63 0 0 0 0 0 0 0 0 0 0 0 0 
