0 0 0 0 0 0 0 0 0 0 0 0 0 0 0 0 0 0 0 0 0 0 0 0 0 0 0 0 0 0 0 0 0 0 0 0 0 0 0 0 0 0 0 0 0 0 0 0 0 0 0 0 0 0 0 0 0 0 0 0 0 0 0 0 0 0 0 0 0 0 0 0 0 0 0 0 0 0 0 0 0 0 0 0 0 0 0 0 0 0 0 0 0 0 0 0 0 0 0 0 0 0 0 0 0 0 0 0 0 0 0 0 0 0 0 0 0 0 0 0 0 0 0 0 0 0 0 0 
0 0 0 0 0 0 0 0 0 0 0 0 0 0 0 0 0 0 0 0 0 0 0 0 0 0 0 0 0 0 0 0 0 0 0 0 0 0 0 0 0 0 0 0 0 0 0 0 0 0 0 0 0 0 0 0 0 0 0 0 0 0 0 0 0 0 0 0 0 0 0 0 0 0 0 0 0 0 0 0 0 0 0 0 0 0 0 0 0 0 0 0 0 0 0 0 0 0 0 0 0 0 0 0 0 0 0 0 0 0 0 0 0 0 0 0 0 0 0 0 0 0 0 0 0 0 0 0 
0 0 0 0 0 0 0 0 0 0 0 0 0 0 0 0 0 0 0 0 0 0 0 0 0 0 0 0 0 0 0 0 0 0 0 0 0 0 0 0 155 38 175 254 156 39 176 255 156 39 176 255 156 39 176 255 156 39 176 255 156 39 176 255 156 39 176 255 156 39 176 255 156 39 176 255 156 39 176 255 156 39 176 255 0 0 0 0 0 0 0 0 0 0 0 0 0 0 0 0 0 0 0 0 0 0 0 0 0 0 0 0 0 0 0 0 0 0 0 0 0 0 0 0 0 0 0 0 
0 0 0 0 0 0 0 0 0 0 0 0 0 0 0 0 0 0 0 0 0 0 0 0 0 0 0 0 0 0 0 0 0 0 0 0 155 38 175 254 156 39 176 255 0 0 0 0 0 0 0 0 0 0 0 0 155 38 175 254 156 39 176 255 156 39 176 255 0 0 0 0 0 0 0 0 0 0 0 0 156 39 176 255 156 39 176 255 0 0 0 0 0 0 0 0 0 0 0 0 0 0 0 0 0 0 0 0 0 0 0 0 0 0 0 0 0 0 0 0 0 0 0 0 0 0 0 0 
0 0 0 0 0 0 0 0 0 0 0 0 0 0 0 0 0 0 0 0 0 0 0 0 0 0 0 0 0 0 0 0 155 38 175 254 156 39 176 255 0 0 0 0 0 0 0 0 0 0 0 0 155 38 175 254 156 39 176 255 156 39 176 255 156 39 176 255 156 39 176 255 0 0 0 0 0 0 0 0 0 0 0 0 156 39 176 255 156 39 176 255 0 0 0 0 0 0 0 0 0 0 0 0 0 0 0 0 0 0 0 0 0 0 0 0 0 0 0 0 0 0 0 0 0 0 0 0 
0 0 0 0 0 0 0 0 0 0 0 0 0 0 0 0 0 0 0 0 0 0 0 0 0 0 0 0 155 38 175 254 156 39 176 255 0 0 0 0 0 0 0 0 0 0 0 0 155 38 175 254 156 39 176 255 156 39 176 255 156 39 176 255 156 39 176 255 156 39 176 255 156 39 176 255 0 0 0 0 0 0 0 0 0 0 0 0 156 39 176 255 156 39 176 255 0 0 0 0 0 0 0 0 0 0 0 0 0 0 0 0 0 0 0 0 0 0 0 0 0 0 0 0 0 0 0 0 
0 0 0 0 0 0 0 0 0 0 0 0 0 0 0 0 0 0 0 0 0 0 0 0 155 38 175 254 156 39 176 255 0 0 0 0 0 0 0 0 0 0 0 0 155 38 175 254 156 39 176 255 0 0 0 0 155 38 175 254 0 0 0 0 155 38 175 254 0 0 0 0 156 39 176 255 156 39 176 255 0 0 0 0 0 0 0 0 0 0 0 0 156 39 176 255 156 39 176 255 0 0 0 0 0 0 0 0 0 0 0 0 0 0 0 0 0 0 0 0 0 0 0 0 0 0 0 0 
0 0 0 0 0 0 0 0 0 0 0 0 0 0 0 0 0 0 0 0 155 38 175 254 156 39 176 255 0 0 0 0 0 0 0 0 0 0 0 0 155 38 175 254 156 39 176 255 0 0 0 0 155 38 175 254 156 39 176 255 0 0 0 0 155 38 175 254 156 39 176 255 0 0 0 0 156 39 176 255 156 39 176 255 0 0 0 0 0 0 0 0 0 0 0 0 156 39 176 255 156 39 176 255 0 0 0 0 0 0 0 0 0 0 0 0 0 0 0 0 0 0 0 0 0 0 0 0 
0 0 0 0 0 0 0 0 0 0 0 0 0 0 0 0 155 38 175 254 156 39 176 255 0 0 0 0 0 0 0 0 0 0 0 0 155 38 175 254 156 39 176 255 0 0 0 0 0 0 0 0 155 38 175 254 0 0 0 0 0 0 0 0 0 0 0 0 156 39 176 255 0 0 0 0 0 0 0 0 156 39 176 255 156 39 176 255 0 0 0 0 0 0 0 0 0 0 0 0 156 39 176 255 156 39 176 255 0 0 0 0 0 0 0 0 0 0 0 0 0 0 0 0 0 0 0 0 
0 0 0 0 0 0 0 0 0 0 0 0 155 38 175 254 156 39 176 255 0 0 0 0 0 0 0 0 0 0 0 0 155 38 175 254 156 39 176 255 0 0 0 0 0 0 0 0 155 38 175 254 156 39 176 255 0 0 0 0 0 0 0 0 0 0 0 0 156 39 176 255 156 39 176 255 0 0 0 0 0 0 0 0 156 39 176 255 156 39 176 255 0 0 0 0 0 0 0 0 0 0 0 0 156 39 176 255 156 39 176 255 0 0 0 0 0 0 0 0 0 0 0 0 0 0 0 0 
0 0 0 0 0 0 0 0 155 38 175 254 156 39 176 255 0 0 0 0 0 0 0 0 0 0 0 0 155 38 175 254 156 39 176 255 0 0 0 0 0 0 0 0 0 0 0 0 155 38 175 254 0 0 0 0 0 0 0 0 0 0 0 0 0 0 0 0 0 0 0 0 156 39 176 255 0 0 0 0 0 0 0 0 0 0 0 0 156 39 176 255 156 39 176 255 0 0 0 0 0 0 0 0 0 0 0 0 156 39 176 255 156 39 176 255 0 0 0 0 0 0 0 0 0 0 0 0 
0 0 0 0 155 38 175 254 156 39 176 255 0 0 0 0 0 0 0 0 0 0 0 0 155 38 175 254 156 39 176 255 0 0 0 0 0 0 0 0 0 0 0 0 155 38 175 254 156 39 176 255 0 0 0 0 0 0 0 0 0 0 0 0 0 0 0 0 0 0 0 0 156 39 176 255 156 39 176 255 0 0 0 0 0 0 0 0 0 0 0 0 156 39 176 255 156 39 176 255 0 0 0 0 0 0 0 0 0 0 0 0 156 39 176 255 156 39 176 255 0 0 0 0 0 0 0 0 
0 0 0 0 155 38 175 254 0 0 0 0 0 0 0 0 0 0 0 0 155 38 175 254 156 39 176 255 0 0 0 0 0 0 0 0 0 0 0 0 0 0 0 0 155 38 175 254 0 0 0 0 0 0 0 0 0 0 0 0 0 0 0 0 0 0 0 0 0 0 0 0 0 0 0 0 156 39 176 255 0 0 0 0 0 0 0 0 0 0 0 0 0 0 0 0 156 39 176 255 156 39 176 255 0 0 0 0 0 0 0 0 0 0 0 0 156 39 176 255 0 0 0 0 0 0 0 0 
0 0 0 0 155 38 175 254 0 0 0 0 0 0 0 0 155 38 175 254 156 39 176 255 0 0 0 0 0 0 0 0 0 0 0 0 0 0 0 0 155 38 175 254 156 39 176 255 0 0 0 0 0 0 0 0 0 0 0 0 0 0 0 0 0 0 0 0 0 0 0 0 0 0 0 0 156 39 176 255 156 39 176 255 0 0 0 0 0 0 0 0 0 0 0 0 0 0 0 0 156 39 176 255 156 39 176 255 0 0 0 0 0 0 0 0 156 39 176 255 0 0 0 0 0 0 0 0 
0 0 0 0 155 38 175 254 0 0 0 0 155 38 175 254 156 39 176 255 0 0 0 0 0 0 0 0 0 0 0 0 0 0 0 0 0 0 0 0 155 38 175 254 0 0 0 0 0 0 0 0 0 0 0 0 0 0 0 0 0 0 0 0 0 0 0 0 0 0 0 0 0 0 0 0 0 0 0 0 156 39 176 255 0 0 0 0 0 0 0 0 0 0 0 0 0 0 0 0 0 0 0 0 156 39 176 255 156 39 176 255 0 0 0 0 156 39 176 255 0 0 0 0 0 0 0 0 
0 0 0 0 155 38 175 254 156 39 176 255 156 39 176 255 0 0 0 0 0 0 0 0 0 0 0 0 0 0 0 0 0 0 0 0 155 38 175 254 156 39 176 255 0 0 0 0 0 0 0 0 0 0 0 0 0 0 0 0 0 0 0 0 0 0 0 0 0 0 0 0 0 0 0 0 0 0 0 0 156 39 176 255 156 39 176 255 0 0 0 0 0 0 0 0 0 0 0 0 0 0 0 0 0 0 0 0 156 39 176 255 156 39 176 255 156 39 176 255 0 0 0 0 0 0 0 0 
0 0 0 0 155 38 175 254 0 0 0 0 155 38 175 254 156 39 176 255 156 39 176 255 0 0 0 0 0 0 0 0 0 0 0 0 155 38 175 254 0 0 0 0 0 0 0 0 0 0 0 0 0 0 0 0 0 0 0 0 0 0 0 0 0 0 0 0 0 0 0 0 0 0 0 0 0 0 0 0 0 0 0 0 156 39 176 255 0 0 0 0 0 0 0 0 0 0 0 0 156 39 176 255 156 39 176 255 156 39 176 255 0 0 0 0 156 39 176 255 0 0 0 0 0 0 0 0 
0 0 0 0 155 38 175 254 0 0 0 0 0 0 0 0 0 0 0 0 155 38 175 254 156 39 176 255 0 0 0 0 155 38 175 254 156 39 176 255 0 0 0 0 0 0 0 0 0 0 0 0 0 0 0 0 0 0 0 0 0 0 0 0 0 0 0 0 0 0 0 0 0 0 0 0 0 0 0 0 0 0 0 0 156 39 176 255 156 39 176 255 0 0 0 0 156 39 176 255 156 39 176 255 0 0 0 0 0 0 0 0 0 0 0 0 156 39 176 255 0 0 0 0 0 0 0 0 
0 0 0 0 155 38 175 254 0 0 0 0 0 0 0 0 0 0 0 0 0 0 0 0 155 38 175 254 156 39 176 255 156 39 176 255 0 0 0 0 0 0 0 0 0 0 0 0 0 0 0 0 0 0 0 0 0 0 0 0 0 0 0 0 0 0 0 0 0 0 0 0 0 0 0 0 0 0 0 0 0 0 0 0 0 0 0 0 156 39 176 255 156 39 176 255 156 39 176 255 0 0 0 0 0 0 0 0 0 0 0 0 0 0 0 0 156 39 176 255 0 0 0 0 0 0 0 0 
0 0 0 0 155 38 175 254 0 0 0 0 0 0 0 0 0 0 0 0 0 0 0 0 0 0 0 0 155 38 175 254 156 39 176 255 156 39 176 255 156 39 176 255 156 39 176 255 0 0 0 0 0 0 0 0 0 0 0 0 0 0 0 0 0 0 0 0 0 0 0 0 0 0 0 0 156 39 176 255 156 39 176 255 156 39 176 255 156 39 176 255 156 39 176 255 0 0 0 0 0 0 0 0 0 0 0 0 0 0 0 0 0 0 0 0 156 39 176 255 0 0 0 0 0 0 0 0 
0 0 0 0 155 38 175 254 0 0 0 0 0 0 0 0 0 0 0 0 0 0 0 0 155 38 175 254 156 39 176 255 0 0 0 0 0 0 0 0 0 0 0 0 155 38 175 254 156 39 176 255 156 39 176 255 0 0 0 0 0 0 0 0 0 0 0 0 156 39 176 255 156 39 176 255 156 39 176 255 0 0 0 0 0 0 0 0 0 0 0 0 156 39 176 255 0 0 0 0 0 0 0 0 0 0 0 0 0 0 0 0 0 0 0 0 156 39 176 255 0 0 0 0 0 0 0 0 
0 0 0 0 155 38 175 254 0 0 0 0 0 0 0 0 0 0 0 0 0 0 0 0 155 38 175 254 0 0 0 0 0 0 0 0 0 0 0 0 0 0 0 0 0 0 0 0 0 0 0 0 155 38 175 254 156 39 176 255 0 0 0 0 155 38 175 254 156 39 176 255 0 0 0 0 0 0 0 0 0 0 0 0 0 0 0 0 0 0 0 0 156 39 176 255 156 39 176 255 0 0 0 0 0 0 0 0 0 0 0 0 0 0 0 0 156 39 176 255 0 0 0 0 0 0 0 0 
0 0 0 0 155 38 175 254 0 0 0 0 0 0 0 0 0 0 0 0 0 0 0 0 155 38 175 254 0 0 0 0 0 0 0 0 0 0 0 0 0 0 0 0 0 0 0 0 0 0 0 0 0 0 0 0 155 38 175 254 156 39 176 255 156 39 176 255 0 0 0 0 0 0 0 0 0 0 0 0 0 0 0 0 0 0 0 0 0 0 0 0 0 0 0 0 156 39 176 255 0 0 0 0 0 0 0 0 0 0 0 0 0 0 0 0 156 39 176 255 0 0 0 0 0 0 0 0 
0 0 0 0 155 38 175 254 0 0 0 0 0 0 0 0 0 0 0 0 155 38 175 254 156 39 176 255 0 0 0 0 0 0 0 0 0 0 0 0 0 0 0 0 0 0 0 0 155 38 175 254 156 39 176 255 156 39 176 255 0 0 0 0 155 38 175 254 156 39 176 255 156 39 176 255 0 0 0 0 0 0 0 0 0 0 0 0 0 0 0 0 0 0 0 0 156 39 176 255 0 0 0 0 0 0 0 0 0 0 0 0 0 0 0 0 156 39 176 255 0 0 0 0 0 0 0 0 
0 0 0 0 155 38 175 254 0 0 0 0 0 0 0 0 0 0 0 0 155 38 175 254 0 0 0 0 0 0 0 0 0 0 0 0 0 0 0 0 155 38 175 254 156 39 176 255 156 39 176 255 0 0 0 0 0 0 0 0 0 0 0 0 0 0 0 0 0 0 0 0 156 39 176 255 156 39 176 255 156 39 176 255 0 0 0 0 0 0 0 0 0 0 0 0 156 39 176 255 156 39 176 255 0 0 0 0 0 0 0 0 0 0 0 0 156 39 176 255 0 0 0 0 0 0 0 0 
0 0 0 0 155 38 175 254 156 39 176 255 0 0 0 0 0 0 0 0 155 38 175 254 0 0 0 0 0 0 0 0 155 38 175 254 156 39 176 255 156 39 176 255 0 0 0 0 0 0 0 0 0 0 0 0 0 0 0 0 0 0 0 0 0 0 0 0 0 0 0 0 0 0 0 0 0 0 0 0 156 39 176 255 156 39 176 255 156 39 176 255 0 0 0 0 0 0 0 0 156 39 176 255 0 0 0 0 0 0 0 0 156 39 176 255 156 39 176 255 0 0 0 0 0 0 0 0 
0 0 0 0 0 0 0 0 155 38 175 254 156 39 176 255 0 0 0 0 155 38 175 254 156 39 176 255 156 39 176 255 156 39 176 255 0 0 0 0 0 0 0 0 0 0 0 0 0 0 0 0 0 0 0 0 0 0 0 0 0 0 0 0 0 0 0 0 0 0 0 0 0 0 0 0 0 0 0 0 0 0 0 0 0 0 0 0 156 39 176 255 156 39 176 255 156 39 176 255 156 39 176 255 0 0 0 0 156 39 176 255 156 39 176 255 0 0 0 0 0 0 0 0 0 0 0 0 
0 0 0 0 0 0 0 0 0 0 0 0 155 38 175 254 156 39 176 255 0 0 0 0 0 0 0 0 0 0 0 0 0 0 0 0 0 0 0 0 0 0 0 0 0 0 0 0 0 0 0 0 0 0 0 0 0 0 0 0 0 0 0 0 0 0 0 0 0 0 0 0 0 0 0 0 0 0 0 0 0 0 0 0 0 0 0 0 0 0 0 0 0 0 0 0 0 0 0 0 0 0 0 0 156 39 176 255 156 39 176 255 0 0 0 0 0 0 0 0 0 0 0 0 0 0 0 0 
0 0 0 0 0 0 0 0 0 0 0 0 0 0 0 0 155 38 175 254 156 39 176 255 156 39 176 255 156 39 176 255 156 39 176 255 156 39 176 255 156 39 176 255 156 39 176 255 156 39 176 255 156 39 176 255 156 39 176 255 156 39 176 255 156 39 176 255 156 39 176 255 156 39 176 255 156 39 176 255 156 39 176 255 156 39 176 255 156 39 176 255 156 39 176 255 156 39 176 255 156 39 176 255 156 39 176 255 0 0 0 0 0 0 0 0 0 0 0 0 0 0 0 0 0 0 0 0 
0 0 0 0 0 0 0 0 0 0 0 0 0 0 0 0 0 0 0 0 0 0 0 0 0 0 0 0 0 0 0 0 0 0 0 0 0 0 0 0 0 0 0 0 0 0 0 0 0 0 0 0 0 0 0 0 0 0 0 0 0 0 0 0 0 0 0 0 0 0 0 0 0 0 0 0 0 0 0 0 0 0 0 0 0 0 0 0 0 0 0 0 0 0 0 0 0 0 0 0 0 0 0 0 0 0 0 0 0 0 0 0 0 0 0 0 0 0 0 0 0 0 0 0 0 0 0 0 
0 0 0 0 0 0 0 0 0 0 0 0 0 0 0 0 0 0 0 0 0 0 0 0 0 0 0 0 0 0 0 0 0 0 0 0 0 0 0 0 0 0 0 0 0 0 0 0 0 0 0 0 0 0 0 0 0 0 0 0 0 0 0 0 0 0 0 0 0 0 0 0 0 0 0 0 0 0 0 0 0 0 0 0 0 0 0 0 0 0 0 0 0 0 0 0 0 0 0 0 0 0 0 0 0 0 0 0 0 0 0 0 0 0 0 0 0 0 0 0 0 0 0 0 0 0 0 0 
0 0 0 0 0 0 0 0 0 0 0 0 0 0 0 0 0 0 0 0 0 0 0 0 0 0 0 0 0 0 0 0 0 0 0 0 0 0 0 0 0 0 0 0 0 0 0 0 0 0 0 0 0 0 0 0 0 0 0 0 0 0 0 0 0 0 0 0 0 0 0 0 0 0 0 0 0 0 0 0 0 0 0 0 0 0 0 0 0 0 0 0 0 0 0 0 0 0 0 0 0 0 0 0 0 0 0 0 0 0 0 0 0 0 0 0 0 0 0 0 0 0 0 0 0 0 0 0 
