0 0 0 0 0 0 0 0 0 0 0 0 0 0 0 0 0 0 0 0 0 0 0 0 0 0 0 0 0 0 0 0 0 0 0 0 0 0 0 0 0 0 0 0 0 0 0 0 0 0 0 0 0 0 0 0 0 0 0 0 0 0 0 0 0 0 0 0 0 0 0 0 0 0 0 0 0 0 0 0 0 0 0 0 0 0 0 0 0 0 0 0 0 0 0 0 0 0 0 0 0 0 0 0 0 0 0 0 0 0 0 0 0 0 0 0 0 0 0 0 0 0 0 0 0 0 0 0 0 0 0 0 0 0 0 0 0 0 0 0 0 0 0 0 0 0 0 0 0 0 0 0 0 0 0 0 0 0 0 0 0 0 0 0 0 0 0 0 0 0 0 0 0 0 0 0 0 0 0 0 0 0 0 0 0 0 0 0 0 0 0 0 0 0 0 0 0 0 0 0 0 0 0 0 0 0 0 0 0 0 0 0 0 0 0 0 0 0 0 0 0 0 0 0 0 0 0 0 0 0 0 0 0 0 0 0 0 0 0 0 0 0 0 0 0 0 0 0 0 0 0 0 0 0 0 0 
0 0 0 0 0 0 0 0 0 0 0 0 0 0 0 0 0 0 0 0 0 0 0 0 0 0 0 0 0 0 0 0 0 0 0 0 0 0 0 0 0 0 0 0 0 0 0 0 0 0 0 0 0 0 0 0 0 0 0 0 0 0 0 0 0 0 0 0 0 0 0 0 0 0 0 0 0 0 0 0 0 0 0 0 0 0 0 0 0 0 0 0 0 0 0 0 0 0 0 0 0 0 0 0 0 0 0 0 0 0 0 0 0 0 0 0 0 0 0 0 0 0 0 0 0 0 0 0 0 0 0 0 0 0 0 0 0 0 0 0 0 0 0 0 0 0 0 0 0 0 0 0 0 0 0 0 0 0 0 0 0 0 0 0 0 0 0 0 0 0 0 0 0 0 0 0 0 0 0 0 0 0 0 0 0 0 0 0 0 0 0 0 0 0 0 0 0 0 0 0 0 0 0 0 0 0 0 0 0 0 0 0 0 0 0 0 0 0 0 0 0 0 0 0 0 0 0 0 0 0 0 0 0 0 0 0 0 0 0 0 0 0 0 0 0 0 0 0 0 0 0 0 0 0 0 0 
0 0 0 0 0 0 0 0 0 0 0 0 0 0 0 0 0 0 0 0 0 0 0 0 0 0 0 0 0 0 0 0 0 0 0 0 0 0 0 0 0 0 0 0 0 0 0 0 0 0 0 0 0 0 0 0 0 0 0 0 0 0 0 0 0 0 0 0 0 0 0 0 0 0 0 0 0 0 0 0 0 0 0 0 0 0 0 0 0 0 0 0 0 0 0 0 0 0 0 0 0 0 0 0 0 0 0 0 0 0 0 0 0 0 0 0 0 0 0 0 0 0 0 0 0 0 0 0 0 0 0 0 0 0 0 0 0 0 0 0 0 0 0 0 0 0 0 0 0 0 0 0 0 0 0 0 0 0 0 0 0 0 0 0 0 0 0 0 0 0 0 0 0 0 0 0 0 0 0 0 0 0 0 0 0 0 0 0 0 0 0 0 0 0 0 0 0 0 0 0 0 0 0 0 0 0 0 0 0 0 0 0 0 0 0 0 0 0 0 0 0 0 0 0 0 0 0 0 0 0 0 0 0 0 0 0 0 0 0 0 0 0 0 0 0 0 0 0 0 0 0 0 0 0 0 0 
0 0 0 0 0 0 0 0 0 0 0 0 0 0 0 0 0 0 0 0 0 0 0 0 0 0 0 0 0 0 0 0 0 0 0 0 0 0 0 0 0 0 0 0 0 0 0 0 0 0 0 0 0 0 0 0 0 0 0 0 0 0 0 0 0 0 0 0 0 0 0 0 0 0 0 0 0 0 0 0 0 0 0 0 0 0 0 0 0 0 0 0 0 0 0 0 0 0 0 0 0 0 0 0 0 0 0 0 0 0 0 0 0 0 0 0 0 0 0 0 0 0 0 0 0 0 0 0 0 0 0 0 0 0 0 0 0 0 0 0 0 0 0 0 0 0 0 0 0 0 0 0 0 0 0 0 0 0 0 0 0 0 0 0 0 0 0 0 0 0 0 0 0 0 0 0 0 0 0 0 0 0 0 0 0 0 0 0 0 0 0 0 0 0 0 0 0 0 0 0 0 0 0 0 0 0 0 0 0 0 0 0 0 0 0 0 0 0 0 0 0 0 0 0 0 0 0 0 0 0 0 0 0 0 0 0 0 0 0 0 0 0 0 0 0 0 0 0 0 0 0 0 0 0 0 0 
0 0 0 0 0 0 0 0 0 0 0 0 0 0 0 0 0 0 0 0 0 0 0 0 0 0 0 0 0 0 0 0 0 0 0 0 0 0 0 0 0 0 0 0 0 0 0 0 0 0 0 0 0 0 0 0 0 0 0 0 0 0 0 0 0 0 0 0 0 0 0 0 0 0 0 0 0 0 0 0 0 0 0 0 0 0 0 0 0 0 0 0 0 0 0 0 0 0 0 0 0 0 0 0 0 0 0 0 0 0 0 0 0 0 0 0 0 0 0 0 0 0 0 0 0 0 0 0 0 0 0 0 0 0 0 0 0 0 0 0 0 0 0 0 0 0 0 0 0 0 0 0 0 0 0 0 0 0 0 0 0 0 0 0 0 0 0 0 0 0 0 0 0 0 0 0 0 0 0 0 0 0 0 0 0 0 0 0 0 0 0 0 0 0 0 0 0 0 0 0 0 0 0 0 0 0 0 0 0 0 0 0 0 0 0 0 0 0 0 0 0 0 0 0 0 0 0 0 0 0 0 0 0 0 0 0 0 0 0 0 0 0 0 0 0 0 0 0 0 0 0 0 0 0 0 0 
0 0 0 0 0 0 0 0 0 0 0 0 0 0 0 0 0 0 0 0 0 0 0 0 0 0 0 0 0 0 0 0 0 0 0 0 0 0 0 0 0 0 0 0 0 0 0 0 0 0 0 0 0 0 0 0 0 0 0 0 0 0 0 0 0 0 0 0 0 0 0 0 0 0 0 0 0 0 0 0 0 0 0 0 0 0 0 0 0 0 0 0 0 0 0 0 0 0 0 0 0 0 0 0 0 0 0 0 0 0 0 0 0 0 0 0 0 0 0 0 0 0 0 0 0 0 0 0 0 0 0 0 0 0 0 0 0 0 0 0 0 0 0 0 0 0 0 0 0 0 0 0 0 0 0 0 0 0 0 0 0 0 0 0 0 0 0 0 0 0 0 0 0 0 0 0 0 0 0 0 0 0 0 0 0 0 0 0 0 0 0 0 0 0 0 0 0 0 0 0 0 0 0 0 0 0 0 0 0 0 0 0 0 0 0 0 0 0 0 0 0 0 0 0 0 0 0 0 0 0 0 0 0 0 0 0 0 0 0 0 0 0 0 0 0 0 0 0 0 0 0 0 0 0 0 0 
0 0 0 0 0 0 0 0 0 0 0 0 0 0 0 0 0 0 0 0 0 0 0 0 0 0 0 0 0 0 0 0 0 0 0 0 0 0 0 0 0 0 0 0 0 0 0 0 0 0 0 0 0 0 0 0 0 0 0 0 0 0 0 0 0 0 0 0 0 0 0 0 0 0 0 0 0 0 0 0 0 0 0 0 0 0 0 0 0 0 0 0 0 0 0 0 0 0 0 0 0 0 0 0 0 0 0 0 0 0 0 0 0 0 0 0 0 0 0 0 0 0 0 0 0 0 0 0 0 0 0 0 0 0 0 0 0 0 0 0 0 0 0 0 0 0 0 0 0 0 0 0 0 0 0 0 0 0 0 0 0 0 0 0 0 0 0 0 0 0 0 0 0 0 0 0 0 0 0 0 0 0 0 0 0 0 0 0 0 0 0 0 0 0 0 0 0 0 0 0 0 0 0 0 0 0 0 0 0 0 0 0 0 0 0 0 0 0 0 0 0 0 0 0 0 0 0 0 0 0 0 0 0 0 0 0 0 0 0 0 0 0 0 0 0 0 0 0 0 0 0 0 0 0 0 0 
0 0 0 0 0 0 0 0 0 0 0 0 0 0 0 0 0 0 0 0 0 0 0 0 0 0 0 0 0 0 0 0 0 0 0 0 0 0 0 0 0 0 0 0 0 0 0 0 0 0 0 0 0 0 0 0 0 0 0 0 0 0 0 0 0 0 0 0 0 0 0 0 0 0 0 0 0 0 0 0 0 0 0 0 0 0 0 0 0 0 0 0 0 0 0 0 0 0 0 0 0 0 0 0 0 0 0 0 0 0 0 0 0 0 0 0 0 0 0 0 0 0 0 0 0 0 0 0 0 0 0 0 0 0 0 0 0 0 0 0 0 0 0 0 0 0 0 0 0 0 0 0 0 0 0 0 0 0 0 0 0 0 0 0 0 0 0 0 0 0 0 0 0 0 0 0 0 0 0 0 0 0 0 0 0 0 0 0 0 0 0 0 0 0 0 0 0 0 0 0 0 0 0 0 0 0 0 0 0 0 0 0 0 0 0 0 0 0 0 0 0 0 0 0 0 0 0 0 0 0 0 0 0 0 0 0 0 0 0 0 0 0 0 0 0 0 0 0 0 0 0 0 0 0 0 0 
0 0 0 0 0 0 0 0 0 0 0 0 0 0 0 0 0 0 0 0 0 0 0 0 0 0 0 0 0 0 0 0 0 0 0 0 0 0 0 0 0 0 0 0 0 0 0 0 0 0 0 0 0 0 0 0 0 0 0 0 0 0 0 0 0 0 0 0 0 0 0 0 0 0 0 0 0 0 0 0 0 0 0 0 0 0 0 0 0 0 0 0 0 0 0 0 0 0 0 0 0 0 0 0 0 0 0 0 0 0 0 0 0 0 0 0 0 0 0 0 0 0 0 0 0 0 0 0 0 0 0 0 0 0 0 0 0 0 0 0 0 0 0 0 0 0 0 0 0 0 0 0 0 0 0 0 0 0 0 0 0 0 0 0 0 0 0 0 0 0 0 0 0 0 0 0 0 0 0 0 0 0 0 0 0 0 0 0 0 0 0 0 0 0 0 0 0 0 0 0 0 0 0 0 0 0 0 0 0 0 0 0 0 0 0 0 0 0 0 0 0 0 0 0 0 0 0 0 0 0 0 0 0 0 0 0 0 0 0 0 0 0 0 0 0 0 0 0 0 0 0 0 0 0 0 0 
0 0 0 0 0 0 0 0 0 0 0 0 0 0 0 0 0 0 0 0 0 0 0 0 0 0 0 0 0 0 0 0 0 0 0 0 0 0 0 0 0 0 0 0 0 0 0 0 0 0 0 0 0 0 0 0 0 0 0 0 0 0 0 0 0 0 0 0 0 0 0 0 0 0 0 0 0 0 0 0 0 0 0 0 0 0 0 0 0 0 0 0 0 0 0 0 0 0 0 0 0 0 0 0 0 0 0 0 0 0 0 0 0 0 0 0 0 0 0 0 0 0 0 0 0 0 0 0 0 0 0 0 0 0 0 0 0 0 0 0 0 0 0 0 0 0 0 0 0 0 0 0 0 0 0 0 0 0 0 0 0 0 0 0 0 0 0 0 0 0 0 0 0 0 0 0 0 0 0 0 0 0 0 0 0 0 0 0 0 0 0 0 0 0 0 0 0 0 0 0 0 0 0 0 0 0 0 0 0 0 0 0 0 0 0 0 0 0 0 0 0 0 0 0 0 0 0 0 0 0 0 0 0 0 0 0 0 0 0 0 0 0 0 0 0 0 0 0 0 0 0 0 0 0 0 0 
0 0 0 0 0 0 0 0 0 0 0 0 0 0 0 0 0 0 0 0 0 0 0 0 0 0 0 0 0 0 0 0 0 0 0 0 0 0 0 0 0 0 0 0 0 0 0 0 0 0 0 0 0 0 0 0 0 0 0 0 0 0 0 0 0 0 0 0 0 0 0 0 0 0 0 0 0 0 0 0 0 0 0 0 0 0 0 0 0 0 0 0 0 0 0 0 0 0 0 0 0 0 0 0 0 0 0 0 0 0 0 0 0 0 0 0 0 0 0 0 0 0 0 0 0 0 0 0 0 0 0 0 0 0 0 0 0 0 0 0 0 0 0 0 0 0 0 0 0 0 0 0 0 0 0 0 0 0 0 0 0 0 0 0 0 0 0 0 0 0 0 0 0 0 0 0 0 0 0 0 0 0 0 0 0 0 0 0 0 0 0 0 0 0 0 0 0 0 0 0 0 0 0 0 0 0 0 0 0 0 0 0 0 0 0 0 0 0 0 0 0 0 0 0 0 0 0 0 0 0 0 0 0 0 0 0 0 0 0 0 0 0 0 0 0 0 0 0 0 0 0 0 0 0 0 0 
0 0 0 0 0 0 0 0 0 0 0 0 0 0 0 0 0 0 0 0 0 0 0 0 0 0 0 0 0 0 0 0 0 0 0 0 0 0 0 0 0 0 0 0 0 0 0 0 0 0 0 0 0 0 0 0 0 0 0 0 0 0 0 0 0 0 0 0 0 0 0 0 0 0 0 0 0 0 0 0 0 0 0 0 0 0 0 0 0 0 0 0 0 0 0 0 0 0 0 0 2 2 2 15 6 6 6 47 8 8 8 63 8 8 8 63 8 8 8 63 8 8 8 63 8 8 8 63 8 8 8 63 8 8 8 63 8 8 8 63 8 8 8 63 8 8 8 63 8 8 8 63 8 8 8 63 8 8 8 63 8 8 8 63 8 8 8 63 8 8 8 63 8 8 8 63 8 8 8 63 6 6 6 47 2 2 2 15 0 0 0 0 0 0 0 0 0 0 0 0 0 0 0 0 0 0 0 0 0 0 0 0 0 0 0 0 0 0 0 0 0 0 0 0 0 0 0 0 0 0 0 0 0 0 0 0 0 0 0 0 0 0 0 0 0 0 0 0 0 0 0 0 0 0 0 0 
0 0 0 0 0 0 0 0 0 0 0 0 0 0 0 0 0 0 0 0 0 0 0 0 0 0 0 0 0 0 0 0 0 0 0 0 0 0 0 0 0 0 0 0 0 0 0 0 0 0 0 0 0 0 0 0 0 0 0 0 0 0 0 0 0 0 0 0 0 0 0 0 0 0 0 0 0 0 0 0 0 0 0 0 0 0 0 0 0 0 0 0 0 0 0 0 0 0 0 0 6 6 6 47 19 19 19 143 25 25 25 191 25 25 25 191 25 25 25 191 25 25 25 191 25 25 25 191 25 25 25 191 25 25 25 191 25 25 25 191 25 25 25 191 25 25 25 191 25 25 25 191 25 25 25 191 25 25 25 191 25 25 25 191 25 25 25 191 25 25 25 191 25 25 25 191 25 25 25 191 19 19 19 143 6 6 6 47 0 0 0 0 0 0 0 0 0 0 0 0 0 0 0 0 0 0 0 0 0 0 0 0 0 0 0 0 0 0 0 0 0 0 0 0 0 0 0 0 0 0 0 0 0 0 0 0 0 0 0 0 0 0 0 0 0 0 0 0 0 0 0 0 0 0 0 0 
0 0 0 0 0 0 0 0 0 0 0 0 0 0 0 0 0 0 0 0 0 0 0 0 0 0 0 0 0 0 0 0 0 0 0 0 0 0 0 0 0 0 0 0 0 0 0 0 0 0 0 0 0 0 0 0 0 0 0 0 0 0 0 0 0 0 0 0 0 0 0 0 0 0 0 0 0 0 0 0 0 0 0 0 0 0 0 0 0 0 0 0 2 2 2 15 6 6 6 47 15 16 17 111 30 33 36 207 38 44 45 255 39 51 45 255 40 54 45 255 40 54 45 255 40 54 45 255 40 54 45 255 40 54 45 255 40 54 45 255 40 54 45 255 40 54 45 255 40 54 45 255 40 54 45 255 40 54 45 255 40 54 45 255 40 54 45 255 40 54 45 255 40 54 45 255 40 54 45 255 32 42 36 207 16 19 17 111 6 6 6 47 2 2 2 15 0 0 0 0 0 0 0 0 0 0 0 0 0 0 0 0 0 0 0 0 0 0 0 0 0 0 0 0 0 0 0 0 0 0 0 0 0 0 0 0 0 0 0 0 0 0 0 0 0 0 0 0 0 0 0 0 0 0 0 0 
0 0 0 0 0 0 0 0 0 0 0 0 0 0 0 0 0 0 0 0 0 0 0 0 0 0 0 0 0 0 0 0 0 0 0 0 0 0 0 0 0 0 0 0 0 0 0 0 0 0 0 0 0 0 0 0 0 0 0 0 0 0 0 0 0 0 0 0 0 0 0 0 0 0 0 0 0 0 0 0 0 0 0 0 0 0 0 0 0 0 0 0 6 6 6 47 19 19 19 143 30 33 36 207 40 49 58 239 47 66 69 255 52 85 68 255 54 94 67 255 54 94 67 255 54 94 67 255 54 94 67 255 54 94 67 255 54 94 67 255 54 94 67 255 54 94 67 255 54 94 67 255 54 94 67 255 54 94 67 255 54 94 67 255 54 94 67 255 54 94 67 255 54 94 67 255 54 94 67 255 47 77 57 239 32 42 36 207 19 19 19 143 6 6 6 47 0 0 0 0 0 0 0 0 0 0 0 0 0 0 0 0 0 0 0 0 0 0 0 0 0 0 0 0 0 0 0 0 0 0 0 0 0 0 0 0 0 0 0 0 0 0 0 0 0 0 0 0 0 0 0 0 0 0 0 0 
0 0 0 0 0 0 0 0 0 0 0 0 0 0 0 0 0 0 0 0 0 0 0 0 0 0 0 0 0 0 0 0 0 0 0 0 0 0 0 0 0 0 0 0 0 0 0 0 0 0 0 0 0 0 0 0 0 0 0 0 0 0 0 0 0 0 0 0 0 0 0 0 0 0 0 0 0 0 0 0 0 0 0 0 0 0 0 0 0 0 0 0 8 8 8 63 25 25 25 191 37 41 46 255 45 57 70 255 52 77 81 255 58 102 79 255 60 115 79 255 60 115 79 255 60 115 79 255 60 115 79 255 60 115 79 255 60 114 79 255 60 115 79 255 60 114 79 255 60 115 79 255 60 114 79 255 60 115 79 255 60 114 79 255 60 115 79 255 60 115 79 255 60 115 79 255 60 115 79 255 54 94 67 255 40 54 45 255 25 25 25 191 8 8 8 63 0 0 0 0 0 0 0 0 0 0 0 0 0 0 0 0 0 0 0 0 0 0 0 0 0 0 0 0 0 0 0 0 0 0 0 0 0 0 0 0 0 0 0 0 0 0 0 0 0 0 0 0 0 0 0 0 0 0 0 0 
0 0 0 0 0 0 0 0 0 0 0 0 0 0 0 0 0 0 0 0 0 0 0 0 0 0 0 0 0 0 0 0 0 0 0 0 0 0 0 0 0 0 0 0 0 0 0 0 0 0 0 0 0 0 0 0 0 0 0 0 0 0 0 0 0 0 0 0 0 0 0 0 0 0 0 0 0 0 0 0 0 0 0 0 0 0 0 0 0 0 0 0 8 8 8 63 25 25 25 191 37 41 46 255 45 57 70 255 52 77 81 255 58 102 79 255 60 115 79 255 60 115 79 255 60 115 79 255 60 115 79 255 60 115 79 255 60 114 79 255 60 115 79 255 60 114 79 255 60 115 79 255 60 114 79 255 60 115 79 255 60 114 79 255 60 115 79 255 60 115 79 255 60 115 79 255 60 115 79 255 54 94 67 255 40 54 45 255 25 25 25 191 8 8 8 63 0 0 0 0 0 0 0 0 0 0 0 0 0 0 0 0 0 0 0 0 0 0 0 0 0 0 0 0 0 0 0 0 0 0 0 0 0 0 0 0 0 0 0 0 0 0 0 0 0 0 0 0 0 0 0 0 0 0 0 0 
0 0 0 0 0 0 0 0 0 0 0 0 0 0 0 0 0 0 0 0 0 0 0 0 0 0 0 0 0 0 0 0 0 0 0 0 0 0 0 0 0 0 0 0 0 0 0 0 0 0 0 0 0 0 0 0 0 0 0 0 0 0 0 0 0 0 0 0 0 0 0 0 0 0 0 0 0 0 0 0 0 0 0 0 0 0 0 0 0 0 0 0 8 8 8 63 25 25 25 191 37 41 46 255 45 57 70 255 52 77 81 255 58 102 79 255 60 115 79 255 60 115 79 255 60 115 79 255 60 115 79 255 60 115 79 255 60 114 79 255 60 115 79 255 60 114 79 255 60 115 79 255 60 114 79 255 60 115 79 255 60 114 79 255 60 115 79 255 60 115 79 255 60 115 79 255 60 115 79 255 54 94 67 255 40 54 45 255 25 25 25 191 8 8 8 63 0 0 0 0 0 0 0 0 0 0 0 0 0 0 0 0 0 0 0 0 0 0 0 0 0 0 0 0 0 0 0 0 0 0 0 0 0 0 0 0 0 0 0 0 0 0 0 0 0 0 0 0 0 0 0 0 0 0 0 0 
0 0 0 0 0 0 0 0 0 0 0 0 0 0 0 0 0 0 0 0 0 0 0 0 0 0 0 0 0 0 0 0 0 0 0 0 0 0 0 0 0 0 0 0 0 0 0 0 0 0 0 0 0 0 0 0 0 0 0 0 0 0 0 0 0 0 0 0 0 0 0 0 0 0 0 0 0 0 0 0 0 0 0 0 0 0 0 0 0 0 0 0 8 8 8 63 25 25 25 191 37 41 46 255 45 57 70 255 52 77 81 255 58 102 79 255 60 115 79 255 60 115 79 255 60 115 79 255 60 115 79 255 60 115 79 255 60 114 79 255 60 115 79 255 60 114 79 255 60 115 79 255 60 114 79 255 60 115 79 255 60 114 79 255 60 115 79 255 60 115 79 255 60 115 79 255 60 115 79 255 54 94 67 255 40 54 45 255 25 25 25 191 8 8 8 63 0 0 0 0 0 0 0 0 0 0 0 0 0 0 0 0 0 0 0 0 0 0 0 0 0 0 0 0 0 0 0 0 0 0 0 0 0 0 0 0 0 0 0 0 0 0 0 0 0 0 0 0 0 0 0 0 0 0 0 0 
0 0 0 0 0 0 0 0 0 0 0 0 0 0 0 0 0 0 0 0 0 0 0 0 0 0 0 0 0 0 0 0 0 0 0 0 0 0 0 0 0 0 0 0 0 0 0 0 0 0 0 0 0 0 0 0 0 0 0 0 2 2 2 15 6 6 6 47 6 6 6 47 2 2 2 15 2 2 2 15 6 6 6 47 8 8 8 63 8 8 8 63 14 14 14 111 27 27 27 207 37 41 46 255 45 57 70 255 52 77 81 255 58 102 79 255 60 111 79 255 58 105 79 255 58 102 79 255 58 102 79 255 58 102 79 255 58 102 79 255 58 102 79 255 58 102 79 255 58 102 79 255 58 102 79 255 58 102 79 255 58 102 79 255 58 102 79 255 58 102 79 255 58 102 79 255 58 102 79 255 51 85 68 255 39 51 45 255 25 25 25 191 8 8 8 63 0 0 0 0 0 0 0 0 0 0 0 0 0 0 0 0 0 0 0 0 0 0 0 0 0 0 0 0 0 0 0 0 0 0 0 0 0 0 0 0 0 0 0 0 0 0 0 0 0 0 0 0 0 0 0 0 0 0 0 0 
0 0 0 0 0 0 0 0 0 0 0 0 0 0 0 0 0 0 0 0 0 0 0 0 0 0 0 0 0 0 0 0 0 0 0 0 0 0 0 0 0 0 0 0 0 0 0 0 0 0 0 0 0 0 0 0 0 0 0 0 6 6 6 47 19 19 19 143 19 19 19 143 6 6 6 47 6 6 6 47 19 19 19 143 25 25 25 191 25 25 25 191 27 27 27 207 31 31 31 239 37 41 46 255 45 57 70 255 52 77 81 255 58 102 79 255 58 105 79 255 54 86 80 255 52 77 81 255 52 77 81 255 52 77 81 255 52 77 81 255 52 77 81 255 52 77 81 255 52 77 81 255 52 77 81 255 52 77 81 255 52 77 81 255 52 77 81 255 52 77 81 255 52 77 81 255 52 77 81 255 47 66 69 255 38 44 45 255 25 25 25 191 8 8 8 63 0 0 0 0 0 0 0 0 0 0 0 0 0 0 0 0 0 0 0 0 0 0 0 0 0 0 0 0 0 0 0 0 0 0 0 0 0 0 0 0 0 0 0 0 0 0 0 0 0 0 0 0 0 0 0 0 0 0 0 0 
0 0 0 0 0 0 0 0 0 0 0 0 0 0 0 0 0 0 0 0 0 0 0 0 0 0 0 0 0 0 0 0 0 0 0 0 0 0 0 0 0 0 0 0 0 0 0 0 0 0 0 0 0 0 0 0 0 0 0 0 6 6 6 47 19 19 19 143 21 21 21 159 12 12 12 95 14 14 14 111 27 27 27 207 38 34 34 255 46 34 36 255 45 34 36 255 37 34 34 255 37 41 46 255 45 57 70 255 52 77 81 255 58 102 79 255 58 105 79 255 54 86 80 255 50 72 78 255 46 62 72 255 45 57 70 255 45 57 70 255 46 62 72 255 50 72 78 255 51 77 81 255 51 77 81 255 51 77 81 255 51 77 81 255 51 77 81 255 51 77 81 255 50 72 78 255 46 62 72 255 42 51 60 255 36 39 42 255 25 25 25 191 8 8 8 63 0 0 0 0 0 0 0 0 0 0 0 0 0 0 0 0 0 0 0 0 0 0 0 0 0 0 0 0 0 0 0 0 0 0 0 0 0 0 0 0 0 0 0 0 0 0 0 0 0 0 0 0 0 0 0 0 0 0 0 0 
0 0 0 0 0 0 0 0 0 0 0 0 0 0 0 0 0 0 0 0 0 0 0 0 0 0 0 0 0 0 0 0 0 0 0 0 0 0 0 0 0 0 0 0 0 0 0 0 0 0 0 0 0 0 0 0 0 0 0 0 2 2 2 15 6 6 6 47 12 12 12 95 21 21 21 159 27 27 27 207 31 31 31 239 46 34 36 255 70 34 41 255 69 34 41 255 45 34 36 255 37 41 46 255 45 57 70 255 52 77 81 255 58 102 79 255 60 111 79 255 58 105 79 255 52 87 71 255 42 56 54 255 37 41 46 255 37 41 46 255 42 56 54 255 52 87 71 255 57 102 79 255 57 102 79 255 57 102 79 255 57 102 79 255 57 102 79 255 57 102 79 255 52 87 71 255 42 56 54 255 36 39 42 255 34 35 36 255 25 25 25 191 8 8 8 63 0 0 0 0 0 0 0 0 0 0 0 0 0 0 0 0 0 0 0 0 0 0 0 0 0 0 0 0 0 0 0 0 0 0 0 0 0 0 0 0 0 0 0 0 0 0 0 0 0 0 0 0 0 0 0 0 0 0 0 0 
0 0 0 0 0 0 0 0 0 0 0 0 0 0 0 0 0 0 0 0 0 0 0 0 0 0 0 0 0 0 0 0 0 0 0 0 0 0 0 0 0 0 0 0 2 2 2 15 6 6 6 47 6 6 6 47 2 2 2 15 2 2 2 15 6 6 6 47 15 16 17 111 30 33 36 207 36 39 42 255 34 35 36 255 50 34 37 255 82 34 43 255 81 34 43 255 49 34 37 255 37 41 46 255 45 57 70 255 52 77 81 255 58 102 79 255 60 115 79 255 60 115 79 255 54 94 67 255 40 54 45 255 34 34 34 255 34 34 34 255 40 54 45 255 54 94 67 255 60 115 79 255 60 114 79 255 60 115 79 255 60 114 79 255 60 115 79 255 60 115 79 255 54 94 67 255 40 54 45 255 34 34 34 255 34 34 34 255 27 27 27 207 14 14 14 111 6 6 6 47 2 2 2 15 0 0 0 0 0 0 0 0 0 0 0 0 0 0 0 0 0 0 0 0 0 0 0 0 0 0 0 0 0 0 0 0 0 0 0 0 0 0 0 0 0 0 0 0 0 0 0 0 0 0 0 0 
0 0 0 0 0 0 0 0 0 0 0 0 0 0 0 0 0 0 0 0 0 0 0 0 0 0 0 0 0 0 0 0 0 0 0 0 0 0 0 0 0 0 0 0 6 6 6 47 19 19 19 143 19 19 19 143 6 6 6 47 6 6 6 47 19 19 19 143 30 33 36 207 40 49 58 239 42 51 60 255 36 39 42 255 50 34 37 255 82 34 43 255 81 34 43 255 49 34 37 255 37 41 46 255 45 57 70 255 52 77 81 255 58 102 79 255 60 115 79 255 60 115 79 255 54 94 67 255 40 54 45 255 34 34 34 255 34 34 34 255 40 54 45 255 54 94 67 255 60 115 79 255 60 114 79 255 60 115 79 255 60 114 79 255 60 115 79 255 60 115 79 255 54 94 67 255 40 54 45 255 34 34 34 255 34 34 34 255 31 31 31 239 27 27 27 207 19 19 19 143 6 6 6 47 0 0 0 0 0 0 0 0 0 0 0 0 0 0 0 0 0 0 0 0 0 0 0 0 0 0 0 0 0 0 0 0 0 0 0 0 0 0 0 0 0 0 0 0 0 0 0 0 0 0 0 0 
0 0 0 0 0 0 0 0 0 0 0 0 0 0 0 0 0 0 0 0 0 0 0 0 0 0 0 0 0 0 0 0 0 0 0 0 0 0 0 0 0 0 0 0 6 6 6 47 19 19 19 143 21 21 21 159 12 12 12 95 15 16 17 111 30 33 36 207 39 45 52 255 43 53 64 255 42 51 60 255 36 39 42 255 50 34 37 255 82 34 43 255 81 34 43 255 49 34 37 255 37 41 46 255 45 57 70 255 52 77 81 255 58 102 79 255 73 123 88 255 97 139 108 255 91 121 100 255 55 68 64 255 37 41 46 255 37 41 46 255 43 60 54 255 55 96 70 255 60 115 79 255 60 114 79 255 60 115 79 255 60 114 79 255 60 115 79 255 60 115 79 255 55 96 70 255 43 60 54 255 50 53 55 255 76 75 75 255 75 73 72 255 47 47 46 255 25 25 25 191 8 8 8 63 0 0 0 0 0 0 0 0 0 0 0 0 0 0 0 0 0 0 0 0 0 0 0 0 0 0 0 0 0 0 0 0 0 0 0 0 0 0 0 0 0 0 0 0 0 0 0 0 0 0 0 0 
0 0 0 0 0 0 0 0 0 0 0 0 0 0 0 0 0 0 0 0 0 0 0 0 0 0 0 0 0 0 0 0 0 0 0 0 0 0 0 0 0 0 0 0 2 2 2 15 6 6 6 47 12 12 12 95 21 21 21 159 30 33 36 207 40 49 58 239 43 53 63 255 39 45 51 255 36 39 42 255 34 35 36 255 50 34 37 255 82 34 43 255 81 34 43 255 49 34 37 255 37 41 46 255 45 57 70 255 52 77 81 255 58 102 79 255 97 139 108 255 169 189 167 255 165 174 165 255 85 96 101 255 45 57 69 255 45 57 69 255 49 71 72 255 57 100 76 255 60 115 79 255 60 114 79 255 60 115 79 255 60 114 79 255 60 115 79 255 60 115 79 255 57 100 76 255 49 71 72 255 83 91 99 255 160 159 157 255 157 153 148 255 75 73 72 255 25 25 25 191 8 8 8 63 0 0 0 0 0 0 0 0 0 0 0 0 0 0 0 0 0 0 0 0 0 0 0 0 0 0 0 0 0 0 0 0 0 0 0 0 0 0 0 0 0 0 0 0 0 0 0 0 0 0 0 0 
0 0 0 0 0 0 0 0 0 0 0 0 0 0 0 0 0 0 0 0 0 0 0 0 0 0 0 0 0 0 0 0 0 0 0 0 0 0 0 0 0 0 0 0 2 2 2 15 6 6 6 47 14 14 14 111 27 27 27 207 37 41 46 255 45 57 70 255 46 62 72 255 42 56 54 255 39 49 42 255 35 39 36 255 50 34 37 255 82 34 43 255 81 34 43 255 49 34 37 255 37 41 46 255 45 57 70 255 50 72 78 255 52 87 71 255 103 132 110 255 203 208 194 255 214 212 207 255 138 144 149 255 87 102 110 255 63 85 91 255 54 86 80 255 58 105 79 255 60 115 79 255 60 114 79 255 60 115 79 255 60 114 79 255 60 115 79 255 60 115 79 255 70 113 89 255 90 111 110 255 138 144 149 255 214 212 207 255 198 193 186 255 88 87 84 255 25 25 25 191 8 8 8 63 0 0 0 0 0 0 0 0 0 0 0 0 0 0 0 0 0 0 0 0 0 0 0 0 0 0 0 0 0 0 0 0 0 0 0 0 0 0 0 0 0 0 0 0 0 0 0 0 0 0 0 0 
0 0 0 0 0 0 0 0 0 0 0 0 0 0 0 0 0 0 0 0 0 0 0 0 0 0 0 0 0 0 0 0 0 0 0 0 0 0 0 0 0 0 0 0 6 6 6 47 19 19 19 143 27 27 27 207 31 31 31 239 37 41 46 255 45 57 70 255 50 72 78 255 52 87 71 255 49 79 59 255 39 49 42 255 50 34 37 255 82 34 43 255 81 34 43 255 49 34 37 255 37 41 46 255 45 57 70 255 46 62 72 255 42 56 54 255 93 102 93 255 199 198 189 255 240 235 227 255 214 212 207 255 165 176 168 255 93 127 109 255 58 105 79 255 60 111 79 255 60 115 79 255 60 114 79 255 60 115 79 255 60 114 79 255 60 115 79 255 60 115 79 255 96 136 108 255 166 179 168 255 214 212 207 255 240 235 227 255 198 193 186 255 88 87 84 255 25 25 25 191 8 8 8 63 0 0 0 0 0 0 0 0 0 0 0 0 0 0 0 0 0 0 0 0 0 0 0 0 0 0 0 0 0 0 0 0 0 0 0 0 0 0 0 0 0 0 0 0 0 0 0 0 0 0 0 0 
0 0 0 0 0 0 0 0 0 0 0 0 0 0 0 0 0 0 0 0 0 0 0 0 0 0 0 0 0 0 0 0 0 0 0 0 0 0 0 0 0 0 0 0 6 6 6 47 19 19 19 143 27 27 27 207 31 31 31 239 37 41 46 255 45 57 70 255 52 77 81 255 58 102 79 255 54 94 67 255 40 54 45 255 50 34 37 255 82 34 43 255 81 34 43 255 49 34 37 255 37 41 46 255 45 57 70 255 46 59 72 255 40 47 54 255 91 93 93 255 199 195 189 255 253 247 237 255 253 247 237 255 203 208 194 255 103 132 110 255 54 94 67 255 54 94 67 255 54 94 67 255 54 94 67 255 54 94 67 255 54 94 67 255 54 94 67 255 54 94 67 255 103 132 110 255 203 208 194 255 253 247 237 255 253 247 237 255 198 193 186 255 88 87 84 255 25 25 25 191 8 8 8 63 0 0 0 0 0 0 0 0 0 0 0 0 0 0 0 0 0 0 0 0 0 0 0 0 0 0 0 0 0 0 0 0 0 0 0 0 0 0 0 0 0 0 0 0 0 0 0 0 0 0 0 0 
0 0 0 0 0 0 0 0 0 0 0 0 0 0 0 0 0 0 0 0 0 0 0 0 0 0 0 0 0 0 0 0 0 0 0 0 0 0 0 0 0 0 0 0 2 2 2 15 6 6 6 47 14 14 14 111 27 27 27 207 37 41 46 255 45 57 70 255 52 77 81 255 58 102 79 255 54 94 67 255 40 54 45 255 50 34 37 255 82 34 43 255 81 34 43 255 49 34 37 255 37 41 46 255 45 57 70 255 48 63 78 255 46 59 72 255 97 104 111 255 201 199 195 255 253 247 237 255 253 247 237 255 199 198 189 255 93 102 93 255 40 54 45 255 40 54 45 255 40 54 45 255 40 54 45 255 40 54 45 255 40 54 45 255 40 54 45 255 40 54 45 255 93 102 93 255 199 198 189 255 253 247 237 255 253 247 237 255 198 193 186 255 88 87 84 255 25 25 25 191 8 8 8 63 0 0 0 0 0 0 0 0 0 0 0 0 0 0 0 0 0 0 0 0 0 0 0 0 0 0 0 0 0 0 0 0 0 0 0 0 0 0 0 0 0 0 0 0 0 0 0 0 0 0 0 0 
0 0 0 0 0 0 0 0 0 0 0 0 0 0 0 0 0 0 0 0 0 0 0 0 0 0 0 0 0 0 0 0 0 0 0 0 0 0 0 0 0 0 0 0 2 2 2 15 6 6 6 47 14 14 14 111 27 27 27 207 37 41 46 255 45 57 70 255 51 74 81 255 55 93 80 255 51 85 68 255 39 51 45 255 50 34 37 255 82 34 43 255 81 34 43 255 49 34 37 255 36 39 43 255 42 51 61 255 46 59 73 255 48 63 79 255 87 99 111 255 163 167 169 255 202 204 198 255 204 210 197 255 163 174 159 255 81 94 83 255 40 54 45 255 40 54 45 255 40 54 45 255 40 54 45 255 40 54 45 255 40 54 45 255 40 54 45 255 40 54 45 255 81 94 83 255 163 174 159 255 205 214 197 255 205 214 197 255 162 168 156 255 76 78 74 255 25 25 25 191 8 8 8 63 0 0 0 0 0 0 0 0 0 0 0 0 0 0 0 0 0 0 0 0 0 0 0 0 0 0 0 0 0 0 0 0 0 0 0 0 0 0 0 0 0 0 0 0 0 0 0 0 0 0 0 0 
0 0 0 0 0 0 0 0 0 0 0 0 0 0 0 0 0 0 0 0 0 0 0 0 0 0 0 0 0 0 0 0 0 0 0 0 0 0 0 0 0 0 0 0 6 6 6 47 19 19 19 143 27 27 27 207 31 31 31 239 37 41 46 255 45 57 70 255 49 68 81 255 51 74 81 255 47 66 69 255 38 44 45 255 50 34 37 255 82 34 43 255 81 34 43 255 49 34 37 255 34 35 37 255 36 39 43 255 40 47 55 255 46 59 73 255 61 76 91 255 87 99 111 255 102 119 120 255 106 138 119 255 95 134 105 255 67 108 80 255 54 94 67 255 54 94 67 255 54 94 67 255 54 94 67 255 54 94 67 255 54 94 67 255 54 94 67 255 54 94 67 255 67 108 80 255 95 134 105 255 109 148 118 255 109 148 118 255 90 119 97 255 52 62 55 255 25 25 25 191 8 8 8 63 0 0 0 0 0 0 0 0 0 0 0 0 0 0 0 0 0 0 0 0 0 0 0 0 0 0 0 0 0 0 0 0 0 0 0 0 0 0 0 0 0 0 0 0 0 0 0 0 0 0 0 0 
0 0 0 0 0 0 0 0 0 0 0 0 0 0 0 0 0 0 0 0 0 0 0 0 0 0 0 0 0 0 0 0 0 0 0 0 0 0 0 0 0 0 0 0 6 6 6 47 19 19 19 143 27 27 27 207 31 31 31 239 37 41 46 255 45 57 70 255 49 68 81 255 51 74 81 255 47 66 69 255 38 44 45 255 50 34 37 255 82 34 43 255 88 36 44 255 70 39 38 255 54 39 35 255 40 35 34 255 37 41 46 255 45 57 70 255 48 65 81 255 48 65 81 255 51 74 81 255 55 93 80 255 57 102 79 255 57 102 79 255 57 102 79 255 57 102 79 255 57 102 79 255 57 102 79 255 57 102 79 255 57 102 79 255 57 102 79 255 57 102 79 255 57 102 79 255 57 102 79 255 57 100 76 255 55 96 70 255 49 79 59 255 39 49 42 255 25 25 25 191 8 8 8 63 0 0 0 0 0 0 0 0 0 0 0 0 0 0 0 0 0 0 0 0 0 0 0 0 0 0 0 0 0 0 0 0 0 0 0 0 0 0 0 0 0 0 0 0 0 0 0 0 0 0 0 0 
0 0 0 0 0 0 0 0 0 0 0 0 0 0 0 0 0 0 0 0 0 0 0 0 0 0 0 0 0 0 0 0 0 0 0 0 0 0 0 0 0 0 0 0 2 2 2 15 6 6 6 47 14 14 14 111 27 27 27 207 37 41 46 255 45 57 70 255 51 74 81 255 55 93 80 255 51 85 68 255 39 51 45 255 50 34 37 255 82 34 43 255 102 40 45 255 111 51 41 255 95 50 37 255 54 39 35 255 37 41 46 255 45 57 70 255 48 65 81 255 48 65 81 255 49 68 81 255 51 74 81 255 52 77 81 255 52 77 81 255 52 77 81 255 52 77 81 255 52 77 81 255 52 77 81 255 52 77 81 255 52 77 81 255 52 77 81 255 52 77 81 255 52 77 81 255 52 77 81 255 49 71 72 255 43 60 54 255 39 49 42 255 35 39 36 255 25 25 25 191 8 8 8 63 0 0 0 0 0 0 0 0 0 0 0 0 0 0 0 0 0 0 0 0 0 0 0 0 0 0 0 0 0 0 0 0 0 0 0 0 0 0 0 0 0 0 0 0 0 0 0 0 0 0 0 0 
0 0 0 0 0 0 0 0 0 0 0 0 0 0 0 0 0 0 0 0 0 0 0 0 0 0 0 0 0 0 0 0 0 0 0 0 0 0 0 0 0 0 0 0 0 0 0 0 0 0 0 0 8 8 8 63 25 25 25 191 37 41 46 255 45 57 70 255 51 74 81 255 55 93 80 255 51 85 68 255 39 51 45 255 50 34 37 255 82 34 43 255 109 42 45 255 131 56 42 255 115 56 39 255 61 41 35 255 36 39 43 255 42 51 61 255 45 57 69 255 45 57 69 255 45 57 69 255 45 57 69 255 45 57 69 255 45 57 69 255 45 57 69 255 45 57 69 255 45 57 69 255 45 57 69 255 45 57 69 255 45 57 69 255 45 57 69 255 45 57 69 255 45 57 69 255 45 57 69 255 43 53 63 255 39 45 51 255 36 39 42 255 34 35 36 255 25 25 25 191 8 8 8 63 0 0 0 0 0 0 0 0 0 0 0 0 0 0 0 0 0 0 0 0 0 0 0 0 0 0 0 0 0 0 0 0 0 0 0 0 0 0 0 0 0 0 0 0 0 0 0 0 0 0 0 0 
0 0 0 0 0 0 0 0 0 0 0 0 0 0 0 0 0 0 0 0 0 0 0 0 0 0 0 0 0 0 0 0 0 0 0 0 0 0 0 0 0 0 0 0 0 0 0 0 0 0 0 0 8 8 8 63 25 25 25 191 37 41 46 255 45 57 70 255 49 68 81 255 51 74 81 255 47 66 69 255 38 44 45 255 50 34 37 255 82 34 43 255 109 42 45 255 131 56 42 255 115 56 39 255 61 41 35 255 34 35 37 255 36 39 43 255 37 41 46 255 37 41 46 255 37 41 46 255 37 41 46 255 37 41 46 255 37 41 46 255 37 41 46 255 37 41 46 255 37 41 46 255 37 41 46 255 37 41 46 255 37 41 46 255 37 41 46 255 37 41 46 255 37 41 46 255 37 41 46 255 39 45 52 255 43 53 64 255 42 51 60 255 36 39 42 255 25 25 25 191 8 8 8 63 0 0 0 0 0 0 0 0 0 0 0 0 0 0 0 0 0 0 0 0 0 0 0 0 0 0 0 0 0 0 0 0 0 0 0 0 0 0 0 0 0 0 0 0 0 0 0 0 0 0 0 0 
0 0 0 0 0 0 0 0 0 0 0 0 0 0 0 0 0 0 0 0 0 0 0 0 0 0 0 0 0 0 0 0 0 0 0 0 0 0 0 0 0 0 0 0 0 0 0 0 0 0 0 0 8 8 8 63 25 25 25 191 37 41 46 255 45 57 70 255 48 65 81 255 48 65 81 255 46 62 72 255 42 56 54 255 51 49 44 255 71 39 44 255 94 40 43 255 119 51 42 255 114 52 40 255 78 45 37 255 54 39 35 255 40 35 34 255 35 39 36 255 39 49 42 255 40 54 45 255 40 54 45 255 40 54 45 255 40 54 45 255 40 54 45 255 40 54 45 255 40 54 45 255 40 54 45 255 40 54 45 255 40 54 45 255 40 54 45 255 40 54 45 255 40 54 45 255 40 54 45 255 43 60 54 255 49 71 72 255 47 66 69 255 38 44 45 255 25 25 25 191 8 8 8 63 0 0 0 0 0 0 0 0 0 0 0 0 0 0 0 0 0 0 0 0 0 0 0 0 0 0 0 0 0 0 0 0 0 0 0 0 0 0 0 0 0 0 0 0 0 0 0 0 0 0 0 0 
0 0 0 0 0 0 0 0 0 0 0 0 0 0 0 0 0 0 0 0 0 0 0 0 0 0 0 0 0 0 0 0 0 0 0 0 0 0 0 0 0 0 0 0 0 0 0 0 0 0 0 0 8 8 8 63 25 25 25 191 37 41 46 255 45 57 70 255 48 65 81 255 48 65 81 255 50 72 78 255 52 87 71 255 53 79 60 255 51 49 44 255 64 36 39 255 94 40 43 255 110 45 43 255 114 52 40 255 95 50 37 255 54 39 35 255 39 49 42 255 49 79 59 255 54 94 67 255 54 94 67 255 54 94 67 255 54 94 67 255 54 94 67 255 54 94 67 255 54 94 67 255 54 94 67 255 54 94 67 255 54 94 67 255 54 94 67 255 54 94 67 255 54 94 67 255 54 94 67 255 55 96 70 255 57 100 76 255 51 85 68 255 39 51 45 255 25 25 25 191 8 8 8 63 0 0 0 0 0 0 0 0 0 0 0 0 0 0 0 0 0 0 0 0 0 0 0 0 0 0 0 0 0 0 0 0 0 0 0 0 0 0 0 0 0 0 0 0 0 0 0 0 0 0 0 0 
0 0 0 0 0 0 0 0 0 0 0 0 0 0 0 0 0 0 0 0 0 0 0 0 0 0 0 0 0 0 0 0 0 0 0 0 0 0 0 0 0 0 0 0 0 0 0 0 0 0 0 0 8 8 8 63 25 25 25 191 37 41 46 255 45 57 70 255 49 68 81 255 51 74 81 255 54 86 80 255 58 105 79 255 54 94 67 255 40 54 45 255 50 34 37 255 82 34 43 255 109 42 45 255 131 56 42 255 122 58 39 255 81 47 37 255 59 54 43 255 55 81 59 255 54 94 67 255 54 94 67 255 55 99 70 255 59 109 76 255 60 115 79 255 60 114 79 255 60 115 79 255 60 114 79 255 60 115 79 255 60 114 79 255 60 111 79 255 58 105 79 255 57 102 79 255 57 102 79 255 58 105 79 255 60 111 79 255 54 94 67 255 40 54 45 255 25 25 25 191 8 8 8 63 0 0 0 0 0 0 0 0 0 0 0 0 0 0 0 0 0 0 0 0 0 0 0 0 0 0 0 0 0 0 0 0 0 0 0 0 0 0 0 0 0 0 0 0 0 0 0 0 0 0 0 0 
0 0 0 0 0 0 0 0 0 0 0 0 0 0 0 0 0 0 0 0 0 0 0 0 0 0 0 0 0 0 0 0 0 0 0 0 0 0 0 0 0 0 0 0 0 0 0 0 0 0 0 0 8 8 8 63 25 25 25 191 37 41 46 255 45 57 70 255 51 74 81 255 55 93 80 255 58 105 79 255 60 111 79 255 54 94 67 255 40 54 45 255 50 34 37 255 82 34 43 255 109 42 45 255 131 56 42 255 136 62 40 255 122 58 39 255 96 55 40 255 59 54 43 255 40 54 45 255 40 54 45 255 45 69 53 255 55 99 70 255 60 115 79 255 60 114 79 255 60 115 79 255 60 114 79 255 60 115 79 255 60 114 79 255 58 105 79 255 54 86 80 255 52 77 81 255 52 77 81 255 54 86 80 255 58 105 79 255 54 94 67 255 40 54 45 255 25 25 25 191 8 8 8 63 0 0 0 0 0 0 0 0 0 0 0 0 0 0 0 0 0 0 0 0 0 0 0 0 0 0 0 0 0 0 0 0 0 0 0 0 0 0 0 0 0 0 0 0 0 0 0 0 0 0 0 0 
0 0 0 0 0 0 0 0 0 0 0 0 0 0 0 0 0 0 0 0 0 0 0 0 0 0 0 0 0 0 0 0 0 0 0 0 0 0 0 0 0 0 0 0 0 0 0 0 0 0 0 0 8 8 8 63 25 25 25 191 37 41 46 255 45 57 70 255 51 74 81 255 55 93 80 255 58 105 79 255 60 111 79 255 55 99 70 255 45 69 53 255 51 49 44 255 71 39 44 255 94 40 43 255 119 51 42 255 134 58 42 255 140 62 41 255 122 58 39 255 81 47 37 255 61 41 35 255 61 41 35 255 59 54 43 255 55 81 59 255 54 94 67 255 54 94 67 255 55 99 70 255 59 109 76 255 60 115 79 255 60 114 79 255 58 105 79 255 54 86 80 255 52 77 81 255 52 77 81 255 54 86 80 255 58 105 79 255 54 94 67 255 40 54 45 255 25 25 25 191 8 8 8 63 0 0 0 0 0 0 0 0 0 0 0 0 0 0 0 0 0 0 0 0 0 0 0 0 0 0 0 0 0 0 0 0 0 0 0 0 0 0 0 0 0 0 0 0 0 0 0 0 0 0 0 0 
0 0 0 0 0 0 0 0 0 0 0 0 0 0 0 0 0 0 0 0 0 0 0 0 0 0 0 0 0 0 0 0 0 0 0 0 0 0 0 0 0 0 0 0 0 0 0 0 0 0 0 0 8 8 8 63 25 25 25 191 37 41 46 255 45 57 70 255 49 68 81 255 51 74 81 255 54 86 80 255 58 105 79 255 59 109 76 255 55 99 70 255 53 79 60 255 51 49 44 255 64 36 39 255 94 40 43 255 117 47 44 255 134 58 42 255 136 62 40 255 122 58 39 255 115 56 39 255 115 56 39 255 96 55 40 255 59 54 43 255 40 54 45 255 40 54 45 255 45 69 53 255 55 99 70 255 60 115 79 255 60 114 79 255 60 111 79 255 58 105 79 255 57 102 79 255 57 102 79 255 58 105 79 255 60 111 79 255 54 94 67 255 40 54 45 255 25 25 25 191 8 8 8 63 0 0 0 0 0 0 0 0 0 0 0 0 0 0 0 0 0 0 0 0 0 0 0 0 0 0 0 0 0 0 0 0 0 0 0 0 0 0 0 0 0 0 0 0 0 0 0 0 0 0 0 0 
0 0 0 0 0 0 0 0 0 0 0 0 0 0 0 0 0 0 0 0 0 0 0 0 0 0 0 0 0 0 0 0 0 0 0 0 0 0 0 0 0 0 0 0 0 0 0 0 0 0 0 0 8 8 8 63 25 25 25 191 37 41 46 255 45 57 70 255 48 65 81 255 48 65 81 255 51 74 81 255 55 93 80 255 58 105 79 255 60 111 79 255 55 99 70 255 45 69 53 255 51 49 44 255 71 39 44 255 94 40 43 255 119 51 42 255 134 58 42 255 140 62 41 255 143 64 40 255 143 64 40 255 122 58 39 255 81 47 37 255 61 41 35 255 61 41 35 255 59 54 43 255 55 81 59 255 54 94 67 255 54 94 67 255 55 99 70 255 59 109 76 255 60 115 79 255 60 115 79 255 60 115 79 255 60 115 79 255 54 94 67 255 40 54 45 255 25 25 25 191 8 8 8 63 0 0 0 0 0 0 0 0 0 0 0 0 0 0 0 0 0 0 0 0 0 0 0 0 0 0 0 0 0 0 0 0 0 0 0 0 0 0 0 0 0 0 0 0 0 0 0 0 0 0 0 0 
0 0 0 0 0 0 0 0 0 0 0 0 0 0 0 0 0 0 0 0 0 0 0 0 0 0 0 0 0 0 0 0 0 0 0 0 0 0 0 0 0 0 0 0 0 0 0 0 0 0 0 0 8 8 8 63 25 25 25 191 37 41 46 255 45 57 70 255 48 65 81 255 48 65 81 255 49 68 81 255 51 74 81 255 54 86 80 255 58 105 79 255 59 109 76 255 55 99 70 255 53 79 60 255 51 49 44 255 64 36 39 255 94 40 43 255 117 47 44 255 134 58 42 255 143 64 40 255 143 64 40 255 136 62 40 255 122 58 39 255 115 56 39 255 115 56 39 255 96 55 40 255 59 54 43 255 40 54 45 255 40 54 45 255 45 69 53 255 55 99 70 255 60 115 79 255 60 115 79 255 60 115 79 255 60 115 79 255 54 94 67 255 40 54 45 255 25 25 25 191 8 8 8 63 0 0 0 0 0 0 0 0 0 0 0 0 0 0 0 0 0 0 0 0 0 0 0 0 0 0 0 0 0 0 0 0 0 0 0 0 0 0 0 0 0 0 0 0 0 0 0 0 0 0 0 0 
0 0 0 0 0 0 0 0 0 0 0 0 0 0 0 0 0 0 0 0 0 0 0 0 0 0 0 0 0 0 0 0 0 0 0 0 0 0 0 0 0 0 0 0 2 2 2 15 6 6 6 47 14 14 14 111 27 27 27 207 36 39 43 255 42 51 61 255 45 57 69 255 45 57 69 255 45 57 69 255 45 57 69 255 47 66 69 255 52 85 68 255 54 94 67 255 54 94 67 255 53 79 60 255 51 49 44 255 64 36 39 255 94 40 43 255 117 47 44 255 134 58 42 255 143 64 40 255 143 64 40 255 143 64 40 255 143 64 40 255 143 64 40 255 143 64 40 255 122 58 39 255 81 47 37 255 61 41 35 255 61 41 35 255 59 54 43 255 55 81 59 255 54 94 67 255 54 94 67 255 54 94 67 255 54 94 67 255 49 79 59 255 39 49 42 255 27 27 27 207 14 14 14 111 6 6 6 47 2 2 2 15 0 0 0 0 0 0 0 0 0 0 0 0 0 0 0 0 0 0 0 0 0 0 0 0 0 0 0 0 0 0 0 0 0 0 0 0 0 0 0 0 0 0 0 0 
0 0 0 0 0 0 0 0 0 0 0 0 0 0 0 0 0 0 0 0 0 0 0 0 0 0 0 0 0 0 0 0 0 0 0 0 0 0 0 0 0 0 0 0 6 6 6 47 19 19 19 143 27 27 27 207 31 31 31 239 34 35 37 255 36 39 43 255 37 41 46 255 37 41 46 255 37 41 46 255 37 41 46 255 38 44 45 255 40 51 45 255 40 54 45 255 40 54 45 255 51 49 44 255 71 39 44 255 94 40 43 255 119 51 42 255 134 58 42 255 140 62 41 255 143 64 40 255 143 64 40 255 143 64 40 255 143 64 40 255 143 64 40 255 143 64 40 255 136 62 40 255 122 58 39 255 115 56 39 255 115 56 39 255 96 55 40 255 59 54 43 255 40 54 45 255 40 54 45 255 40 54 45 255 40 54 45 255 39 49 42 255 35 39 36 255 31 31 31 239 27 27 27 207 19 19 19 143 6 6 6 47 0 0 0 0 0 0 0 0 0 0 0 0 0 0 0 0 0 0 0 0 0 0 0 0 0 0 0 0 0 0 0 0 0 0 0 0 0 0 0 0 0 0 0 0 
0 0 0 0 0 0 0 0 0 0 0 0 0 0 0 0 0 0 0 0 0 0 0 0 0 0 0 0 0 0 0 0 0 0 0 0 0 0 0 0 0 0 0 0 8 8 8 63 25 25 25 191 38 34 34 255 46 34 36 255 50 34 37 255 50 34 37 255 50 34 37 255 50 34 37 255 50 34 37 255 50 34 37 255 52 36 36 255 58 39 36 255 61 41 35 255 61 41 35 255 73 41 38 255 97 42 43 255 117 47 44 255 134 58 42 255 143 64 40 255 143 64 40 255 143 64 40 255 143 64 40 255 143 64 40 255 143 64 40 255 143 64 40 255 143 64 40 255 143 64 40 255 143 64 40 255 143 64 40 255 143 64 40 255 122 58 39 255 81 47 37 255 61 41 35 255 61 41 35 255 61 41 35 255 61 41 35 255 61 41 35 255 61 41 35 255 54 39 35 255 40 35 34 255 25 25 25 191 8 8 8 63 0 0 0 0 0 0 0 0 0 0 0 0 0 0 0 0 0 0 0 0 0 0 0 0 0 0 0 0 0 0 0 0 0 0 0 0 0 0 0 0 0 0 0 0 
0 0 0 0 0 0 0 0 0 0 0 0 0 0 0 0 0 0 0 0 0 0 0 0 0 0 0 0 0 0 0 0 0 0 0 0 0 0 0 0 0 0 0 0 8 8 8 63 25 25 25 191 46 34 36 255 70 34 41 255 82 34 43 255 82 34 43 255 82 34 43 255 82 34 43 255 82 34 43 255 82 34 43 255 90 40 42 255 107 51 40 255 115 56 39 255 115 56 39 255 119 56 40 255 127 56 41 255 134 58 42 255 140 62 41 255 143 64 40 255 143 64 40 255 143 64 40 255 143 64 40 255 143 64 40 255 143 64 40 255 143 64 40 255 143 64 40 255 143 64 40 255 143 64 40 255 143 64 40 255 143 64 40 255 136 62 40 255 122 58 39 255 115 56 39 255 115 56 39 255 115 56 39 255 115 56 39 255 115 56 39 255 115 56 39 255 95 50 37 255 54 39 35 255 25 25 25 191 8 8 8 63 0 0 0 0 0 0 0 0 0 0 0 0 0 0 0 0 0 0 0 0 0 0 0 0 0 0 0 0 0 0 0 0 0 0 0 0 0 0 0 0 0 0 0 0 
0 0 0 0 0 0 0 0 0 0 0 0 0 0 0 0 0 0 0 0 0 0 0 0 0 0 0 0 0 0 0 0 0 0 0 0 0 0 0 0 0 0 0 0 8 8 8 63 25 25 25 191 50 34 37 255 82 34 43 255 97 35 47 255 97 35 47 255 97 35 47 255 97 35 47 255 100 36 46 255 106 40 45 255 117 47 44 255 134 58 42 255 143 64 40 255 143 64 40 255 143 64 40 255 143 64 40 255 143 64 40 255 143 64 40 255 143 64 40 255 143 64 40 255 143 64 40 255 143 64 40 255 143 64 40 255 143 64 40 255 143 64 40 255 143 64 40 255 143 64 40 255 143 64 40 255 143 64 40 255 143 64 40 255 143 64 40 255 143 64 40 255 143 64 40 255 143 64 40 255 143 64 40 255 143 64 40 255 143 64 40 255 143 64 40 255 115 56 39 255 61 41 35 255 25 25 25 191 8 8 8 63 0 0 0 0 0 0 0 0 0 0 0 0 0 0 0 0 0 0 0 0 0 0 0 0 0 0 0 0 0 0 0 0 0 0 0 0 0 0 0 0 0 0 0 0 
0 0 0 0 0 0 0 0 0 0 0 0 0 0 0 0 0 0 0 0 0 0 0 0 0 0 0 0 0 0 0 0 0 0 0 0 0 0 0 0 0 0 0 0 8 8 8 63 25 25 25 191 50 34 37 255 82 34 43 255 97 35 47 255 97 35 47 255 97 35 47 255 97 35 47 255 106 40 45 255 123 51 43 255 134 58 42 255 140 62 41 255 143 64 40 255 143 64 40 255 143 64 40 255 143 64 40 255 143 64 40 255 143 64 40 255 143 64 40 255 143 64 40 255 143 64 40 255 143 64 40 255 143 64 40 255 143 64 40 255 143 64 40 255 143 64 40 255 143 64 40 255 143 64 40 255 143 64 40 255 143 64 40 255 143 64 40 255 143 64 40 255 143 64 40 255 143 64 40 255 143 64 40 255 143 64 40 255 143 64 40 255 143 64 40 255 115 56 39 255 61 41 35 255 25 25 25 191 8 8 8 63 0 0 0 0 0 0 0 0 0 0 0 0 0 0 0 0 0 0 0 0 0 0 0 0 0 0 0 0 0 0 0 0 0 0 0 0 0 0 0 0 0 0 0 0 
0 0 0 0 0 0 0 0 0 0 0 0 0 0 0 0 0 0 0 0 0 0 0 0 0 0 0 0 0 0 0 0 0 0 0 0 0 0 0 0 0 0 0 0 8 8 8 63 25 25 25 191 50 34 37 255 82 34 43 255 97 35 47 255 97 35 47 255 97 35 47 255 97 35 47 255 106 40 45 255 123 51 43 255 134 58 42 255 140 62 41 255 143 64 40 255 143 64 40 255 143 64 40 255 143 64 40 255 143 64 40 255 143 64 40 255 143 64 40 255 143 64 40 255 143 64 40 255 143 64 40 255 143 64 40 255 143 64 40 255 143 64 40 255 143 64 40 255 143 64 40 255 143 64 40 255 143 64 40 255 143 64 40 255 143 64 40 255 143 64 40 255 143 64 40 255 143 64 40 255 143 64 40 255 143 64 40 255 140 62 41 255 134 58 42 255 107 51 40 255 58 39 36 255 25 25 25 191 8 8 8 63 0 0 0 0 0 0 0 0 0 0 0 0 0 0 0 0 0 0 0 0 0 0 0 0 0 0 0 0 0 0 0 0 0 0 0 0 0 0 0 0 0 0 0 0 
0 0 0 0 0 0 0 0 0 0 0 0 0 0 0 0 0 0 0 0 0 0 0 0 0 0 0 0 0 0 0 0 0 0 0 0 0 0 0 0 0 0 0 0 8 8 8 63 25 25 25 191 50 34 37 255 82 34 43 255 97 35 47 255 97 35 47 255 97 35 47 255 97 35 47 255 100 36 46 255 106 40 45 255 117 47 44 255 134 58 42 255 143 64 40 255 143 64 40 255 143 64 40 255 143 64 40 255 143 64 40 255 143 64 40 255 143 64 40 255 143 64 40 255 143 64 40 255 143 64 40 255 143 64 40 255 143 64 40 255 143 64 40 255 143 64 40 255 143 64 40 255 143 64 40 255 143 64 40 255 143 64 40 255 143 64 40 255 143 64 40 255 143 64 40 255 143 64 40 255 143 64 40 255 143 64 40 255 134 58 42 255 117 47 44 255 90 40 42 255 52 36 36 255 25 25 25 191 8 8 8 63 0 0 0 0 0 0 0 0 0 0 0 0 0 0 0 0 0 0 0 0 0 0 0 0 0 0 0 0 0 0 0 0 0 0 0 0 0 0 0 0 0 0 0 0 
0 0 0 0 0 0 0 0 0 0 0 0 0 0 0 0 0 0 0 0 0 0 0 0 0 0 0 0 0 0 0 0 0 0 0 0 0 0 0 0 0 0 0 0 8 8 8 63 25 25 25 191 50 34 37 255 82 34 43 255 97 35 47 255 97 35 47 255 100 36 46 255 106 40 45 255 109 42 45 255 109 42 45 255 117 47 44 255 134 58 42 255 143 64 40 255 143 64 40 255 143 64 40 255 143 64 40 255 143 64 40 255 143 64 40 255 143 64 40 255 143 64 40 255 143 64 40 255 143 64 40 255 143 64 40 255 143 64 40 255 143 64 40 255 143 64 40 255 143 64 40 255 143 64 40 255 140 62 41 255 134 58 42 255 134 58 42 255 140 62 41 255 140 62 41 255 134 58 42 255 131 56 42 255 131 56 42 255 123 51 43 255 106 40 45 255 81 34 43 255 49 34 37 255 25 25 25 191 8 8 8 63 0 0 0 0 0 0 0 0 0 0 0 0 0 0 0 0 0 0 0 0 0 0 0 0 0 0 0 0 0 0 0 0 0 0 0 0 0 0 0 0 0 0 0 0 
0 0 0 0 0 0 0 0 0 0 0 0 0 0 0 0 0 0 0 0 0 0 0 0 0 0 0 0 0 0 0 0 0 0 0 0 0 0 0 0 0 0 0 0 8 8 8 63 25 25 25 191 50 34 37 255 82 34 43 255 97 35 47 255 97 35 47 255 106 40 45 255 123 51 43 255 131 56 42 255 131 56 42 255 134 58 42 255 140 62 41 255 143 64 40 255 143 64 40 255 143 64 40 255 143 64 40 255 143 64 40 255 143 64 40 255 143 64 40 255 143 64 40 255 143 64 40 255 143 64 40 255 143 64 40 255 143 64 40 255 143 64 40 255 143 64 40 255 143 64 40 255 143 64 40 255 134 58 42 255 117 47 44 255 117 47 44 255 134 58 42 255 134 58 42 255 117 47 44 255 109 42 45 255 109 42 45 255 106 40 45 255 100 36 46 255 81 34 43 255 49 34 37 255 25 25 25 191 8 8 8 63 0 0 0 0 0 0 0 0 0 0 0 0 0 0 0 0 0 0 0 0 0 0 0 0 0 0 0 0 0 0 0 0 0 0 0 0 0 0 0 0 0 0 0 0 
0 0 0 0 0 0 0 0 0 0 0 0 0 0 0 0 0 0 0 0 0 0 0 0 0 0 0 0 0 0 0 0 0 0 0 0 0 0 0 0 0 0 0 0 8 8 8 63 25 25 25 191 50 34 37 255 82 34 43 255 97 35 47 255 97 35 47 255 106 40 45 255 123 51 43 255 134 58 42 255 140 62 41 255 143 64 40 255 143 64 40 255 143 64 40 255 143 64 40 255 143 64 40 255 143 64 40 255 143 64 40 255 143 64 40 255 143 64 40 255 143 64 40 255 143 64 40 255 143 64 40 255 143 64 40 255 143 64 40 255 143 64 40 255 143 64 40 255 143 64 40 255 143 64 40 255 134 58 42 255 117 47 44 255 117 47 44 255 134 58 42 255 134 58 42 255 117 47 44 255 109 42 45 255 109 42 45 255 106 40 45 255 100 36 46 255 81 34 43 255 49 34 37 255 25 25 25 191 8 8 8 63 0 0 0 0 0 0 0 0 0 0 0 0 0 0 0 0 0 0 0 0 0 0 0 0 0 0 0 0 0 0 0 0 0 0 0 0 0 0 0 0 0 0 0 0 
0 0 0 0 0 0 0 0 0 0 0 0 0 0 0 0 0 0 0 0 0 0 0 0 0 0 0 0 0 0 0 0 0 0 0 0 0 0 0 0 0 0 0 0 8 8 8 63 25 25 25 191 50 34 37 255 82 34 43 255 97 35 47 255 97 35 47 255 100 36 46 255 106 40 45 255 117 47 44 255 134 58 42 255 143 64 40 255 143 64 40 255 143 64 40 255 143 64 40 255 143 64 40 255 143 64 40 255 143 64 40 255 143 64 40 255 143 64 40 255 143 64 40 255 143 64 40 255 143 64 40 255 143 64 40 255 143 64 40 255 143 64 40 255 143 64 40 255 143 64 40 255 143 64 40 255 140 62 41 255 134 58 42 255 134 58 42 255 140 62 41 255 140 62 41 255 134 58 42 255 131 56 42 255 131 56 42 255 123 51 43 255 106 40 45 255 81 34 43 255 49 34 37 255 25 25 25 191 8 8 8 63 0 0 0 0 0 0 0 0 0 0 0 0 0 0 0 0 0 0 0 0 0 0 0 0 0 0 0 0 0 0 0 0 0 0 0 0 0 0 0 0 0 0 0 0 
0 0 0 0 0 0 0 0 0 0 0 0 0 0 0 0 0 0 0 0 0 0 0 0 0 0 0 0 0 0 0 0 0 0 0 0 0 0 0 0 0 0 0 0 8 8 8 63 25 25 25 191 50 34 37 255 82 34 43 255 97 35 47 255 97 35 47 255 100 36 46 255 106 40 45 255 114 45 44 255 126 53 43 255 134 58 42 255 140 62 41 255 143 64 40 255 143 64 40 255 143 64 40 255 143 64 40 255 143 64 40 255 143 64 40 255 143 64 40 255 143 64 40 255 143 64 40 255 143 64 40 255 143 64 40 255 143 64 40 255 143 64 40 255 143 64 40 255 143 64 40 255 143 64 40 255 143 64 40 255 143 64 40 255 143 64 40 255 143 64 40 255 143 64 40 255 143 64 40 255 140 62 41 255 134 58 42 255 123 51 43 255 106 40 45 255 81 34 43 255 49 34 37 255 25 25 25 191 8 8 8 63 0 0 0 0 0 0 0 0 0 0 0 0 0 0 0 0 0 0 0 0 0 0 0 0 0 0 0 0 0 0 0 0 0 0 0 0 0 0 0 0 0 0 0 0 
0 0 0 0 0 0 0 0 0 0 0 0 0 0 0 0 0 0 0 0 0 0 0 0 0 0 0 0 0 0 0 0 0 0 0 0 0 0 0 0 0 0 0 0 8 8 8 63 25 25 25 191 50 34 37 255 82 34 43 255 97 35 47 255 97 35 47 255 106 40 45 255 123 51 43 255 126 53 43 255 114 45 44 255 117 47 44 255 134 58 42 255 143 64 40 255 143 64 40 255 143 64 40 255 143 64 40 255 143 64 40 255 143 64 40 255 143 64 40 255 143 64 40 255 143 64 40 255 143 64 40 255 143 64 40 255 143 64 40 255 143 64 40 255 143 64 40 255 143 64 40 255 143 64 40 255 143 64 40 255 143 64 40 255 143 64 40 255 143 64 40 255 143 64 40 255 143 64 40 255 134 58 42 255 117 47 44 255 106 40 45 255 100 36 46 255 81 34 43 255 49 34 37 255 25 25 25 191 8 8 8 63 0 0 0 0 0 0 0 0 0 0 0 0 0 0 0 0 0 0 0 0 0 0 0 0 0 0 0 0 0 0 0 0 0 0 0 0 0 0 0 0 0 0 0 0 
0 0 0 0 0 0 0 0 0 0 0 0 0 0 0 0 0 0 0 0 0 0 0 0 0 0 0 0 0 0 0 0 0 0 0 0 0 0 0 0 0 0 0 0 8 8 8 63 25 25 25 191 46 34 36 255 70 34 41 255 81 34 43 255 81 34 43 255 90 40 42 255 107 51 40 255 107 51 40 255 90 40 42 255 90 40 42 255 107 51 40 255 119 56 40 255 127 56 41 255 131 56 42 255 131 56 42 255 131 56 42 255 131 56 42 255 127 56 41 255 119 56 40 255 115 56 39 255 115 56 39 255 119 56 40 255 127 56 41 255 131 56 42 255 131 56 42 255 131 56 42 255 131 56 42 255 127 56 41 255 119 56 40 255 115 56 39 255 115 56 39 255 115 56 39 255 115 56 39 255 107 51 40 255 90 40 42 255 81 34 43 255 81 34 43 255 69 34 41 255 45 34 36 255 25 25 25 191 8 8 8 63 0 0 0 0 0 0 0 0 0 0 0 0 0 0 0 0 0 0 0 0 0 0 0 0 0 0 0 0 0 0 0 0 0 0 0 0 0 0 0 0 0 0 0 0 
0 0 0 0 0 0 0 0 0 0 0 0 0 0 0 0 0 0 0 0 0 0 0 0 0 0 0 0 0 0 0 0 0 0 0 0 0 0 0 0 0 0 0 0 8 8 8 63 25 25 25 191 38 34 34 255 45 34 36 255 49 34 37 255 49 34 37 255 52 36 36 255 58 39 36 255 58 39 36 255 52 36 36 255 52 36 36 255 58 39 36 255 73 41 38 255 97 42 43 255 109 42 45 255 109 42 45 255 109 42 45 255 109 42 45 255 97 42 43 255 73 41 38 255 61 41 35 255 61 41 35 255 73 41 38 255 97 42 43 255 109 42 45 255 109 42 45 255 109 42 45 255 109 42 45 255 97 42 43 255 73 41 38 255 61 41 35 255 61 41 35 255 61 41 35 255 61 41 35 255 58 39 36 255 52 36 36 255 49 34 37 255 49 34 37 255 45 34 36 255 37 34 34 255 25 25 25 191 8 8 8 63 0 0 0 0 0 0 0 0 0 0 0 0 0 0 0 0 0 0 0 0 0 0 0 0 0 0 0 0 0 0 0 0 0 0 0 0 0 0 0 0 0 0 0 0 
0 0 0 0 0 0 0 0 0 0 0 0 0 0 0 0 0 0 0 0 0 0 0 0 0 0 0 0 0 0 0 0 0 0 0 0 0 0 0 0 0 0 0 0 6 6 6 47 19 19 19 143 25 25 25 191 25 25 25 191 25 25 25 191 25 25 25 191 25 25 25 191 25 25 25 191 25 25 25 191 25 25 25 191 27 27 27 207 31 31 31 239 50 34 37 255 82 34 43 255 97 35 47 255 97 35 47 255 97 35 47 255 97 35 47 255 81 34 43 255 49 34 37 255 34 34 34 255 34 34 34 255 46 34 36 255 70 34 41 255 81 34 43 255 81 34 43 255 81 34 43 255 81 34 43 255 69 34 41 255 45 34 36 255 31 31 31 239 27 27 27 207 25 25 25 191 25 25 25 191 25 25 25 191 25 25 25 191 25 25 25 191 25 25 25 191 25 25 25 191 25 25 25 191 19 19 19 143 6 6 6 47 0 0 0 0 0 0 0 0 0 0 0 0 0 0 0 0 0 0 0 0 0 0 0 0 0 0 0 0 0 0 0 0 0 0 0 0 0 0 0 0 0 0 0 0 
0 0 0 0 0 0 0 0 0 0 0 0 0 0 0 0 0 0 0 0 0 0 0 0 0 0 0 0 0 0 0 0 0 0 0 0 0 0 0 0 0 0 0 0 2 2 2 15 6 6 6 47 8 8 8 63 8 8 8 63 8 8 8 63 8 8 8 63 8 8 8 63 8 8 8 63 8 8 8 63 8 8 8 63 14 14 14 111 27 27 27 207 50 34 37 255 82 34 43 255 97 35 47 255 97 35 47 255 97 35 47 255 97 35 47 255 81 34 43 255 49 34 37 255 34 34 34 255 34 34 34 255 38 34 34 255 45 34 36 255 49 34 37 255 49 34 37 255 49 34 37 255 49 34 37 255 45 34 36 255 37 34 34 255 27 27 27 207 14 14 14 111 8 8 8 63 8 8 8 63 8 8 8 63 8 8 8 63 8 8 8 63 8 8 8 63 8 8 8 63 8 8 8 63 6 6 6 47 2 2 2 15 0 0 0 0 0 0 0 0 0 0 0 0 0 0 0 0 0 0 0 0 0 0 0 0 0 0 0 0 0 0 0 0 0 0 0 0 0 0 0 0 0 0 0 0 
0 0 0 0 0 0 0 0 0 0 0 0 0 0 0 0 0 0 0 0 0 0 0 0 0 0 0 0 0 0 0 0 0 0 0 0 0 0 0 0 0 0 0 0 2 2 2 15 6 6 6 47 8 8 8 63 8 8 8 63 8 8 8 63 8 8 8 63 8 8 8 63 8 8 8 63 8 8 8 63 8 8 8 63 14 14 14 111 27 27 27 207 50 34 37 255 82 34 43 255 97 35 47 255 97 35 47 255 97 35 47 255 97 35 47 255 81 34 43 255 49 34 37 255 34 34 34 255 34 34 34 255 38 34 34 255 46 34 36 255 50 34 37 255 50 34 37 255 50 34 37 255 50 34 37 255 46 34 36 255 37 34 34 255 27 27 27 207 14 14 14 111 8 8 8 63 8 8 8 63 8 8 8 63 8 8 8 63 8 8 8 63 8 8 8 63 8 8 8 63 8 8 8 63 6 6 6 47 2 2 2 15 0 0 0 0 0 0 0 0 0 0 0 0 0 0 0 0 0 0 0 0 0 0 0 0 0 0 0 0 0 0 0 0 0 0 0 0 0 0 0 0 0 0 0 0 
