0 0 0 0 0 0 0 0 0 0 0 0 0 0 0 0 0 0 0 0 0 0 0 0 0 0 0 0 0 0 0 0 0 0 0 0 0 0 0 0 0 0 0 0 0 0 0 0 0 0 0 0 0 0 0 0 0 0 0 0 0 0 0 0 0 0 0 0 0 0 0 0 0 0 0 0 0 0 0 0 0 0 0 0 0 0 0 0 0 0 0 0 0 0 0 0 0 0 0 0 0 0 0 0 0 0 0 0 0 0 0 0 0 0 0 0 0 0 0 0 0 0 0 0 0 0 0 0 
0 0 0 0 0 0 0 0 0 0 0 0 0 0 0 0 0 0 0 0 0 0 0 0 0 0 0 0 0 0 0 0 0 0 0 0 0 0 0 0 0 0 0 0 0 0 0 0 0 0 0 0 0 0 0 0 0 0 0 0 0 0 0 0 0 0 0 0 0 0 0 0 0 0 0 0 0 0 0 0 0 0 0 0 0 0 0 0 0 0 0 0 0 0 0 0 0 0 0 0 0 0 0 0 0 0 0 0 0 0 0 0 0 0 0 0 0 0 0 0 0 0 0 0 0 0 0 0 
0 0 0 0 0 0 0 0 0 0 0 0 0 0 0 0 0 0 0 0 0 0 0 0 0 0 0 0 0 0 0 0 0 0 0 0 0 0 0 0 0 0 0 0 0 0 0 0 0 0 0 0 0 0 0 0 0 0 0 0 0 0 0 0 0 0 0 0 0 0 0 0 0 0 0 0 0 0 0 0 0 0 0 0 0 0 0 0 0 0 0 0 0 0 0 0 0 0 0 0 0 0 0 0 0 0 0 0 0 0 0 0 0 0 0 0 0 0 0 0 0 0 0 0 0 0 0 0 
0 0 0 0 0 0 0 0 0 0 0 0 0 0 0 0 0 0 0 0 0 0 0 0 0 0 0 0 2 2 2 15 6 6 6 47 8 8 8 63 8 8 8 63 8 8 8 63 8 8 8 63 8 8 8 63 8 8 8 63 8 8 8 63 8 8 8 63 8 8 8 63 8 8 8 63 8 8 8 63 8 8 8 63 8 8 8 63 8 8 8 63 8 8 8 63 8 8 8 63 8 8 8 63 8 8 8 63 6 6 6 47 2 2 2 15 0 0 0 0 0 0 0 0 0 0 0 0 
0 0 0 0 0 0 0 0 0 0 0 0 0 0 0 0 0 0 0 0 0 0 0 0 0 0 0 0 6 6 6 47 19 19 19 143 25 25 25 191 25 25 25 191 25 25 25 191 25 25 25 191 25 25 25 191 25 25 25 191 25 25 25 191 25 25 25 191 25 25 25 191 25 25 25 191 25 25 25 191 25 25 25 191 25 25 25 191 25 25 25 191 25 25 25 191 25 25 25 191 25 25 25 191 25 25 25 191 19 19 19 143 6 6 6 47 0 0 0 0 0 0 0 0 0 0 0 0 
0 0 0 0 0 0 0 0 0 0 0 0 0 0 0 0 0 0 0 0 0 0 0 0 0 0 0 0 8 8 8 63 25 25 25 191 34 35 36 255 36 39 42 255 38 44 45 255 39 51 45 255 40 54 45 255 40 54 45 255 40 54 45 255 40 54 45 255 40 54 45 255 40 54 45 255 40 54 45 255 40 54 45 255 40 54 45 255 40 54 45 255 40 54 45 255 40 54 45 255 39 49 42 255 35 39 36 255 25 25 25 191 8 8 8 63 0 0 0 0 0 0 0 0 0 0 0 0 
0 0 0 0 0 0 0 0 0 0 0 0 0 0 0 0 0 0 0 0 0 0 0 0 0 0 0 0 8 8 8 63 25 25 25 191 36 39 42 255 42 51 60 255 47 66 69 255 51 85 68 255 54 94 67 255 54 94 67 255 54 94 67 255 54 94 67 255 54 94 67 255 54 94 67 255 54 94 67 255 54 94 67 255 54 94 67 255 54 94 67 255 54 94 67 255 54 94 67 255 49 79 59 255 39 49 42 255 25 25 25 191 8 8 8 63 0 0 0 0 0 0 0 0 0 0 0 0 
0 0 0 0 0 0 0 0 0 0 0 0 0 0 0 0 0 0 0 0 0 0 0 0 0 0 0 0 8 8 8 63 25 25 25 191 37 41 45 255 45 57 69 255 51 77 81 255 57 102 79 255 60 115 79 255 60 115 79 255 60 114 79 255 60 115 79 255 60 115 79 255 60 115 79 255 60 115 79 255 60 115 79 255 60 115 79 255 60 115 79 255 60 115 79 255 60 115 79 255 54 94 67 255 40 54 45 255 25 25 25 191 8 8 8 63 0 0 0 0 0 0 0 0 0 0 0 0 
0 0 0 0 0 0 0 0 0 0 0 0 0 0 0 0 0 0 0 0 0 0 0 0 0 0 0 0 8 8 8 63 25 25 25 191 37 41 45 255 45 57 69 255 51 77 81 255 57 102 79 255 60 115 79 255 60 115 79 255 60 114 79 255 60 115 79 255 60 115 79 255 60 115 79 255 60 115 79 255 60 115 79 255 60 115 79 255 60 115 79 255 60 115 79 255 60 115 79 255 54 94 67 255 40 54 45 255 25 25 25 191 8 8 8 63 0 0 0 0 0 0 0 0 0 0 0 0 
0 0 0 0 0 0 0 0 0 0 0 0 0 0 0 0 0 0 0 0 0 0 0 0 0 0 0 0 8 8 8 63 25 25 25 191 37 41 45 255 45 57 69 255 51 77 81 255 57 102 79 255 60 115 79 255 60 115 79 255 60 114 79 255 60 115 79 255 60 115 79 255 60 115 79 255 60 115 79 255 60 115 79 255 60 115 79 255 60 115 79 255 60 115 79 255 60 115 79 255 54 94 67 255 40 54 45 255 25 25 25 191 8 8 8 63 0 0 0 0 0 0 0 0 0 0 0 0 
0 0 0 0 0 0 0 0 0 0 0 0 0 0 0 0 0 0 0 0 0 0 0 0 0 0 0 0 8 8 8 63 25 25 25 191 37 41 45 255 45 57 69 255 51 77 81 255 57 102 79 255 60 115 79 255 60 115 79 255 60 114 79 255 60 115 79 255 60 115 79 255 60 115 79 255 60 115 79 255 60 115 79 255 60 115 79 255 60 115 79 255 60 115 79 255 60 115 79 255 54 94 67 255 40 54 45 255 25 25 25 191 8 8 8 63 0 0 0 0 0 0 0 0 0 0 0 0 
0 0 0 0 0 0 0 0 0 0 0 0 0 0 0 0 0 0 0 0 0 0 0 0 0 0 0 0 8 8 8 63 25 25 25 191 37 41 45 255 45 57 69 255 51 77 81 255 57 102 79 255 60 111 79 255 58 105 79 255 58 102 79 255 58 102 79 255 58 105 79 255 60 111 79 255 60 115 79 255 60 115 79 255 60 115 79 255 60 115 79 255 60 111 79 255 58 105 79 255 52 85 68 255 40 51 45 255 25 25 25 191 8 8 8 63 0 0 0 0 0 0 0 0 0 0 0 0 
0 0 0 0 0 0 0 0 0 0 0 0 0 0 0 0 0 0 0 0 0 0 0 0 0 0 0 0 8 8 8 63 25 25 25 191 37 41 45 255 45 57 69 255 51 77 81 255 57 102 79 255 58 105 79 255 54 86 80 255 52 77 81 255 52 77 81 255 54 86 80 255 58 105 79 255 60 115 79 255 60 115 79 255 60 115 79 255 60 115 79 255 58 105 79 255 54 86 80 255 47 66 69 255 38 44 45 255 25 25 25 191 8 8 8 63 0 0 0 0 0 0 0 0 0 0 0 0 
0 0 0 0 0 0 0 0 0 0 0 0 0 0 0 0 0 0 0 0 0 0 0 0 0 0 0 0 8 8 8 63 25 25 25 191 37 41 45 255 45 57 69 255 51 77 81 255 57 102 79 255 57 100 76 255 49 71 72 255 45 57 70 255 45 57 70 255 49 71 72 255 57 100 76 255 60 115 79 255 60 115 79 255 60 115 79 255 60 115 79 255 57 100 76 255 49 71 72 255 42 51 61 255 36 39 43 255 25 25 25 191 8 8 8 63 0 0 0 0 0 0 0 0 0 0 0 0 
0 0 0 0 0 0 0 0 0 0 0 0 0 0 0 0 0 0 0 0 0 0 0 0 0 0 0 0 8 8 8 63 25 25 25 191 37 41 45 255 45 57 69 255 51 77 81 255 57 102 79 255 55 96 70 255 43 60 54 255 37 41 46 255 37 41 46 255 43 60 54 255 55 96 70 255 60 115 79 255 60 115 79 255 60 115 79 255 60 115 79 255 55 96 70 255 43 60 54 255 36 39 43 255 34 35 37 255 25 25 25 191 8 8 8 63 0 0 0 0 0 0 0 0 0 0 0 0 
0 0 0 0 0 0 0 0 0 0 0 0 0 0 0 0 0 0 0 0 0 0 0 0 0 0 0 0 8 8 8 63 25 25 25 191 37 41 45 255 45 57 69 255 51 74 81 255 55 93 80 255 52 85 68 255 40 51 45 255 34 34 34 255 34 34 34 255 40 54 45 255 54 94 67 255 60 115 79 255 60 115 79 255 60 115 79 255 60 115 79 255 54 94 67 255 40 54 45 255 34 34 34 255 34 34 34 255 27 27 27 207 14 14 14 111 6 6 6 47 2 2 2 15 2 2 2 15 
0 0 0 0 0 0 0 0 0 0 0 0 0 0 0 0 0 0 0 0 0 0 0 0 0 0 0 0 8 8 8 63 25 25 25 191 37 41 45 255 45 57 69 255 49 68 81 255 51 74 81 255 47 66 69 255 38 44 45 255 34 34 34 255 34 34 34 255 40 54 45 255 54 94 67 255 60 115 79 255 60 115 79 255 60 115 79 255 60 115 79 255 54 94 67 255 40 54 45 255 34 34 34 255 34 34 34 255 31 31 31 239 27 27 27 207 19 19 19 143 6 6 6 47 6 6 6 47 
0 0 0 0 0 0 0 0 0 0 0 0 0 0 0 0 0 0 0 0 0 0 0 0 0 0 0 0 8 8 8 63 25 25 25 191 37 41 45 255 45 57 69 255 61 76 91 255 87 99 111 255 84 93 102 255 53 58 64 255 37 41 45 255 37 41 45 255 43 60 54 255 55 96 70 255 60 115 79 255 60 114 79 255 60 115 79 255 60 114 79 255 55 96 70 255 43 60 54 255 50 53 55 255 75 75 75 255 75 73 72 255 47 47 46 255 25 25 25 191 8 8 8 63 8 8 8 63 
0 0 0 0 0 0 0 0 0 0 0 0 0 0 0 0 0 0 0 0 0 0 0 0 0 0 0 0 8 8 8 63 25 25 25 191 37 41 45 255 45 57 69 255 87 99 111 255 163 167 169 255 162 165 166 255 84 93 102 255 45 57 69 255 45 57 69 255 49 71 72 255 57 100 76 255 60 115 79 255 60 115 79 255 60 115 79 255 60 115 79 255 57 100 76 255 49 71 72 255 83 91 99 255 159 159 157 255 157 153 148 255 75 73 72 255 25 25 25 191 8 8 8 63 8 8 8 63 
0 0 0 0 0 0 0 0 0 0 0 0 0 0 0 0 0 0 0 0 0 0 0 0 0 0 0 0 8 8 8 63 25 25 25 191 37 41 45 255 45 57 69 255 99 110 120 255 201 201 198 255 214 212 207 255 138 144 149 255 87 102 110 255 63 85 91 255 54 86 80 255 58 105 79 255 60 115 79 255 60 114 79 255 60 115 79 255 60 114 79 255 70 113 89 255 90 111 110 255 138 144 149 255 214 212 207 255 198 193 186 255 88 87 84 255 25 25 25 191 8 8 8 63 8 8 8 63 
0 0 0 0 0 0 0 0 0 0 0 0 0 0 0 0 0 0 0 0 0 0 0 0 0 0 0 0 8 8 8 63 25 25 25 191 37 41 45 255 45 57 69 255 99 110 120 255 201 201 198 255 240 235 227 255 214 212 207 255 165 176 168 255 93 127 109 255 58 105 79 255 60 111 79 255 60 115 79 255 60 115 79 255 60 115 79 255 60 115 79 255 96 136 108 255 166 179 168 255 214 212 207 255 240 235 227 255 198 193 186 255 88 87 84 255 25 25 25 191 8 8 8 63 8 8 8 63 
0 0 0 0 0 0 0 0 0 0 0 0 0 0 0 0 0 0 0 0 0 0 0 0 0 0 0 0 8 8 8 63 25 25 25 191 37 41 45 255 45 57 69 255 88 102 110 255 166 176 168 255 205 214 197 255 205 214 197 255 169 189 167 255 97 139 108 255 60 115 79 255 60 114 79 255 60 115 79 255 60 114 79 255 60 115 79 255 60 114 79 255 96 139 108 255 169 189 167 255 203 208 194 255 199 198 189 255 155 151 146 239 68 67 65 207 19 19 19 143 6 6 6 47 6 6 6 47 
0 0 0 0 0 0 0 0 0 0 0 0 0 0 0 0 0 0 0 0 0 0 0 0 0 0 0 0 8 8 8 63 25 25 25 191 37 41 45 255 45 57 69 255 64 85 91 255 94 127 109 255 109 148 118 255 109 148 118 255 97 139 108 255 73 123 88 255 60 115 79 255 60 115 79 255 60 115 79 255 60 115 79 255 60 115 79 255 60 115 79 255 73 123 88 255 97 139 108 255 103 132 110 255 93 102 93 255 68 67 65 207 28 28 27 111 6 6 6 47 2 2 2 15 2 2 2 15 
0 0 0 0 0 0 0 0 0 0 0 0 0 0 0 0 0 0 0 0 0 0 0 0 0 0 0 0 8 8 8 63 25 25 25 191 40 39 43 255 54 51 63 255 63 66 72 255 67 85 71 255 70 95 71 255 70 95 71 255 70 95 71 255 70 95 71 255 70 95 71 255 70 95 71 255 70 95 71 255 70 95 71 255 70 95 71 255 70 95 71 255 70 95 71 255 70 95 71 255 61 79 61 255 43 49 43 255 25 25 25 191 8 8 8 63 0 0 0 0 0 0 0 0 0 0 0 0 
0 0 0 0 0 0 0 0 0 0 0 0 0 0 0 0 0 0 0 0 0 0 0 0 0 0 0 0 8 8 8 63 25 25 25 191 46 36 39 255 72 40 50 255 86 45 55 255 87 51 55 255 88 55 55 255 88 55 55 255 88 55 55 255 88 55 55 255 88 55 55 255 88 55 55 255 88 55 55 255 88 55 55 255 88 55 55 255 88 55 55 255 88 55 55 255 88 55 55 255 75 49 49 255 47 39 39 255 25 25 25 191 8 8 8 63 0 0 0 0 0 0 0 0 0 0 0 0 
0 0 0 0 0 0 0 0 0 0 0 0 0 0 0 0 0 0 0 0 0 0 0 0 0 0 0 0 8 8 8 63 25 25 25 191 52 36 36 255 90 40 42 255 109 42 45 255 109 42 45 255 109 42 45 255 109 42 45 255 109 42 45 255 109 42 45 255 109 42 45 255 109 42 45 255 109 42 45 255 109 42 45 255 109 42 45 255 109 42 45 255 109 42 45 255 109 42 45 255 90 40 42 255 52 36 36 255 25 25 25 191 8 8 8 63 0 0 0 0 0 0 0 0 0 0 0 0 
0 0 0 0 0 0 0 0 0 0 0 0 0 0 0 0 0 0 0 0 0 0 0 0 0 0 0 0 8 8 8 63 25 25 25 191 58 39 36 255 107 51 40 255 131 56 42 255 131 56 42 255 131 56 42 255 131 56 42 255 131 56 42 255 131 56 42 255 131 56 42 255 131 56 42 255 131 56 42 255 131 56 42 255 131 56 42 255 131 56 42 255 131 56 42 255 131 56 42 255 107 51 40 255 58 39 36 255 25 25 25 191 8 8 8 63 0 0 0 0 0 0 0 0 0 0 0 0 
0 0 0 0 0 0 0 0 0 0 0 0 0 0 0 0 0 0 0 0 2 2 2 15 6 6 6 47 14 14 14 111 27 27 27 207 61 41 35 255 115 56 39 255 143 64 40 255 143 64 40 255 143 64 40 255 143 64 40 255 143 64 40 255 143 64 40 255 143 64 40 255 143 64 40 255 143 64 40 255 143 64 40 255 143 64 40 255 143 64 40 255 143 64 40 255 143 64 40 255 115 56 39 255 61 41 35 255 25 25 25 191 8 8 8 63 0 0 0 0 0 0 0 0 0 0 0 0 
0 0 0 0 0 0 0 0 0 0 0 0 0 0 0 0 0 0 0 0 6 6 6 47 19 19 19 143 27 27 27 207 31 31 31 239 61 41 35 255 115 56 39 255 143 64 40 255 143 64 40 255 143 64 40 255 143 64 40 255 143 64 40 255 143 64 40 255 143 64 40 255 143 64 40 255 143 64 40 255 143 64 40 255 143 64 40 255 143 64 40 255 143 64 40 255 143 64 40 255 115 56 39 255 61 41 35 255 25 25 25 191 8 8 8 63 0 0 0 0 0 0 0 0 0 0 0 0 
0 0 0 0 0 0 0 0 0 0 0 0 2 2 2 15 6 6 6 47 15 16 17 111 30 33 36 207 37 41 45 255 37 41 45 255 58 47 47 255 99 58 49 255 119 64 51 255 119 64 51 255 118 62 48 255 116 58 42 255 115 56 39 255 115 56 39 255 115 56 39 255 115 56 39 255 115 56 39 255 115 56 39 255 116 58 42 255 118 62 48 255 119 64 51 255 119 64 51 255 99 58 49 255 58 47 47 255 30 33 36 207 15 16 17 111 6 6 6 47 2 2 2 15 2 2 2 15 
0 0 0 0 0 0 0 0 0 0 0 0 6 6 6 47 19 19 19 143 30 33 36 207 40 49 58 239 45 57 69 255 45 57 69 255 52 59 70 255 65 62 71 255 72 64 71 255 72 64 71 255 69 58 62 255 64 47 44 255 61 41 35 255 61 41 35 255 61 41 35 255 61 41 35 255 61 41 35 255 61 41 35 255 64 47 44 255 69 58 62 255 72 64 71 255 72 64 71 255 65 62 71 255 52 59 70 255 40 49 58 239 30 33 36 207 19 19 19 143 6 6 6 47 6 6 6 47 
0 0 0 0 0 0 0 0 0 0 0 0 8 8 8 63 25 25 25 191 37 41 45 255 45 57 69 255 48 63 79 255 46 59 73 255 45 57 70 255 45 57 70 255 45 57 70 255 45 57 70 255 40 49 58 239 30 33 36 207 25 25 25 191 25 25 25 191 25 25 25 191 25 25 25 191 27 27 27 207 31 31 31 239 36 39 42 255 42 51 61 255 45 57 70 255 45 57 70 255 45 57 70 255 45 57 70 255 42 51 61 255 36 39 43 255 25 25 25 191 8 8 8 63 8 8 8 63 
0 0 0 0 0 0 0 0 0 0 0 0 8 8 8 63 25 25 25 191 37 41 45 255 45 57 69 255 46 59 73 255 40 47 55 255 37 41 46 255 37 41 46 255 37 41 46 255 37 41 46 255 30 33 36 207 15 16 17 111 8 8 8 63 8 8 8 63 8 8 8 63 8 8 8 63 14 14 14 111 27 27 27 207 34 35 37 255 36 39 43 255 37 41 46 255 37 41 46 255 37 41 46 255 37 41 46 255 36 39 43 255 34 35 37 255 25 25 25 191 8 8 8 63 8 8 8 63 
0 0 0 0 0 0 0 0 0 0 0 0 8 8 8 63 25 25 25 191 36 39 43 255 42 51 61 255 42 51 61 255 36 39 43 255 31 31 31 239 27 27 27 207 25 25 25 191 25 25 25 191 19 19 19 143 6 6 6 47 0 0 0 0 0 0 0 0 0 0 0 0 0 0 0 0 6 6 6 47 19 19 19 143 25 25 25 191 25 25 25 191 25 25 25 191 25 25 25 191 25 25 25 191 25 25 25 191 25 25 25 191 25 25 25 191 19 19 19 143 6 6 6 47 6 6 6 47 
0 0 0 0 0 0 0 0 0 0 0 0 8 8 8 63 25 25 25 191 34 35 37 255 36 39 43 255 36 39 43 255 34 35 37 255 27 27 27 207 14 14 14 111 8 8 8 63 8 8 8 63 6 6 6 47 2 2 2 15 0 0 0 0 0 0 0 0 0 0 0 0 0 0 0 0 2 2 2 15 6 6 6 47 8 8 8 63 8 8 8 63 8 8 8 63 8 8 8 63 8 8 8 63 8 8 8 63 8 8 8 63 8 8 8 63 6 6 6 47 2 2 2 15 2 2 2 15 
0 0 0 0 0 0 0 0 0 0 0 0 6 6 6 47 19 19 19 143 25 25 25 191 25 25 25 191 25 25 25 191 25 25 25 191 19 19 19 143 6 6 6 47 0 0 0 0 0 0 0 0 0 0 0 0 0 0 0 0 0 0 0 0 0 0 0 0 0 0 0 0 0 0 0 0 0 0 0 0 0 0 0 0 0 0 0 0 0 0 0 0 0 0 0 0 0 0 0 0 0 0 0 0 0 0 0 0 0 0 0 0 0 0 0 0 0 0 0 0 0 0 0 0 0 0 0 0 
0 0 0 0 0 0 0 0 0 0 0 0 2 2 2 15 6 6 6 47 8 8 8 63 8 8 8 63 8 8 8 63 8 8 8 63 6 6 6 47 2 2 2 15 0 0 0 0 0 0 0 0 0 0 0 0 0 0 0 0 0 0 0 0 0 0 0 0 0 0 0 0 0 0 0 0 0 0 0 0 0 0 0 0 0 0 0 0 0 0 0 0 0 0 0 0 0 0 0 0 0 0 0 0 0 0 0 0 0 0 0 0 0 0 0 0 0 0 0 0 0 0 0 0 0 0 0 0 
0 0 0 0 0 0 0 0 0 0 0 0 0 0 0 0 0 0 0 0 0 0 0 0 0 0 0 0 0 0 0 0 0 0 0 0 0 0 0 0 0 0 0 0 0 0 0 0 0 0 0 0 0 0 0 0 0 0 0 0 0 0 0 0 0 0 0 0 0 0 0 0 0 0 0 0 0 0 0 0 0 0 0 0 0 0 0 0 0 0 0 0 0 0 0 0 0 0 0 0 0 0 0 0 0 0 0 0 0 0 0 0 0 0 0 0 0 0 0 0 0 0 0 0 0 0 0 0 
0 0 0 0 0 0 0 0 0 0 0 0 0 0 0 0 0 0 0 0 0 0 0 0 0 0 0 0 0 0 0 0 0 0 0 0 0 0 0 0 0 0 0 0 0 0 0 0 0 0 0 0 0 0 0 0 0 0 0 0 0 0 0 0 0 0 0 0 0 0 0 0 0 0 0 0 0 0 0 0 0 0 0 0 0 0 0 0 0 0 0 0 0 0 0 0 0 0 0 0 0 0 0 0 0 0 0 0 0 0 0 0 0 0 0 0 0 0 0 0 0 0 0 0 0 0 0 0 
0 0 0 0 0 0 0 0 0 0 0 0 0 0 0 0 0 0 0 0 0 0 0 0 0 0 0 0 0 0 0 0 0 0 0 0 0 0 0 0 0 0 0 0 0 0 0 0 0 0 0 0 0 0 0 0 0 0 0 0 0 0 0 0 0 0 0 0 0 0 0 0 0 0 0 0 0 0 0 0 0 0 0 0 0 0 0 0 0 0 0 0 0 0 0 0 0 0 0 0 0 0 0 0 0 0 0 0 0 0 0 0 0 0 0 0 0 0 0 0 0 0 0 0 0 0 0 0 
