0 0 0 0 0 0 0 0 0 0 0 0 0 0 0 0 0 0 0 0 0 0 0 0 0 0 0 0 0 0 0 0 0 0 0 0 0 0 0 0 0 0 0 0 0 0 0 0 0 0 0 0 0 0 0 0 0 0 0 0 0 0 0 0 0 0 0 0 0 0 0 0 0 0 0 0 0 0 0 0 0 0 0 0 0 0 0 0 0 0 0 0 0 0 0 0 0 0 0 0 0 0 0 0 0 0 0 0 0 0 0 0 0 0 0 0 0 0 0 0 0 0 0 0 0 0 0 0 
0 0 0 0 0 0 0 0 0 0 0 0 0 0 0 0 0 0 0 0 0 0 0 0 0 0 0 0 0 0 0 0 0 0 0 0 0 0 0 0 0 0 0 0 0 0 0 0 0 0 0 0 0 0 0 0 0 0 0 0 0 0 0 0 0 0 0 0 0 0 0 0 0 0 0 0 0 0 0 0 0 0 0 0 0 0 0 0 0 0 0 0 0 0 0 0 0 0 0 0 0 0 0 0 0 0 0 0 0 0 0 0 0 0 0 0 0 0 0 0 0 0 0 0 0 0 0 0 
0 0 0 0 0 0 0 0 0 0 0 0 0 0 0 0 0 0 0 0 0 0 0 0 0 0 0 0 0 0 0 0 0 0 0 0 0 0 0 0 0 0 0 0 0 0 0 0 0 0 0 0 0 0 0 0 0 0 0 0 0 0 0 0 0 0 0 0 0 0 0 0 0 0 0 0 0 0 0 0 0 0 0 0 0 0 0 0 0 0 0 0 0 0 0 0 0 0 0 0 0 0 0 0 0 0 0 0 0 0 0 0 0 0 0 0 0 0 0 0 0 0 0 0 0 0 0 0 
0 0 0 0 0 0 0 0 0 0 0 0 0 0 0 0 0 0 0 0 0 0 0 0 0 0 0 0 0 0 0 0 0 0 0 0 0 0 0 0 0 0 0 0 0 0 0 0 0 0 0 0 0 0 0 0 0 0 0 0 0 0 0 0 0 0 0 0 0 0 0 0 0 0 0 0 0 0 0 0 0 0 0 0 0 0 0 0 0 0 0 0 0 0 0 0 0 0 0 0 0 0 0 0 0 0 0 0 0 0 0 0 0 0 0 0 0 0 0 0 0 0 0 0 0 0 0 0 
0 0 0 0 0 0 0 0 0 0 0 0 0 0 0 0 0 0 0 0 0 0 0 0 0 0 0 0 0 0 0 0 0 0 0 0 0 0 0 0 0 0 0 0 0 0 0 0 0 0 0 0 0 0 0 0 0 0 0 0 0 0 0 0 0 0 0 0 0 0 0 0 0 0 0 0 0 0 0 0 0 0 0 0 0 0 0 0 0 0 0 0 0 0 0 0 0 0 0 0 0 0 0 0 0 0 0 0 0 0 0 0 0 0 0 0 0 0 0 0 0 0 0 0 0 0 0 0 
0 0 0 0 0 0 0 0 0 0 0 0 0 0 0 0 0 0 0 0 0 0 0 0 0 0 0 0 0 0 0 0 0 0 0 0 0 0 0 0 0 0 0 0 0 0 0 0 0 0 0 0 0 0 0 0 0 0 0 0 0 0 0 0 0 0 0 0 0 0 0 0 0 0 0 0 0 0 0 0 0 0 0 0 0 0 0 0 0 0 0 0 0 0 0 0 0 0 0 0 0 0 0 0 0 0 0 0 0 0 0 0 0 0 0 0 0 0 0 0 0 0 0 0 0 0 0 0 
0 0 0 0 0 0 0 0 0 0 0 0 0 0 0 0 0 0 0 0 0 0 0 0 0 0 0 0 0 0 0 0 0 0 0 0 0 0 0 0 0 0 0 0 0 0 0 0 0 0 0 0 0 0 0 0 0 0 0 0 0 0 0 0 0 0 0 0 0 0 0 0 0 0 0 0 0 0 0 0 0 0 0 0 0 0 0 0 0 0 0 0 0 0 0 0 0 0 0 0 0 0 0 0 0 0 0 0 0 0 0 0 0 0 0 0 0 0 0 0 0 0 0 0 0 0 0 0 
0 0 0 0 0 0 0 0 0 0 0 0 0 0 0 0 0 0 0 0 0 0 0 0 0 0 0 0 0 0 0 0 0 0 0 0 0 0 0 0 0 0 0 0 0 0 0 0 0 0 0 0 0 0 0 0 0 0 0 0 0 0 0 0 0 0 0 0 0 0 0 0 0 0 0 0 0 0 0 0 0 0 0 0 0 0 0 0 0 0 0 0 0 0 0 0 0 0 0 0 0 0 0 0 0 0 0 0 0 0 0 0 0 0 0 0 0 0 0 0 0 0 0 0 0 0 0 0 
0 0 0 0 0 0 0 0 0 0 0 0 0 0 0 0 0 0 0 0 0 0 0 0 0 0 0 0 0 0 0 0 0 0 0 0 0 0 0 0 0 0 0 0 0 0 0 0 0 0 0 0 0 0 0 0 0 0 0 0 0 0 0 0 0 0 0 0 0 0 0 0 0 0 0 0 0 0 0 0 0 0 0 0 0 0 0 0 0 0 0 0 0 0 0 0 0 0 0 0 0 0 0 0 0 0 0 0 0 0 0 0 0 0 0 0 0 0 0 0 0 0 0 0 0 0 0 0 
0 0 0 0 0 0 0 0 0 0 0 0 0 0 0 0 0 0 0 0 0 0 0 0 0 0 0 0 2 2 2 15 6 6 6 47 8 8 8 63 8 8 8 63 8 8 8 63 8 8 8 63 8 8 8 63 8 8 8 63 8 8 8 63 8 8 8 63 8 8 8 63 8 8 8 63 8 8 8 63 8 8 8 63 8 8 8 63 8 8 8 63 8 8 8 63 8 8 8 63 8 8 8 63 8 8 8 63 6 6 6 47 2 2 2 15 0 0 0 0 0 0 0 0 0 0 0 0 
0 0 0 0 0 0 0 0 0 0 0 0 0 0 0 0 0 0 0 0 0 0 0 0 0 0 0 0 6 6 6 47 19 19 19 143 25 25 25 191 25 25 25 191 25 25 25 191 25 25 25 191 25 25 25 191 25 25 25 191 25 25 25 191 25 25 25 191 25 25 25 191 25 25 25 191 25 25 25 191 25 25 25 191 25 25 25 191 25 25 25 191 25 25 25 191 25 25 25 191 25 25 25 191 25 25 25 191 19 19 19 143 6 6 6 47 0 0 0 0 0 0 0 0 0 0 0 0 
0 0 0 0 0 0 0 0 0 0 0 0 0 0 0 0 0 0 0 0 0 0 0 0 0 0 0 0 8 8 8 63 25 25 25 191 34 35 36 255 36 39 42 255 38 44 45 255 39 51 45 255 40 54 45 255 40 54 45 255 40 54 45 255 40 54 45 255 50 51 45 255 69 47 45 255 78 44 45 255 78 44 45 255 78 44 45 255 78 44 45 255 69 47 45 255 50 51 45 255 39 49 42 255 35 39 36 255 25 25 25 191 8 8 8 63 0 0 0 0 0 0 0 0 0 0 0 0 
0 0 0 0 0 0 0 0 0 0 0 0 0 0 0 0 0 0 0 0 0 0 0 0 0 0 0 0 8 8 8 63 25 25 25 191 36 39 42 255 42 51 60 255 47 66 69 255 51 85 68 255 54 94 67 255 54 94 67 255 54 94 67 255 54 94 67 255 82 87 68 255 139 73 69 255 167 66 69 255 167 66 69 255 167 66 69 255 167 66 69 255 139 73 69 255 82 87 68 255 49 79 59 255 39 49 42 255 25 25 25 191 8 8 8 63 0 0 0 0 0 0 0 0 0 0 0 0 
0 0 0 0 0 0 0 0 0 0 0 0 0 0 0 0 0 0 0 0 0 0 0 0 0 0 0 0 8 8 8 63 25 25 25 191 37 41 45 255 45 57 69 255 51 77 81 255 57 102 79 255 60 115 79 255 60 115 79 255 60 114 79 255 60 115 79 255 98 105 79 255 174 87 81 255 202 80 81 255 183 84 81 255 183 84 81 255 202 80 81 255 174 87 81 255 98 105 79 255 54 94 67 255 40 54 45 255 25 25 25 191 8 8 8 63 0 0 0 0 0 0 0 0 0 0 0 0 
0 0 0 0 0 0 0 0 0 0 0 0 0 0 0 0 0 0 0 0 0 0 0 0 0 0 0 0 8 8 8 63 25 25 25 191 37 41 45 255 45 57 69 255 51 77 81 255 57 102 79 255 60 115 79 255 60 115 79 255 60 114 79 255 60 115 79 255 98 105 79 255 174 87 81 255 183 84 81 255 127 98 80 255 127 98 80 255 183 84 81 255 174 87 81 255 98 105 79 255 54 94 67 255 40 54 45 255 25 25 25 191 8 8 8 63 0 0 0 0 0 0 0 0 0 0 0 0 
0 0 0 0 0 0 0 0 0 0 0 0 0 0 0 0 0 0 0 0 0 0 0 0 0 0 0 0 8 8 8 63 25 25 25 191 37 41 45 255 45 57 69 255 51 77 81 255 57 102 79 255 60 111 79 255 58 105 79 255 58 102 79 255 58 102 79 255 87 98 80 255 145 91 80 255 155 91 80 255 117 101 80 255 117 101 80 255 155 91 80 255 145 91 80 255 87 98 80 255 52 85 68 255 40 51 45 255 25 25 25 191 8 8 8 63 0 0 0 0 0 0 0 0 0 0 0 0 
0 0 0 0 0 0 0 0 0 0 0 0 0 0 0 0 0 0 0 0 0 0 0 0 0 0 0 0 8 8 8 63 25 25 25 191 37 41 45 255 45 57 69 255 51 77 81 255 57 102 79 255 58 105 79 255 54 86 80 255 52 77 81 255 52 77 81 255 63 84 80 255 87 98 80 255 117 101 80 255 155 91 80 255 155 91 80 255 117 101 80 255 87 98 80 255 63 84 80 255 47 66 69 255 38 44 45 255 25 25 25 191 8 8 8 63 0 0 0 0 0 0 0 0 0 0 0 0 
0 0 0 0 0 0 0 0 0 0 0 0 0 0 0 0 0 0 0 0 0 0 0 0 0 0 0 0 8 8 8 63 25 25 25 191 37 41 45 255 45 57 69 255 51 77 81 255 57 102 79 255 57 100 76 255 49 71 72 255 45 57 70 255 45 57 70 255 49 71 72 255 57 100 76 255 89 108 79 255 145 94 80 255 145 94 80 255 89 108 79 255 57 100 76 255 49 71 72 255 42 51 61 255 36 39 43 255 25 25 25 191 8 8 8 63 0 0 0 0 0 0 0 0 0 0 0 0 
0 0 0 0 0 0 0 0 0 0 0 0 0 0 0 0 0 0 0 0 0 0 0 0 0 0 0 0 8 8 8 63 25 25 25 191 37 41 45 255 45 57 69 255 51 77 81 255 57 102 79 255 55 96 70 255 43 60 54 255 37 41 46 255 37 41 46 255 43 60 54 255 55 96 70 255 70 112 79 255 89 108 79 255 89 108 79 255 70 112 79 255 55 96 70 255 43 60 54 255 36 39 43 255 34 35 37 255 25 25 25 191 8 8 8 63 0 0 0 0 0 0 0 0 0 0 0 0 
0 0 0 0 0 0 0 0 0 0 0 0 0 0 0 0 0 0 0 0 0 0 0 0 0 0 0 0 8 8 8 63 25 25 25 191 37 41 45 255 45 57 69 255 51 74 81 255 55 93 80 255 52 85 68 255 40 51 45 255 34 34 34 255 34 34 34 255 40 54 45 255 54 94 67 255 60 115 79 255 60 114 79 255 60 115 79 255 60 114 79 255 54 94 67 255 40 54 45 255 34 34 34 255 34 34 34 255 27 27 27 207 14 14 14 111 6 6 6 47 2 2 2 15 2 2 2 15 
0 0 0 0 0 0 0 0 0 0 0 0 0 0 0 0 0 0 0 0 0 0 0 0 0 0 0 0 8 8 8 63 25 25 25 191 37 41 45 255 45 57 69 255 49 68 81 255 51 74 81 255 47 66 69 255 38 44 45 255 34 34 34 255 34 34 34 255 40 54 45 255 54 94 67 255 60 115 79 255 60 115 79 255 60 115 79 255 60 115 79 255 54 94 67 255 40 54 45 255 34 34 34 255 34 34 34 255 31 31 31 239 27 27 27 207 19 19 19 143 6 6 6 47 6 6 6 47 
0 0 0 0 0 0 0 0 0 0 0 0 0 0 0 0 0 0 0 0 0 0 0 0 0 0 0 0 8 8 8 63 25 25 25 191 37 41 45 255 45 57 69 255 61 76 91 255 87 99 111 255 84 93 102 255 53 58 64 255 37 41 45 255 37 41 45 255 43 60 54 255 55 96 70 255 60 115 79 255 60 114 79 255 60 115 79 255 60 114 79 255 55 96 70 255 43 60 54 255 50 53 55 255 75 75 75 255 75 73 72 255 47 47 46 255 25 25 25 191 8 8 8 63 8 8 8 63 
0 0 0 0 0 0 0 0 0 0 0 0 0 0 0 0 0 0 0 0 0 0 0 0 0 0 0 0 8 8 8 63 25 25 25 191 37 41 45 255 45 57 69 255 87 99 111 255 163 167 169 255 162 165 166 255 84 93 102 255 45 57 69 255 45 57 69 255 49 71 72 255 57 100 76 255 60 115 79 255 60 115 79 255 60 115 79 255 60 115 79 255 57 100 76 255 49 71 72 255 83 91 99 255 159 159 157 255 157 153 148 255 75 73 72 255 25 25 25 191 8 8 8 63 8 8 8 63 
0 0 0 0 0 0 0 0 0 0 0 0 0 0 0 0 0 0 0 0 0 0 0 0 0 0 0 0 8 8 8 63 25 25 25 191 37 41 45 255 45 57 69 255 99 110 120 255 201 201 198 255 214 212 207 255 138 144 149 255 87 102 110 255 63 85 91 255 54 86 80 255 58 105 79 255 60 115 79 255 60 114 79 255 60 115 79 255 60 114 79 255 70 113 89 255 90 111 110 255 138 144 149 255 214 212 207 255 198 193 186 255 88 87 84 255 25 25 25 191 8 8 8 63 8 8 8 63 
0 0 0 0 0 0 0 0 0 0 0 0 0 0 0 0 0 0 0 0 0 0 0 0 0 0 0 0 8 8 8 63 25 25 25 191 37 41 45 255 45 57 69 255 99 110 120 255 201 201 198 255 240 235 227 255 214 212 207 255 165 176 168 255 93 127 109 255 58 105 79 255 60 111 79 255 60 115 79 255 60 115 79 255 60 115 79 255 60 115 79 255 96 136 108 255 166 179 168 255 214 212 207 255 240 235 227 255 198 193 186 255 88 87 84 255 25 25 25 191 8 8 8 63 8 8 8 63 
0 0 0 0 0 0 0 0 0 0 0 0 0 0 0 0 0 0 0 0 0 0 0 0 0 0 0 0 8 8 8 63 25 25 25 191 37 41 45 255 45 57 69 255 88 102 110 255 166 176 168 255 205 214 197 255 205 214 197 255 169 189 167 255 97 139 108 255 60 115 79 255 60 114 79 255 60 115 79 255 60 114 79 255 60 115 79 255 60 114 79 255 96 139 108 255 169 189 167 255 203 208 194 255 199 198 189 255 155 151 146 239 68 67 65 207 19 19 19 143 6 6 6 47 6 6 6 47 
0 0 0 0 0 0 0 0 0 0 0 0 0 0 0 0 0 0 0 0 0 0 0 0 0 0 0 0 8 8 8 63 25 25 25 191 37 41 45 255 45 57 69 255 64 85 91 255 94 127 109 255 109 148 118 255 109 148 118 255 97 139 108 255 73 123 88 255 60 115 79 255 60 115 79 255 60 115 79 255 60 115 79 255 60 115 79 255 60 115 79 255 73 123 88 255 97 139 108 255 103 132 110 255 93 102 93 255 68 67 65 207 28 28 27 111 6 6 6 47 2 2 2 15 2 2 2 15 
0 0 0 0 0 0 0 0 0 0 0 0 0 0 0 0 0 0 0 0 0 0 0 0 0 0 0 0 8 8 8 63 25 25 25 191 40 39 43 255 54 51 63 255 63 66 72 255 67 85 71 255 70 95 71 255 70 95 71 255 79 108 82 255 99 134 106 255 99 134 106 255 79 108 82 255 79 108 82 255 99 134 106 255 99 134 106 255 79 108 82 255 79 108 82 255 99 134 106 255 90 119 97 255 52 62 55 255 25 25 25 191 8 8 8 63 0 0 0 0 0 0 0 0 0 0 0 0 
0 0 0 0 0 0 0 0 0 0 0 0 0 0 0 0 0 0 0 0 0 0 0 0 0 0 0 0 8 8 8 63 25 25 25 191 46 36 39 255 72 40 50 255 86 45 55 255 87 51 55 255 88 55 55 255 88 55 55 255 117 94 90 255 175 174 161 255 175 174 161 255 117 94 90 255 117 94 90 255 175 174 161 255 175 174 161 255 117 94 90 255 117 94 90 255 175 174 161 255 162 168 156 255 76 79 74 255 25 25 25 191 8 8 8 63 0 0 0 0 0 0 0 0 0 0 0 0 
0 0 0 0 0 0 0 0 0 0 0 0 0 0 0 0 0 0 0 0 0 0 0 0 0 0 0 0 8 8 8 63 25 25 25 191 52 36 36 255 90 40 42 255 109 42 45 255 109 42 45 255 109 42 45 255 109 42 45 255 145 93 93 255 217 195 189 255 217 195 189 255 145 93 93 255 145 93 93 255 217 195 189 255 217 195 189 255 145 93 93 255 145 93 93 255 217 195 189 255 198 193 186 255 88 87 84 255 25 25 25 191 8 8 8 63 0 0 0 0 0 0 0 0 0 0 0 0 
0 0 0 0 0 0 0 0 0 0 0 0 0 0 0 0 0 0 0 0 0 0 0 0 0 0 0 0 8 8 8 63 25 25 25 191 58 39 36 255 107 51 40 255 131 56 42 255 131 56 42 255 131 56 42 255 131 56 42 255 162 104 91 255 222 199 188 255 222 199 188 255 162 104 91 255 162 104 91 255 222 199 188 255 222 199 188 255 162 104 91 255 162 104 91 255 222 199 188 255 198 193 186 255 88 87 84 255 25 25 25 191 8 8 8 63 0 0 0 0 0 0 0 0 0 0 0 0 
0 0 0 0 0 0 0 0 0 0 0 0 0 0 0 0 0 0 0 0 0 0 0 0 0 0 0 0 8 8 8 63 25 25 25 191 61 41 35 255 115 56 39 255 143 64 40 255 143 64 40 255 143 64 40 255 143 64 40 255 163 98 77 255 204 166 151 255 204 166 151 255 163 98 77 255 170 109 89 255 225 201 187 255 225 201 188 255 170 109 90 255 163 98 77 255 204 166 151 255 177 159 149 255 81 75 72 255 25 25 25 191 8 8 8 63 0 0 0 0 0 0 0 0 0 0 0 0 
0 0 0 0 0 0 0 0 0 0 0 0 0 0 0 0 0 0 0 0 0 0 0 0 0 0 0 0 8 8 8 63 25 25 25 191 61 41 35 255 115 56 39 255 143 64 40 255 143 64 40 255 143 64 40 255 143 64 40 255 149 75 53 255 163 98 77 255 163 98 77 255 149 75 53 255 170 109 89 255 225 201 187 255 225 201 188 255 170 109 90 255 149 75 53 255 163 98 77 255 136 90 76 255 68 52 48 255 25 25 25 191 8 8 8 63 0 0 0 0 0 0 0 0 0 0 0 0 
0 0 0 0 0 0 0 0 0 0 0 0 0 0 0 0 0 0 0 0 0 0 0 0 0 0 0 0 8 8 8 63 25 25 25 191 58 39 36 255 107 51 40 255 131 56 42 255 131 56 42 255 127 56 41 255 119 56 40 255 115 56 39 255 115 56 39 255 115 56 39 255 115 56 39 255 136 90 75 255 177 159 149 255 181 159 150 255 148 91 78 255 131 56 42 255 131 56 42 255 107 51 40 255 58 39 36 255 25 25 25 191 8 8 8 63 0 0 0 0 0 0 0 0 0 0 0 0 
0 0 0 0 0 0 0 0 0 0 0 0 0 0 0 0 0 0 0 0 0 0 0 0 0 0 0 0 8 8 8 63 25 25 25 191 52 36 36 255 90 40 42 255 109 42 45 255 109 42 45 255 97 42 43 255 73 41 38 255 61 41 35 255 61 41 35 255 61 41 35 255 61 41 35 255 68 52 48 255 81 75 72 255 93 76 74 255 104 53 55 255 109 42 45 255 109 42 45 255 90 40 42 255 52 36 36 255 25 25 25 191 8 8 8 63 0 0 0 0 0 0 0 0 0 0 0 0 
0 0 0 0 0 0 0 0 0 0 0 0 0 0 0 0 0 0 0 0 0 0 0 0 0 0 0 0 8 8 8 63 25 25 25 191 49 34 37 255 81 34 43 255 94 34 46 255 86 34 44 255 67 32 39 239 39 27 30 207 25 25 25 191 25 25 25 191 25 25 25 191 25 25 25 191 27 27 27 207 31 31 31 239 49 34 37 255 81 34 43 255 94 34 46 255 86 34 44 255 67 32 39 239 39 27 30 207 19 19 19 143 6 6 6 47 0 0 0 0 0 0 0 0 0 0 0 0 
0 0 0 0 0 0 0 0 0 0 0 0 0 0 0 0 0 0 0 0 0 0 0 0 0 0 0 0 8 8 8 63 25 25 25 191 49 34 37 255 81 34 43 255 86 34 44 255 62 34 39 255 39 27 30 207 18 14 15 111 8 8 8 63 8 8 8 63 8 8 8 63 8 8 8 63 14 14 14 111 27 27 27 207 49 34 37 255 81 34 43 255 86 34 44 255 62 34 39 255 39 27 30 207 18 14 15 111 6 6 6 47 2 2 2 15 0 0 0 0 0 0 0 0 0 0 0 0 
0 0 0 0 0 0 0 0 0 0 0 0 0 0 0 0 0 0 0 0 0 0 0 0 0 0 0 0 8 8 8 63 25 25 25 191 46 34 36 255 70 34 41 255 67 32 39 239 39 27 30 207 19 19 19 143 6 6 6 47 0 0 0 0 0 0 0 0 0 0 0 0 0 0 0 0 8 8 8 63 25 25 25 191 45 34 36 255 70 34 41 255 67 32 39 239 39 27 30 207 19 19 19 143 6 6 6 47 0 0 0 0 0 0 0 0 0 0 0 0 0 0 0 0 0 0 0 0 
0 0 0 0 0 0 0 0 0 0 0 0 0 0 0 0 0 0 0 0 0 0 0 0 0 0 0 0 8 8 8 63 25 25 25 191 38 34 34 255 46 34 36 255 39 27 30 207 18 14 15 111 6 6 6 47 2 2 2 15 0 0 0 0 0 0 0 0 0 0 0 0 0 0 0 0 8 8 8 63 25 25 25 191 38 34 34 255 46 34 36 255 39 27 30 207 18 14 15 111 6 6 6 47 2 2 2 15 0 0 0 0 0 0 0 0 0 0 0 0 0 0 0 0 0 0 0 0 
0 0 0 0 0 0 0 0 0 0 0 0 0 0 0 0 0 0 0 0 0 0 0 0 0 0 0 0 8 8 8 63 25 25 25 191 37 34 34 255 45 34 36 255 39 27 30 207 18 14 15 111 6 6 6 47 2 2 2 15 0 0 0 0 0 0 0 0 0 0 0 0 0 0 0 0 8 8 8 63 25 25 25 191 37 34 34 255 45 34 36 255 39 27 30 207 18 14 15 111 6 6 6 47 2 2 2 15 0 0 0 0 0 0 0 0 0 0 0 0 0 0 0 0 0 0 0 0 
