0 0 0 0 0 0 0 0 0 0 0 0 0 0 0 0 0 0 0 0 0 0 0 0 0 0 0 0 0 0 0 0 0 0 0 0 0 0 0 0 0 0 0 0 0 0 0 0 0 0 0 0 0 0 0 0 0 0 0 0 0 0 0 0 0 0 0 0 0 0 0 0 0 0 0 0 0 0 0 0 0 0 0 0 0 0 0 0 0 0 0 0 0 0 0 0 0 0 0 0 0 0 0 0 0 0 0 0 0 0 0 0 0 0 0 0 0 0 0 0 0 0 0 0 0 0 0 0 
0 0 0 0 0 0 0 0 0 0 0 0 0 0 0 0 0 0 0 0 0 0 0 0 0 0 0 0 0 0 0 0 0 0 0 0 0 0 0 0 0 0 0 0 0 0 0 0 0 0 0 0 0 0 0 0 0 0 0 0 0 0 0 0 0 0 0 0 0 0 0 0 0 0 0 0 0 0 0 0 0 0 0 0 0 0 0 0 0 0 0 0 0 0 0 0 0 0 0 0 0 0 0 0 0 0 0 0 0 0 0 0 0 0 0 0 0 0 0 0 0 0 0 0 0 0 0 0 
0 0 0 0 0 0 0 0 0 0 0 0 0 0 0 0 0 0 0 0 0 0 0 0 0 0 0 0 0 0 0 0 0 0 0 0 0 0 0 0 0 0 0 0 0 0 0 0 0 0 0 0 0 0 0 0 0 0 0 0 0 0 0 0 0 0 0 0 0 0 0 0 0 0 0 0 0 0 0 0 0 0 0 0 0 0 0 0 0 0 0 0 0 0 0 0 0 0 0 0 0 0 0 0 0 0 0 0 0 0 0 0 0 0 0 0 0 0 0 0 0 0 0 0 0 0 0 0 
0 0 0 0 0 0 0 0 0 0 0 0 0 0 0 0 0 0 0 0 0 0 0 0 0 0 0 0 2 2 2 15 6 6 6 47 8 8 8 63 8 8 8 63 8 8 8 63 8 8 8 63 8 8 8 63 8 8 8 63 8 8 8 63 8 8 8 63 8 8 8 63 8 8 8 63 8 8 8 63 8 8 8 63 8 8 8 63 8 8 8 63 6 6 6 47 2 2 2 15 0 0 0 0 0 0 0 0 0 0 0 0 0 0 0 0 0 0 0 0 0 0 0 0 0 0 0 0 
0 0 0 0 0 0 0 0 0 0 0 0 0 0 0 0 0 0 0 0 0 0 0 0 0 0 0 0 6 6 6 47 19 19 19 143 25 25 25 191 25 25 25 191 25 25 25 191 25 25 25 191 25 25 25 191 25 25 25 191 25 25 25 191 25 25 25 191 25 25 25 191 25 25 25 191 25 25 25 191 25 25 25 191 25 25 25 191 25 25 25 191 19 19 19 143 6 6 6 47 0 0 0 0 0 0 0 0 0 0 0 0 0 0 0 0 0 0 0 0 0 0 0 0 0 0 0 0 
0 0 0 0 0 0 0 0 0 0 0 0 0 0 0 0 0 0 0 0 2 2 2 15 6 6 6 47 16 19 21 111 33 42 46 207 47 60 55 255 57 73 45 255 63 80 41 255 63 80 41 255 63 80 41 255 63 80 41 255 63 80 41 255 63 80 41 255 63 80 41 255 63 80 41 255 63 80 41 255 63 80 41 255 63 80 41 255 63 80 41 255 49 62 33 207 22 26 16 111 6 6 6 47 2 2 2 15 0 0 0 0 0 0 0 0 0 0 0 0 0 0 0 0 0 0 0 0 
0 0 0 0 0 0 0 0 0 0 0 0 0 0 0 0 0 0 0 0 6 6 6 47 19 19 19 143 33 42 46 207 49 75 89 239 73 112 97 255 105 152 69 255 121 171 55 255 121 171 55 255 121 171 55 255 121 171 55 255 121 171 55 255 121 171 55 255 121 171 55 255 121 171 55 255 121 171 55 255 121 171 55 255 121 171 55 255 121 171 55 255 97 135 48 239 49 62 33 207 19 19 19 143 6 6 6 47 0 0 0 0 0 0 0 0 0 0 0 0 0 0 0 0 0 0 0 0 
0 0 0 0 0 0 0 0 0 0 0 0 0 0 0 0 0 0 0 0 8 8 8 63 25 25 25 191 41 53 59 255 57 92 111 255 86 138 118 255 129 191 81 255 146 214 68 255 136 208 78 255 131 205 83 255 131 205 83 255 136 208 78 255 146 214 68 255 151 218 63 255 151 218 63 255 151 218 63 255 151 218 63 255 146 214 68 255 136 208 78 255 107 162 70 255 58 76 46 255 25 25 25 191 8 8 8 63 0 0 0 0 0 0 0 0 0 0 0 0 0 0 0 0 0 0 0 0 
0 0 0 0 0 0 0 0 0 0 0 0 0 0 0 0 0 0 0 0 8 8 8 63 25 25 25 191 41 53 59 255 57 92 111 255 86 138 118 255 129 191 81 255 136 208 78 255 107 189 108 255 92 179 123 255 92 179 123 255 107 189 108 255 136 208 78 255 151 218 63 255 151 218 63 255 151 218 63 255 151 218 63 255 136 208 78 255 107 189 108 255 77 143 101 255 48 70 56 255 25 25 25 191 8 8 8 63 0 0 0 0 0 0 0 0 0 0 0 0 0 0 0 0 0 0 0 0 
0 0 0 0 0 0 0 0 0 0 0 0 0 0 0 0 0 0 0 0 8 8 8 63 25 25 25 191 41 53 59 255 57 92 111 255 86 138 118 255 129 191 81 255 129 196 76 255 85 154 103 255 63 133 116 255 63 133 116 255 85 154 103 255 129 196 76 255 151 218 63 255 151 218 63 255 151 218 63 255 151 218 63 255 129 196 76 255 85 154 103 255 55 108 95 255 41 58 54 255 25 25 25 191 8 8 8 63 0 0 0 0 0 0 0 0 0 0 0 0 0 0 0 0 0 0 0 0 
0 0 0 0 0 0 0 0 0 0 0 0 0 0 0 0 0 0 0 0 8 8 8 63 25 25 25 191 41 53 59 255 57 92 111 255 86 138 118 255 129 191 81 255 124 180 62 255 70 104 61 255 43 67 61 255 43 67 61 255 70 104 61 255 124 180 62 255 151 218 63 255 151 218 63 255 151 218 63 255 151 218 63 255 124 180 62 255 70 104 61 255 41 58 54 255 36 42 40 255 25 25 25 191 8 8 8 63 0 0 0 0 0 0 0 0 0 0 0 0 0 0 0 0 0 0 0 0 
0 0 0 0 0 0 0 0 0 0 0 0 0 0 0 0 0 0 0 0 8 8 8 63 25 25 25 191 41 53 59 255 57 92 111 255 86 138 118 255 129 191 81 255 121 172 55 255 63 80 41 255 34 34 34 255 34 34 34 255 63 79 41 255 121 171 55 255 151 218 63 255 151 218 63 255 151 218 63 255 151 218 63 255 121 171 55 255 63 80 41 255 34 34 34 255 34 34 34 255 25 25 25 191 8 8 8 63 0 0 0 0 0 0 0 0 0 0 0 0 0 0 0 0 0 0 0 0 
0 0 0 0 0 0 0 0 0 0 0 0 0 0 0 0 0 0 0 0 8 8 8 63 25 25 25 191 41 53 59 255 57 92 111 255 86 138 118 255 129 191 81 255 121 172 55 255 63 80 41 255 34 34 34 255 34 34 34 255 63 79 41 255 121 171 55 255 151 218 63 255 151 218 63 255 151 218 63 255 151 218 63 255 121 171 55 255 63 80 41 255 34 34 34 255 34 34 34 255 25 25 25 191 8 8 8 63 0 0 0 0 0 0 0 0 0 0 0 0 0 0 0 0 0 0 0 0 
0 0 0 0 0 0 0 0 0 0 0 0 0 0 0 0 0 0 0 0 8 8 8 63 25 25 25 191 41 53 59 255 57 92 111 255 86 138 118 255 129 191 81 255 124 180 62 255 70 104 61 255 43 67 61 255 43 67 61 255 70 104 61 255 124 180 62 255 151 218 63 255 151 218 63 255 151 218 63 255 151 218 63 255 124 180 62 255 70 104 61 255 41 58 54 255 36 42 40 255 25 25 25 191 8 8 8 63 0 0 0 0 0 0 0 0 0 0 0 0 0 0 0 0 0 0 0 0 
0 0 0 0 0 0 0 0 0 0 0 0 0 0 0 0 0 0 0 0 8 8 8 63 25 25 25 191 41 53 59 255 57 92 111 255 86 138 118 255 129 191 81 255 129 196 76 255 85 154 103 255 63 133 116 255 63 133 116 255 85 154 103 255 129 196 76 255 151 218 63 255 151 218 63 255 151 218 63 255 151 218 63 255 129 196 76 255 85 154 103 255 55 108 95 255 41 58 54 255 25 25 25 191 8 8 8 63 0 0 0 0 0 0 0 0 0 0 0 0 0 0 0 0 0 0 0 0 
0 0 0 0 0 0 0 0 0 0 0 0 0 0 0 0 0 0 0 0 8 8 8 63 25 25 25 191 42 56 60 255 58 102 112 255 87 148 119 255 129 194 81 255 129 196 76 255 85 154 103 255 70 145 118 255 85 168 121 255 99 177 106 255 114 173 72 255 129 183 57 255 143 206 61 255 143 206 61 255 129 183 57 255 114 173 72 255 99 177 106 255 80 151 108 255 55 95 77 255 32 50 46 191 10 16 15 63 0 0 0 0 0 0 0 0 0 0 0 0 0 0 0 0 0 0 0 0 
0 0 0 0 0 0 0 0 0 0 0 0 0 0 0 0 0 0 0 0 8 8 8 63 25 25 25 191 43 63 61 255 61 123 115 255 90 169 122 255 130 201 82 255 124 180 62 255 70 104 61 255 65 101 66 255 109 170 77 255 114 173 72 255 80 111 51 255 85 114 46 255 129 183 57 255 129 183 57 255 85 114 46 255 80 111 51 255 114 173 72 255 114 187 91 255 80 151 108 255 47 100 87 191 15 33 29 63 0 0 0 0 0 0 0 0 0 0 0 0 0 0 0 0 0 0 0 0 
0 0 0 0 0 0 0 0 0 0 0 0 0 0 0 0 0 0 0 0 8 8 8 63 25 25 25 191 41 58 54 255 55 108 95 255 80 151 108 255 114 187 91 255 107 162 70 255 58 76 46 255 55 68 39 255 99 137 50 255 99 137 50 255 55 68 39 255 63 80 41 255 121 171 55 255 121 171 55 255 63 80 41 255 58 76 46 255 107 162 70 255 114 187 91 255 80 151 108 255 47 100 87 191 15 33 29 63 0 0 0 0 0 0 0 0 0 0 0 0 0 0 0 0 0 0 0 0 
0 0 0 0 0 0 0 0 0 0 0 0 0 0 0 0 0 0 0 0 8 8 8 63 25 25 25 191 36 42 40 255 41 58 54 255 55 95 77 255 80 151 108 255 77 143 101 255 48 70 56 255 41 45 35 255 55 68 39 255 55 68 39 255 41 45 35 255 63 80 41 255 121 171 55 255 121 171 55 255 63 80 41 255 48 70 56 255 77 143 101 255 80 151 108 255 55 95 77 255 32 50 46 191 10 16 15 63 0 0 0 0 0 0 0 0 0 0 0 0 0 0 0 0 0 0 0 0 
0 0 0 0 0 0 0 0 0 0 0 0 0 0 0 0 0 0 0 0 8 8 8 63 25 25 25 191 34 34 34 255 34 34 34 255 41 58 54 255 55 108 95 255 55 108 95 255 41 58 54 255 34 34 34 255 34 34 34 255 34 34 34 255 34 34 34 255 58 76 46 255 107 162 70 255 107 162 70 255 58 76 46 255 41 58 54 255 55 108 95 255 55 108 95 255 41 58 54 255 25 25 25 191 8 8 8 63 0 0 0 0 0 0 0 0 0 0 0 0 0 0 0 0 0 0 0 0 
0 0 0 0 0 0 0 0 0 0 0 0 0 0 0 0 0 0 0 0 8 8 8 63 25 25 25 191 34 34 34 255 34 34 34 255 36 42 40 255 41 58 54 255 41 58 54 255 36 42 40 255 34 34 34 255 34 34 34 255 34 34 34 255 34 34 34 255 48 70 56 255 77 143 101 255 77 143 101 255 48 70 56 255 36 42 40 255 41 58 54 255 41 58 54 255 36 42 40 255 25 25 25 191 8 8 8 63 0 0 0 0 0 0 0 0 0 0 0 0 0 0 0 0 0 0 0 0 
0 0 0 0 0 0 0 0 0 0 0 0 2 2 2 15 6 6 6 47 14 14 14 111 27 27 27 207 34 34 34 255 34 34 34 255 34 34 34 255 34 34 34 255 34 34 34 255 34 34 34 255 34 34 34 255 34 34 34 255 34 34 34 255 34 34 34 255 41 58 54 255 55 108 95 255 55 108 95 255 41 58 54 255 34 34 34 255 34 34 34 255 34 34 34 255 34 34 34 255 27 27 27 207 14 14 14 111 6 6 6 47 2 2 2 15 0 0 0 0 0 0 0 0 0 0 0 0 
0 0 0 0 0 0 0 0 0 0 0 0 6 6 6 47 19 19 19 143 27 27 27 207 31 31 31 239 34 34 34 255 34 34 34 255 34 34 34 255 34 34 34 255 34 34 34 255 34 34 34 255 34 34 34 255 34 34 34 255 34 34 34 255 34 34 34 255 36 42 40 255 41 58 54 255 41 58 54 255 36 42 40 255 34 34 34 255 34 34 34 255 34 34 34 255 34 34 34 255 31 31 31 239 27 27 27 207 19 19 19 143 6 6 6 47 0 0 0 0 0 0 0 0 0 0 0 0 
2 2 2 15 2 2 2 15 6 6 6 47 14 14 14 111 27 27 27 207 36 42 40 255 41 58 54 255 41 58 54 255 36 42 40 255 34 34 34 255 34 34 34 255 34 34 34 255 34 34 34 255 36 42 40 255 41 58 54 255 41 58 54 255 36 42 40 255 34 34 34 255 34 34 34 255 34 34 34 255 34 34 34 255 34 34 34 255 34 34 34 255 34 34 34 255 34 34 34 255 34 34 34 255 34 34 34 255 27 27 27 207 14 14 14 111 6 6 6 47 2 2 2 15 2 2 2 15 
6 6 6 47 6 6 6 47 19 19 19 143 27 27 27 207 31 31 31 239 41 58 54 255 55 108 95 255 55 108 95 255 41 58 54 255 34 34 34 255 34 34 34 255 34 34 34 255 34 34 34 255 41 58 54 255 55 108 95 255 55 108 95 255 41 58 54 255 34 34 34 255 34 34 34 255 34 34 34 255 34 34 34 255 34 34 34 255 34 34 34 255 34 34 34 255 34 34 34 255 34 34 34 255 34 34 34 255 31 31 31 239 27 27 27 207 19 19 19 143 6 6 6 47 6 6 6 47 
8 8 8 63 8 8 8 63 25 25 25 191 34 34 34 255 34 34 34 255 43 67 61 255 63 133 116 255 63 133 116 255 43 67 61 255 36 42 40 255 41 58 54 255 41 58 54 255 36 42 40 255 48 70 56 255 77 143 101 255 77 143 101 255 48 70 56 255 36 42 40 255 41 58 54 255 41 58 54 255 36 42 40 255 36 42 40 255 41 58 54 255 41 58 54 255 36 42 40 255 36 42 40 255 41 58 54 255 41 58 54 255 36 42 40 255 25 25 25 191 8 8 8 63 8 8 8 63 
8 8 8 63 8 8 8 63 25 25 25 191 34 34 34 255 34 34 34 255 43 67 61 255 63 133 116 255 63 133 116 255 43 67 61 255 41 58 54 255 55 108 95 255 55 108 95 255 41 58 54 255 58 76 46 255 107 162 70 255 107 162 70 255 58 76 46 255 41 58 54 255 55 108 95 255 55 108 95 255 41 58 54 255 41 58 54 255 55 108 95 255 55 108 95 255 41 58 54 255 41 58 54 255 55 108 95 255 55 108 95 255 41 58 54 255 25 25 25 191 8 8 8 63 8 8 8 63 
8 8 8 63 8 8 8 63 25 25 25 191 35 38 40 255 39 48 53 255 49 78 80 255 63 128 121 255 63 128 121 255 49 78 80 255 49 81 80 255 65 138 122 255 65 142 123 255 51 92 82 255 70 104 61 255 124 180 62 255 129 183 57 255 85 114 46 255 70 104 61 255 85 154 103 255 85 154 103 255 70 104 61 255 70 104 61 255 85 154 103 255 85 154 103 255 70 104 61 255 70 104 61 255 85 154 103 255 77 143 101 255 48 70 56 255 25 25 25 191 8 8 8 63 8 8 8 63 
8 8 8 63 8 8 8 63 25 25 25 191 39 48 53 255 51 77 91 255 59 100 118 255 64 117 131 255 64 117 131 255 59 100 118 255 61 111 119 255 69 148 135 255 70 158 137 255 65 142 123 255 85 154 103 255 129 196 76 255 143 206 61 255 129 183 57 255 124 180 62 255 129 196 76 255 129 196 76 255 124 180 62 255 124 180 62 255 129 196 76 255 129 196 76 255 124 180 62 255 124 180 62 255 129 196 76 255 107 162 70 255 58 76 46 255 25 25 25 191 8 8 8 63 8 8 8 63 
8 8 8 63 8 8 8 63 25 25 25 191 39 48 53 255 51 77 91 255 57 92 111 255 57 92 111 255 57 92 111 255 57 92 111 255 58 102 112 255 61 123 115 255 63 133 116 255 63 133 116 255 77 143 101 255 107 162 70 255 121 171 55 255 121 171 55 255 121 171 55 255 121 171 55 255 121 171 55 255 121 171 55 255 121 171 55 255 121 171 55 255 121 171 55 255 121 171 55 255 121 171 55 255 121 171 55 255 99 137 50 255 55 68 39 255 25 25 25 191 8 8 8 63 8 8 8 63 
8 8 8 63 8 8 8 63 25 25 25 191 35 38 40 255 39 48 53 255 41 53 59 255 41 53 59 255 41 53 59 255 41 53 59 255 42 56 60 255 43 63 61 255 43 67 61 255 43 67 61 255 48 70 56 255 58 76 46 255 63 80 41 255 63 80 41 255 63 80 41 255 63 80 41 255 63 80 41 255 63 80 41 255 63 80 41 255 63 80 41 255 63 80 41 255 63 80 41 255 63 80 41 255 63 80 41 255 55 68 39 255 41 45 35 255 25 25 25 191 8 8 8 63 8 8 8 63 
8 8 8 63 8 8 8 63 25 25 25 191 35 38 40 255 39 48 53 255 41 53 59 255 41 53 59 255 41 53 59 255 41 53 59 255 42 56 60 255 43 63 61 255 43 67 61 255 43 67 61 255 48 70 56 255 58 76 46 255 63 80 41 255 63 80 41 255 63 80 41 255 63 80 41 255 63 80 41 255 63 80 41 255 63 80 41 255 63 80 41 255 63 80 41 255 63 80 41 255 63 80 41 255 63 80 41 255 55 68 39 255 41 45 35 255 25 25 25 191 8 8 8 63 8 8 8 63 
