0 0 0 0 0 0 0 0 0 0 0 0 0 0 0 0 0 0 0 0 0 0 0 0 0 0 0 0 0 0 0 0 0 0 0 0 0 0 0 0 0 0 0 0 0 0 0 0 0 0 0 0 0 0 0 0 0 0 0 0 0 0 0 0 0 0 0 0 0 0 0 0 0 0 0 0 0 0 0 0 0 0 0 0 0 0 0 0 0 0 0 0 0 0 0 0 0 0 0 0 0 0 0 0 0 0 0 0 0 0 0 0 0 0 0 0 0 0 0 0 0 0 0 0 0 0 0 0 
0 0 0 0 0 0 0 0 0 0 0 0 0 0 0 0 0 0 0 0 0 0 0 0 0 0 0 0 0 0 0 0 0 0 0 0 0 0 0 0 0 0 0 0 0 0 0 0 0 0 0 0 0 0 0 0 0 0 0 0 0 0 0 0 0 0 0 0 0 0 0 0 0 0 0 0 0 0 0 0 0 0 0 0 0 0 0 0 0 0 0 0 0 0 0 0 0 0 0 0 0 0 0 0 0 0 0 0 0 0 0 0 0 0 0 0 0 0 0 0 0 0 0 0 0 0 0 0 
0 0 0 0 0 0 0 0 0 0 0 0 0 0 0 0 0 0 0 0 0 0 0 0 0 0 0 0 0 0 0 0 0 0 0 0 0 0 0 0 0 0 0 0 0 0 0 0 0 0 0 0 0 0 0 0 0 0 0 0 0 0 0 0 0 0 0 0 0 0 0 0 0 0 0 0 0 0 0 0 0 0 0 0 0 0 0 0 0 0 0 0 0 0 0 0 0 0 0 0 0 0 0 0 0 0 0 0 0 0 0 0 0 0 0 0 0 0 0 0 0 0 0 0 0 0 0 0 
0 0 0 0 0 0 0 0 0 0 0 0 0 0 0 0 0 0 0 0 0 0 0 0 0 0 0 0 0 0 0 0 0 0 0 0 0 0 0 0 0 0 0 0 0 0 0 0 0 0 0 0 0 0 0 0 0 0 0 0 0 0 0 0 0 0 0 0 0 0 0 0 0 0 0 0 0 0 0 0 0 0 0 0 0 0 0 0 0 0 0 0 0 0 0 0 0 0 0 0 0 0 0 0 0 0 0 0 0 0 0 0 0 0 0 0 0 0 0 0 0 0 0 0 0 0 0 0 
0 0 0 0 0 0 0 0 0 0 0 0 0 0 0 0 0 0 0 0 0 0 0 0 0 0 0 0 0 0 0 0 0 0 0 0 0 0 0 0 0 0 0 0 0 0 0 0 0 0 0 0 0 0 0 0 0 0 0 0 0 0 0 0 0 0 0 0 0 0 0 0 0 0 0 0 0 0 0 0 0 0 0 0 0 0 0 0 0 0 0 0 0 0 0 0 0 0 0 0 0 0 0 0 0 0 0 0 0 0 0 0 0 0 0 0 0 0 0 0 0 0 0 0 0 0 0 0 
0 0 0 0 0 0 0 0 0 0 0 0 0 0 0 0 0 0 0 0 0 0 0 0 0 0 0 0 0 0 0 0 0 0 0 0 0 0 0 0 0 0 0 0 0 0 0 0 0 0 0 0 0 0 0 0 0 0 0 0 0 0 0 0 0 0 0 0 0 0 0 0 0 0 0 0 0 0 0 0 0 0 0 0 0 0 0 0 0 0 0 0 0 0 0 0 0 0 0 0 0 0 0 0 0 0 0 0 0 0 0 0 0 0 0 0 0 0 0 0 0 0 0 0 0 0 0 0 
0 0 0 0 0 0 0 0 0 0 0 0 0 0 0 0 0 0 0 0 0 0 0 0 0 0 0 0 0 0 0 0 0 0 0 0 0 0 0 0 0 0 0 0 0 0 0 0 0 0 0 0 0 0 0 0 0 0 0 0 0 0 0 0 0 0 0 0 0 0 0 0 0 0 0 0 0 0 0 0 0 0 0 0 0 0 0 0 0 0 0 0 0 0 0 0 0 0 0 0 0 0 0 0 0 0 0 0 0 0 0 0 0 0 0 0 0 0 0 0 0 0 0 0 0 0 0 0 
0 0 0 0 0 0 0 0 0 0 0 0 0 0 0 0 0 0 0 0 0 0 0 0 0 0 0 0 0 0 0 0 0 0 0 0 0 0 0 0 0 0 0 0 0 0 0 0 0 0 0 0 0 0 0 0 0 0 0 0 0 0 0 0 0 0 0 0 0 0 0 0 0 0 0 0 0 0 0 0 0 0 0 0 0 0 0 0 0 0 0 0 0 0 0 0 0 0 0 0 0 0 0 0 0 0 0 0 0 0 0 0 0 0 0 0 0 0 0 0 0 0 0 0 0 0 0 0 
0 0 0 0 0 0 0 0 0 0 0 0 0 0 0 0 0 0 0 0 0 0 0 0 0 0 0 0 0 0 0 0 0 0 0 0 0 0 0 0 0 0 0 0 0 0 0 0 0 0 0 0 0 0 0 0 0 0 0 0 0 0 0 0 0 0 0 0 0 0 0 0 0 0 0 0 0 0 0 0 0 0 0 0 0 0 0 0 0 0 0 0 0 0 0 0 0 0 0 0 0 0 0 0 0 0 0 0 0 0 0 0 0 0 0 0 0 0 0 0 0 0 0 0 0 0 0 0 
0 0 0 0 0 0 0 0 0 0 0 0 0 0 0 0 0 0 0 0 0 0 0 0 0 0 0 0 0 0 0 0 0 0 0 0 0 0 0 0 0 0 0 0 0 0 0 0 0 0 0 0 0 0 0 0 0 0 0 0 0 0 0 0 0 0 0 0 0 0 0 0 0 0 0 0 0 0 0 0 0 0 0 0 0 0 0 0 0 0 0 0 0 0 0 0 0 0 0 0 0 0 0 0 0 0 0 0 0 0 0 0 0 0 0 0 0 0 0 0 0 0 0 0 0 0 0 0 
0 0 0 0 0 0 0 0 0 0 0 0 0 0 0 0 0 0 0 0 0 0 0 0 0 0 0 0 0 0 0 0 0 0 0 0 0 0 0 0 0 0 0 0 0 0 0 0 0 0 0 0 0 0 0 0 0 0 0 0 0 0 0 0 0 0 0 0 0 0 0 0 0 0 0 0 0 0 0 0 0 0 0 0 0 0 0 0 0 0 0 0 0 0 0 0 0 0 0 0 0 0 0 0 0 0 0 0 0 0 0 0 0 0 0 0 0 0 0 0 0 0 0 0 0 0 0 0 
0 0 0 0 0 0 0 0 0 0 0 0 0 0 0 0 0 0 0 0 0 0 0 0 0 0 0 0 2 2 2 15 6 6 6 47 8 8 8 63 8 8 8 63 8 8 8 63 8 8 8 63 8 8 8 63 8 8 8 63 8 8 8 63 8 8 8 63 8 8 8 63 8 8 8 63 8 8 8 63 8 8 8 63 8 8 8 63 8 8 8 63 8 8 8 63 8 8 8 63 6 6 6 47 2 2 2 15 0 0 0 0 0 0 0 0 0 0 0 0 0 0 0 0 0 0 0 0 
0 0 0 0 0 0 0 0 0 0 0 0 0 0 0 0 0 0 0 0 0 0 0 0 0 0 0 0 6 6 6 47 19 19 19 143 25 25 25 191 25 25 25 191 25 25 25 191 25 25 25 191 25 25 25 191 25 25 25 191 25 25 25 191 25 25 25 191 25 25 25 191 25 25 25 191 25 25 25 191 25 25 25 191 25 25 25 191 25 25 25 191 25 25 25 191 25 25 25 191 19 19 19 143 6 6 6 47 0 0 0 0 0 0 0 0 0 0 0 0 0 0 0 0 0 0 0 0 
0 0 0 0 0 0 0 0 0 0 0 0 0 0 0 0 0 0 0 0 0 0 0 0 0 0 0 0 8 8 8 63 25 25 25 191 45 43 42 255 67 63 59 255 78 73 67 255 78 73 67 255 78 73 67 255 78 73 67 255 78 73 67 255 78 73 67 255 78 73 67 255 78 73 67 255 78 73 67 255 78 73 67 255 78 73 67 255 78 73 67 255 67 63 59 255 45 43 42 255 25 25 25 191 8 8 8 63 0 0 0 0 0 0 0 0 0 0 0 0 0 0 0 0 0 0 0 0 
0 0 0 0 0 0 0 0 0 0 0 0 0 0 0 0 0 0 0 0 0 0 0 0 0 0 0 0 8 8 8 63 25 25 25 191 67 63 59 255 133 122 109 255 166 151 135 255 166 151 135 255 166 151 135 255 166 151 135 255 166 151 135 255 166 151 135 255 166 151 135 255 166 151 135 255 166 151 135 255 166 151 135 255 166 151 135 255 166 151 135 255 133 122 109 255 67 63 59 255 25 25 25 191 8 8 8 63 0 0 0 0 0 0 0 0 0 0 0 0 0 0 0 0 0 0 0 0 
0 0 0 0 0 0 0 0 0 0 0 0 0 0 0 0 0 0 0 0 0 0 0 0 0 0 0 0 8 8 8 63 25 25 25 191 78 73 67 255 166 151 135 255 211 191 169 255 211 191 169 255 199 181 160 255 177 161 143 255 166 151 135 255 166 151 135 255 177 161 143 255 199 181 160 255 211 191 169 255 211 191 169 255 199 181 160 255 177 161 143 255 133 122 109 255 67 63 59 255 25 25 25 191 8 8 8 63 0 0 0 0 0 0 0 0 0 0 0 0 0 0 0 0 0 0 0 0 
0 0 0 0 0 0 0 0 0 0 0 0 0 0 0 0 0 0 0 0 0 0 0 0 0 0 0 0 8 8 8 63 25 25 25 191 78 73 67 255 166 151 135 255 211 191 169 255 211 191 169 255 177 161 143 255 111 102 93 255 78 73 67 255 78 73 67 255 111 102 93 255 177 161 143 255 211 191 169 255 211 191 169 255 177 161 143 255 111 102 93 255 67 63 59 255 45 43 42 255 25 25 25 191 8 8 8 63 0 0 0 0 0 0 0 0 0 0 0 0 0 0 0 0 0 0 0 0 
0 0 0 0 0 0 0 0 0 0 0 0 0 0 0 0 0 0 0 0 0 0 0 0 0 0 0 0 8 8 8 63 25 25 25 191 78 73 67 255 166 151 135 255 211 191 169 255 211 191 169 255 166 151 135 255 78 73 67 255 34 34 34 255 34 34 34 255 78 73 67 255 166 151 135 255 211 191 169 255 211 191 169 255 166 151 135 255 78 73 67 255 34 34 34 255 34 34 34 255 25 25 25 191 8 8 8 63 0 0 0 0 0 0 0 0 0 0 0 0 0 0 0 0 0 0 0 0 
0 0 0 0 0 0 0 0 0 0 0 0 0 0 0 0 0 0 0 0 0 0 0 0 0 0 0 0 8 8 8 63 25 25 25 191 78 73 67 255 166 151 135 255 211 191 169 255 211 191 169 255 166 151 135 255 78 73 67 255 34 34 34 255 34 34 34 255 78 73 67 255 166 151 135 255 211 191 169 255 211 191 169 255 166 151 135 255 78 73 67 255 34 34 34 255 34 34 34 255 25 25 25 191 8 8 8 63 0 0 0 0 0 0 0 0 0 0 0 0 0 0 0 0 0 0 0 0 
0 0 0 0 0 0 0 0 0 0 0 0 0 0 0 0 0 0 0 0 0 0 0 0 0 0 0 0 8 8 8 63 25 25 25 191 78 73 67 255 166 151 135 255 211 191 169 255 211 191 169 255 168 156 138 255 83 88 76 255 40 54 45 255 40 54 45 255 83 88 76 255 168 156 138 255 211 191 169 255 211 191 169 255 168 156 138 255 83 88 76 255 39 49 42 255 35 39 36 255 25 25 25 191 8 8 8 63 0 0 0 0 0 0 0 0 0 0 0 0 0 0 0 0 0 0 0 0 
0 0 0 0 0 0 0 0 0 0 0 0 0 0 0 0 0 0 0 0 0 0 0 0 0 0 0 0 8 8 8 63 25 25 25 191 78 73 67 255 166 151 135 255 211 191 169 255 211 191 169 255 171 166 143 255 93 118 93 255 54 94 67 255 54 94 67 255 93 118 93 255 171 166 143 255 211 191 169 255 211 191 169 255 171 166 143 255 93 118 93 255 49 79 59 255 39 49 42 255 25 25 25 191 8 8 8 63 0 0 0 0 0 0 0 0 0 0 0 0 0 0 0 0 0 0 0 0 
0 0 0 0 0 0 0 0 0 0 0 0 0 0 0 0 0 0 0 0 0 0 0 0 0 0 0 0 8 8 8 63 25 25 25 191 78 73 67 255 166 151 135 255 211 191 169 255 211 191 169 255 173 172 146 255 98 134 101 255 60 115 79 255 60 115 79 255 98 134 101 255 173 172 146 255 211 191 169 255 211 191 169 255 173 172 146 255 98 134 101 255 54 94 67 255 40 54 45 255 25 25 25 191 8 8 8 63 0 0 0 0 0 0 0 0 0 0 0 0 0 0 0 0 0 0 0 0 
0 0 0 0 0 0 0 0 0 0 0 0 0 0 0 0 0 0 0 0 0 0 0 0 0 0 0 0 8 8 8 63 25 25 25 191 78 73 67 255 166 151 135 255 211 191 169 255 211 191 169 255 173 172 146 255 98 134 101 255 60 115 79 255 60 115 79 255 98 134 101 255 173 172 146 255 211 191 169 255 211 191 169 255 173 172 146 255 98 134 101 255 54 94 67 255 40 54 45 255 25 25 25 191 8 8 8 63 0 0 0 0 0 0 0 0 0 0 0 0 0 0 0 0 0 0 0 0 
0 0 0 0 0 0 0 0 0 0 0 0 0 0 0 0 0 0 0 0 0 0 0 0 0 0 0 0 8 8 8 63 25 25 25 191 78 73 67 255 166 151 135 255 211 191 169 255 211 191 169 255 173 172 146 255 98 134 101 255 60 115 79 255 60 115 79 255 98 134 101 255 173 172 146 255 211 191 169 255 211 191 169 255 173 172 146 255 98 134 101 255 54 94 67 255 40 54 45 255 25 25 25 191 8 8 8 63 0 0 0 0 0 0 0 0 0 0 0 0 0 0 0 0 0 0 0 0 
0 0 0 0 0 0 0 0 0 0 0 0 0 0 0 0 0 0 0 0 0 0 0 0 0 0 0 0 8 8 8 63 25 25 25 191 78 73 67 255 166 151 135 255 211 191 169 255 211 191 169 255 173 172 146 255 98 134 101 255 60 115 79 255 60 115 79 255 98 134 101 255 173 172 146 255 211 191 169 255 211 191 169 255 173 172 146 255 98 134 101 255 54 94 67 255 40 54 45 255 25 25 25 191 8 8 8 63 0 0 0 0 0 0 0 0 0 0 0 0 0 0 0 0 0 0 0 0 
0 0 0 0 0 0 0 0 0 0 0 0 0 0 0 0 0 0 0 0 0 0 0 0 0 0 0 0 8 8 8 63 25 25 25 191 67 63 59 255 133 122 109 255 166 151 135 255 166 151 135 255 147 144 123 255 107 129 101 255 88 121 89 255 88 121 89 255 107 129 101 255 147 144 123 255 166 151 135 255 166 151 135 255 138 137 118 255 82 109 84 255 49 79 59 255 39 49 42 255 25 25 25 191 8 8 8 63 0 0 0 0 0 0 0 0 0 0 0 0 0 0 0 0 0 0 0 0 
0 0 0 0 0 0 0 0 0 0 0 0 0 0 0 0 0 0 0 0 0 0 0 0 0 0 0 0 8 8 8 63 25 25 25 191 45 43 42 255 67 63 59 255 78 73 67 255 78 73 67 255 94 88 78 255 126 119 100 255 142 134 111 255 142 134 111 255 126 119 100 255 94 88 78 255 78 73 67 255 78 73 67 255 68 68 62 255 50 59 50 255 39 49 42 255 35 39 36 255 25 25 25 191 8 8 8 63 0 0 0 0 0 0 0 0 0 0 0 0 0 0 0 0 0 0 0 0 
0 0 0 0 0 0 0 0 0 0 0 0 0 0 0 0 0 0 0 0 0 0 0 0 0 0 0 0 6 6 6 47 19 19 19 143 25 25 25 191 25 25 25 191 27 27 27 207 31 31 31 239 59 54 50 255 110 94 83 255 144 120 105 255 161 134 116 255 136 114 99 255 68 60 56 255 31 31 31 239 27 27 27 207 25 25 25 191 25 25 25 191 25 25 25 191 25 25 25 191 19 19 19 143 6 6 6 47 0 0 0 0 0 0 0 0 0 0 0 0 0 0 0 0 0 0 0 0 
0 0 0 0 0 0 0 0 0 0 0 0 0 0 0 0 0 0 0 0 0 0 0 0 0 0 0 0 2 2 2 15 6 6 6 47 8 8 8 63 8 8 8 63 14 14 14 111 27 27 27 207 42 40 39 255 59 54 50 255 93 80 72 255 144 120 105 255 136 114 99 255 68 60 56 255 27 27 27 207 14 14 14 111 8 8 8 63 8 8 8 63 8 8 8 63 8 8 8 63 6 6 6 47 2 2 2 15 0 0 0 0 0 0 0 0 0 0 0 0 0 0 0 0 0 0 0 0 
0 0 0 0 0 0 0 0 0 0 0 0 0 0 0 0 0 0 0 0 0 0 0 0 0 0 0 0 0 0 0 0 0 0 0 0 0 0 0 0 0 0 0 0 6 6 6 47 19 19 19 143 27 27 27 207 31 31 31 239 59 54 50 255 110 94 83 255 110 94 83 255 59 54 50 255 25 25 25 191 8 8 8 63 0 0 0 0 0 0 0 0 0 0 0 0 0 0 0 0 0 0 0 0 0 0 0 0 0 0 0 0 0 0 0 0 0 0 0 0 0 0 0 0 0 0 0 0 
0 0 0 0 0 0 0 0 0 0 0 0 0 0 0 0 0 0 0 0 0 0 0 0 0 0 0 0 0 0 0 0 0 0 0 0 0 0 0 0 0 0 0 0 2 2 2 15 6 6 6 47 14 14 14 111 27 27 27 207 42 40 39 255 59 54 50 255 59 54 50 255 42 40 39 255 25 25 25 191 8 8 8 63 0 0 0 0 0 0 0 0 0 0 0 0 0 0 0 0 0 0 0 0 0 0 0 0 0 0 0 0 0 0 0 0 0 0 0 0 0 0 0 0 0 0 0 0 
0 0 0 0 0 0 0 0 0 0 0 0 0 0 0 0 0 0 0 0 0 0 0 0 0 0 0 0 0 0 0 0 0 0 0 0 0 0 0 0 0 0 0 0 2 2 2 15 6 6 6 47 14 14 14 111 27 27 27 207 42 40 39 255 59 54 50 255 59 54 50 255 42 40 39 255 25 25 25 191 8 8 8 63 0 0 0 0 0 0 0 0 0 0 0 0 0 0 0 0 0 0 0 0 0 0 0 0 0 0 0 0 0 0 0 0 0 0 0 0 0 0 0 0 0 0 0 0 
