0 0 0 0 0 0 0 0 0 0 0 0 0 0 0 0 0 0 0 0 0 0 0 0 0 0 0 0 0 0 0 0 0 0 0 0 0 0 0 0 0 0 0 0 0 0 0 0 0 0 0 0 0 0 0 0 0 0 0 0 0 0 0 0 0 0 0 0 0 0 0 0 0 0 0 0 0 0 0 0 0 0 0 0 0 0 0 0 0 0 0 0 0 0 0 0 0 0 0 0 0 0 0 0 0 0 0 0 0 0 0 0 0 0 0 0 0 0 0 0 0 0 0 0 0 0 0 0 
0 0 0 0 0 0 0 0 0 0 0 0 0 0 0 0 0 0 0 0 0 0 0 0 0 0 0 0 0 0 0 0 0 0 0 0 0 0 0 0 0 0 0 0 0 0 0 0 0 0 0 0 0 0 0 0 0 0 0 0 0 0 0 0 0 0 0 0 0 0 0 0 0 0 0 0 0 0 0 0 0 0 0 0 0 0 0 0 0 0 0 0 0 0 0 0 0 0 0 0 0 0 0 0 0 0 0 0 0 0 0 0 0 0 0 0 0 0 0 0 0 0 0 0 0 0 0 0 
0 0 0 0 0 0 0 0 0 0 0 0 0 0 0 0 0 0 0 0 0 0 0 0 0 0 0 0 0 0 0 0 0 0 0 0 0 0 0 0 0 0 0 0 0 0 0 0 0 0 0 0 0 0 0 0 0 0 0 0 0 0 0 0 0 0 0 0 0 0 0 0 0 0 0 0 0 0 0 0 0 0 0 0 0 0 0 0 0 0 0 0 0 0 0 0 0 0 0 0 0 0 0 0 0 0 0 0 0 0 0 0 0 0 0 0 0 0 0 0 0 0 0 0 0 0 0 0 
0 0 0 0 0 0 0 0 0 0 0 0 0 0 0 0 0 0 0 0 15 15 14 15 47 46 44 47 63 61 59 63 63 61 59 63 63 61 59 63 63 61 59 63 47 46 44 47 15 15 14 15 0 0 0 0 0 0 0 0 0 0 0 0 0 0 0 0 15 15 14 15 47 46 44 47 63 61 59 63 63 61 59 63 63 61 59 63 63 61 59 63 47 46 44 47 15 15 14 15 0 0 0 0 0 0 0 0 0 0 0 0 0 0 0 0 0 0 0 0 0 0 0 0 0 0 0 0 
0 0 0 0 0 0 0 0 0 0 0 0 0 0 0 0 0 0 0 0 47 46 44 47 142 138 133 143 189 185 177 191 189 185 177 191 189 185 177 191 189 185 177 191 142 138 133 143 47 46 44 47 0 0 0 0 0 0 0 0 0 0 0 0 0 0 0 0 47 46 44 47 142 138 133 143 189 185 177 191 189 185 177 191 189 185 177 191 189 185 177 191 142 138 133 143 47 46 44 47 0 0 0 0 0 0 0 0 0 0 0 0 0 0 0 0 0 0 0 0 0 0 0 0 0 0 0 0 
0 0 0 0 0 0 0 0 0 0 0 0 15 15 14 15 47 46 44 47 97 95 92 111 165 162 158 207 200 195 192 255 200 195 192 255 200 195 192 255 200 195 192 255 166 162 159 207 97 95 92 111 47 46 44 47 15 15 14 15 15 15 14 15 47 46 44 47 97 95 92 111 166 162 158 207 200 195 192 255 200 195 192 255 200 195 192 255 200 195 192 255 166 162 158 207 97 95 92 111 47 46 44 47 15 15 14 15 0 0 0 0 0 0 0 0 0 0 0 0 0 0 0 0 0 0 0 0 
0 0 0 0 0 0 0 0 0 0 0 0 47 46 44 47 142 138 133 143 166 162 159 207 118 116 121 239 94 93 102 255 94 93 102 255 94 93 102 255 94 93 102 255 118 116 121 239 165 162 158 207 142 138 133 143 47 46 44 47 47 46 44 47 142 138 133 143 166 162 159 207 118 116 121 239 94 93 102 255 94 93 102 255 94 93 102 255 94 93 102 255 118 116 121 239 166 162 159 207 142 138 133 143 47 46 44 47 0 0 0 0 0 0 0 0 0 0 0 0 0 0 0 0 0 0 0 0 
15 15 14 15 15 15 14 15 47 46 44 47 97 95 92 111 165 162 158 207 171 159 158 255 114 87 91 255 86 51 57 255 85 51 57 255 86 51 57 255 85 51 57 255 114 87 91 255 171 159 158 255 166 162 159 207 97 95 92 111 97 95 92 111 165 162 158 207 171 159 158 255 114 87 91 255 86 51 57 255 86 51 57 255 86 51 57 255 86 51 57 255 114 87 91 255 171 159 158 255 166 162 158 207 97 95 92 111 47 46 44 47 15 15 14 15 0 0 0 0 0 0 0 0 0 0 0 0 
47 46 44 47 47 46 44 47 142 138 133 143 166 162 159 207 118 116 121 239 114 87 91 255 154 75 68 255 173 69 56 255 173 69 56 255 173 69 56 255 173 69 56 255 154 75 68 255 114 87 91 255 118 116 121 239 165 162 158 207 166 162 159 207 118 116 121 239 114 87 91 255 154 75 68 255 173 69 56 255 173 69 56 255 173 69 56 255 173 69 56 255 154 75 68 255 114 87 91 255 118 116 121 239 166 162 159 207 142 138 133 143 47 46 44 47 0 0 0 0 0 0 0 0 0 0 0 0 
63 61 59 63 63 61 59 63 189 185 177 191 200 195 192 255 94 93 102 255 85 50 57 255 173 68 56 255 218 78 56 255 217 78 56 255 218 78 56 255 217 78 56 255 185 71 56 255 119 57 57 255 114 87 91 255 171 159 158 255 171 159 158 255 114 87 91 255 119 57 57 255 185 71 56 255 218 78 56 255 218 78 56 255 218 78 56 255 218 78 56 255 173 69 56 255 86 51 57 255 94 93 102 255 200 195 192 255 189 185 177 191 63 61 59 63 0 0 0 0 0 0 0 0 0 0 0 0 
63 61 59 63 63 61 59 63 189 185 177 191 200 195 192 255 94 93 102 255 85 50 57 255 173 68 56 255 218 78 56 255 217 78 56 255 218 78 56 255 217 78 56 255 207 75 56 255 185 71 56 255 154 75 68 255 114 87 91 255 114 87 91 255 154 75 68 255 185 71 56 255 206 75 56 255 218 78 56 255 218 78 56 255 218 78 56 255 218 78 56 255 173 69 56 255 86 51 57 255 94 93 102 255 200 195 192 255 189 185 177 191 63 61 59 63 0 0 0 0 0 0 0 0 0 0 0 0 
63 61 59 63 63 61 59 63 189 185 177 191 200 195 192 255 94 93 102 255 85 50 57 255 173 68 56 255 218 78 56 255 217 78 56 255 218 78 56 255 217 78 56 255 218 78 56 255 217 78 56 255 185 71 56 255 119 57 57 255 118 57 57 255 184 71 56 255 218 78 56 255 218 78 56 255 218 78 56 255 218 78 56 255 218 78 56 255 218 78 56 255 173 69 56 255 86 51 57 255 94 93 102 255 200 195 192 255 189 185 177 191 63 61 59 63 0 0 0 0 0 0 0 0 0 0 0 0 
63 61 59 63 63 61 59 63 189 185 177 191 200 195 192 255 94 93 102 255 85 50 57 255 173 68 56 255 218 78 56 255 217 78 56 255 218 78 56 255 217 78 56 255 218 78 56 255 217 78 56 255 207 75 56 255 185 71 56 255 184 71 56 255 206 75 56 255 218 78 56 255 218 78 56 255 218 78 56 255 218 78 56 255 218 78 56 255 218 78 56 255 173 69 56 255 86 51 57 255 94 93 102 255 200 195 192 255 189 185 177 191 63 61 59 63 0 0 0 0 0 0 0 0 0 0 0 0 
63 61 59 63 63 61 59 63 189 185 177 191 200 195 192 255 94 93 102 255 85 50 57 255 173 68 56 255 218 78 56 255 217 78 56 255 218 78 56 255 217 78 56 255 218 78 56 255 217 78 56 255 218 78 56 255 217 78 56 255 218 78 56 255 217 78 56 255 218 78 56 255 218 78 56 255 218 78 56 255 218 78 56 255 218 78 56 255 218 78 56 255 173 69 56 255 86 51 57 255 94 93 102 255 200 195 192 255 189 185 177 191 63 61 59 63 0 0 0 0 0 0 0 0 0 0 0 0 
63 61 59 63 63 61 59 63 189 185 177 191 200 195 192 255 94 93 102 255 85 50 57 255 173 68 56 255 218 78 56 255 217 78 56 255 218 78 56 255 217 78 56 255 218 78 56 255 217 78 56 255 218 78 56 255 217 78 56 255 218 78 56 255 217 78 56 255 218 78 56 255 218 78 56 255 218 78 56 255 218 78 56 255 218 78 56 255 218 78 56 255 173 69 56 255 86 51 57 255 94 93 102 255 200 195 192 255 189 185 177 191 63 61 59 63 0 0 0 0 0 0 0 0 0 0 0 0 
47 46 44 47 47 46 44 47 142 138 133 143 166 162 159 207 118 116 121 239 114 87 91 255 154 75 68 255 184 71 56 255 206 75 56 255 218 78 56 255 217 78 56 255 218 78 56 255 217 78 56 255 218 78 56 255 217 78 56 255 218 78 56 255 217 78 56 255 218 78 56 255 218 78 56 255 218 78 56 255 218 78 56 255 206 75 56 255 185 71 56 255 154 75 68 255 114 87 91 255 118 116 121 239 166 162 159 207 142 138 133 143 47 46 44 47 0 0 0 0 0 0 0 0 0 0 0 0 
15 15 14 15 15 15 14 15 47 46 44 47 97 95 92 111 165 162 158 207 171 159 158 255 114 87 91 255 118 57 57 255 184 71 56 255 218 78 56 255 217 78 56 255 218 78 56 255 217 78 56 255 218 78 56 255 217 78 56 255 218 78 56 255 217 78 56 255 218 78 56 255 218 78 56 255 218 78 56 255 218 78 56 255 185 71 56 255 119 57 57 255 114 87 91 255 171 159 158 255 166 162 158 207 97 95 92 111 47 46 44 47 15 15 14 15 0 0 0 0 0 0 0 0 0 0 0 0 
0 0 0 0 0 0 0 0 0 0 0 0 47 46 44 47 142 138 133 143 166 162 159 207 118 116 121 239 114 87 91 255 154 75 68 255 184 71 56 255 206 75 56 255 218 78 56 255 217 78 56 255 218 78 56 255 217 78 56 255 218 78 56 255 217 78 56 255 218 78 56 255 218 78 56 255 206 75 56 255 185 71 56 255 154 75 68 255 114 87 91 255 118 116 121 239 166 162 159 207 142 138 133 143 47 46 44 47 0 0 0 0 0 0 0 0 0 0 0 0 0 0 0 0 0 0 0 0 
0 0 0 0 0 0 0 0 0 0 0 0 15 15 14 15 47 46 44 47 97 95 92 111 165 162 158 207 171 159 158 255 114 87 91 255 118 57 57 255 184 71 56 255 218 78 56 255 217 78 56 255 218 78 56 255 217 78 56 255 218 78 56 255 217 78 56 255 218 78 56 255 218 78 56 255 185 71 56 255 119 57 57 255 114 87 91 255 171 159 158 255 166 162 158 207 97 95 92 111 47 46 44 47 15 15 14 15 0 0 0 0 0 0 0 0 0 0 0 0 0 0 0 0 0 0 0 0 
0 0 0 0 0 0 0 0 0 0 0 0 0 0 0 0 0 0 0 0 47 46 44 47 142 138 133 143 166 162 159 207 118 116 121 239 114 87 91 255 154 75 68 255 184 71 56 255 206 75 56 255 218 78 56 255 217 78 56 255 218 78 56 255 217 78 56 255 206 75 56 255 185 71 56 255 154 75 68 255 114 87 91 255 118 116 121 239 166 162 159 207 142 138 133 143 47 46 44 47 0 0 0 0 0 0 0 0 0 0 0 0 0 0 0 0 0 0 0 0 0 0 0 0 0 0 0 0 
0 0 0 0 0 0 0 0 0 0 0 0 0 0 0 0 0 0 0 0 15 15 14 15 47 46 44 47 97 95 92 111 165 162 158 207 171 159 158 255 114 87 91 255 118 57 57 255 184 71 56 255 218 78 56 255 217 78 56 255 218 78 56 255 217 78 56 255 185 71 56 255 119 57 57 255 114 87 91 255 171 159 158 255 166 162 158 207 97 95 92 111 47 46 44 47 15 15 14 15 0 0 0 0 0 0 0 0 0 0 0 0 0 0 0 0 0 0 0 0 0 0 0 0 0 0 0 0 
0 0 0 0 0 0 0 0 0 0 0 0 0 0 0 0 0 0 0 0 0 0 0 0 0 0 0 0 47 46 44 47 142 138 133 143 166 162 159 207 118 116 121 239 114 87 91 255 154 75 68 255 184 71 56 255 206 75 56 255 207 75 56 255 185 71 56 255 154 75 68 255 114 87 91 255 118 116 121 239 166 162 159 207 142 138 133 143 47 46 44 47 0 0 0 0 0 0 0 0 0 0 0 0 0 0 0 0 0 0 0 0 0 0 0 0 0 0 0 0 0 0 0 0 0 0 0 0 
0 0 0 0 0 0 0 0 0 0 0 0 0 0 0 0 0 0 0 0 0 0 0 0 0 0 0 0 15 15 14 15 47 46 44 47 97 95 92 111 165 162 158 207 171 159 158 255 114 87 91 255 118 57 57 255 184 71 56 255 185 71 56 255 119 57 57 255 114 87 91 255 171 159 158 255 166 162 158 207 97 95 92 111 47 46 44 47 15 15 14 15 0 0 0 0 0 0 0 0 0 0 0 0 0 0 0 0 0 0 0 0 0 0 0 0 0 0 0 0 0 0 0 0 0 0 0 0 
0 0 0 0 0 0 0 0 0 0 0 0 0 0 0 0 0 0 0 0 0 0 0 0 0 0 0 0 0 0 0 0 0 0 0 0 47 46 44 47 142 138 133 143 166 162 159 207 118 116 121 239 114 87 91 255 154 75 68 255 154 75 68 255 114 87 91 255 118 116 121 239 166 162 159 207 142 138 133 143 47 46 44 47 0 0 0 0 0 0 0 0 0 0 0 0 0 0 0 0 0 0 0 0 0 0 0 0 0 0 0 0 0 0 0 0 0 0 0 0 0 0 0 0 0 0 0 0 
0 0 0 0 0 0 0 0 0 0 0 0 0 0 0 0 0 0 0 0 0 0 0 0 0 0 0 0 0 0 0 0 0 0 0 0 15 15 14 15 47 46 44 47 97 95 92 111 165 162 158 207 171 159 158 255 114 87 91 255 114 87 91 255 171 159 158 255 166 162 158 207 97 95 92 111 47 46 44 47 15 15 14 15 0 0 0 0 0 0 0 0 0 0 0 0 0 0 0 0 0 0 0 0 0 0 0 0 0 0 0 0 0 0 0 0 0 0 0 0 0 0 0 0 0 0 0 0 
0 0 0 0 0 0 0 0 0 0 0 0 0 0 0 0 0 0 0 0 0 0 0 0 0 0 0 0 0 0 0 0 0 0 0 0 0 0 0 0 0 0 0 0 47 46 44 47 142 138 133 143 166 162 159 207 118 116 121 239 118 116 121 239 165 162 158 207 142 138 133 143 47 46 44 47 0 0 0 0 0 0 0 0 0 0 0 0 0 0 0 0 0 0 0 0 0 0 0 0 0 0 0 0 0 0 0 0 0 0 0 0 0 0 0 0 0 0 0 0 0 0 0 0 0 0 0 0 
0 0 0 0 0 0 0 0 0 0 0 0 0 0 0 0 0 0 0 0 0 0 0 0 0 0 0 0 0 0 0 0 0 0 0 0 0 0 0 0 0 0 0 0 15 15 14 15 47 46 44 47 97 95 92 111 165 162 158 207 166 162 159 207 97 95 92 111 47 46 44 47 15 15 14 15 0 0 0 0 0 0 0 0 0 0 0 0 0 0 0 0 0 0 0 0 0 0 0 0 0 0 0 0 0 0 0 0 0 0 0 0 0 0 0 0 0 0 0 0 0 0 0 0 0 0 0 0 
0 0 0 0 0 0 0 0 0 0 0 0 0 0 0 0 0 0 0 0 0 0 0 0 0 0 0 0 0 0 0 0 0 0 0 0 0 0 0 0 0 0 0 0 0 0 0 0 0 0 0 0 47 46 44 47 142 138 133 143 142 138 133 143 47 46 44 47 0 0 0 0 0 0 0 0 0 0 0 0 0 0 0 0 0 0 0 0 0 0 0 0 0 0 0 0 0 0 0 0 0 0 0 0 0 0 0 0 0 0 0 0 0 0 0 0 0 0 0 0 0 0 0 0 0 0 0 0 
0 0 0 0 0 0 0 0 0 0 0 0 0 0 0 0 0 0 0 0 0 0 0 0 0 0 0 0 0 0 0 0 0 0 0 0 0 0 0 0 0 0 0 0 0 0 0 0 0 0 0 0 15 15 14 15 47 46 44 47 47 46 44 47 15 15 14 15 0 0 0 0 0 0 0 0 0 0 0 0 0 0 0 0 0 0 0 0 0 0 0 0 0 0 0 0 0 0 0 0 0 0 0 0 0 0 0 0 0 0 0 0 0 0 0 0 0 0 0 0 0 0 0 0 0 0 0 0 
0 0 0 0 0 0 0 0 0 0 0 0 0 0 0 0 0 0 0 0 0 0 0 0 0 0 0 0 0 0 0 0 0 0 0 0 0 0 0 0 0 0 0 0 0 0 0 0 0 0 0 0 0 0 0 0 0 0 0 0 0 0 0 0 0 0 0 0 0 0 0 0 0 0 0 0 0 0 0 0 0 0 0 0 0 0 0 0 0 0 0 0 0 0 0 0 0 0 0 0 0 0 0 0 0 0 0 0 0 0 0 0 0 0 0 0 0 0 0 0 0 0 0 0 0 0 0 0 
0 0 0 0 0 0 0 0 0 0 0 0 0 0 0 0 0 0 0 0 0 0 0 0 0 0 0 0 0 0 0 0 0 0 0 0 0 0 0 0 0 0 0 0 0 0 0 0 0 0 0 0 0 0 0 0 0 0 0 0 0 0 0 0 0 0 0 0 0 0 0 0 0 0 0 0 0 0 0 0 0 0 0 0 0 0 0 0 0 0 0 0 0 0 0 0 0 0 0 0 0 0 0 0 0 0 0 0 0 0 0 0 0 0 0 0 0 0 0 0 0 0 0 0 0 0 0 0 
0 0 0 0 0 0 0 0 0 0 0 0 0 0 0 0 0 0 0 0 0 0 0 0 0 0 0 0 0 0 0 0 0 0 0 0 0 0 0 0 0 0 0 0 0 0 0 0 0 0 0 0 0 0 0 0 0 0 0 0 0 0 0 0 0 0 0 0 0 0 0 0 0 0 0 0 0 0 0 0 0 0 0 0 0 0 0 0 0 0 0 0 0 0 0 0 0 0 0 0 0 0 0 0 0 0 0 0 0 0 0 0 0 0 0 0 0 0 0 0 0 0 0 0 0 0 0 0 
