0 0 0 0 0 0 0 0 0 0 0 0 0 0 0 0 0 0 0 0 0 0 0 0 0 0 0 0 0 0 0 0 0 0 0 0 0 0 0 0 0 0 0 0 0 0 0 0 0 0 0 0 0 0 0 0 0 0 0 0 0 0 0 0 0 0 0 0 0 0 0 0 0 0 0 0 0 0 0 0 0 0 0 0 0 0 0 0 0 0 0 0 0 0 0 0 0 0 0 0 0 0 0 0 0 0 0 0 0 0 0 0 0 0 0 0 0 0 0 0 0 0 0 0 0 0 0 0 
0 0 0 0 0 0 0 0 0 0 0 0 0 0 0 0 0 0 0 0 0 0 0 0 0 0 0 0 0 0 0 0 0 0 0 0 0 0 0 0 0 0 0 0 0 0 0 0 0 0 0 0 0 0 0 0 0 0 0 0 0 0 0 0 0 0 0 0 0 0 0 0 0 0 0 0 0 0 0 0 0 0 0 0 0 0 0 0 0 0 0 0 0 0 0 0 0 0 0 0 0 0 0 0 0 0 0 0 0 0 0 0 0 0 0 0 0 0 0 0 0 0 0 0 0 0 0 0 
0 0 0 0 0 0 0 0 0 0 0 0 0 0 0 0 0 0 0 0 0 0 0 0 0 0 0 0 0 0 0 0 0 0 0 0 0 0 0 0 0 0 0 0 0 0 0 0 0 0 0 0 0 0 0 0 0 0 0 0 0 0 0 0 0 0 0 0 0 0 0 0 0 0 0 0 0 0 0 0 0 0 0 0 0 0 0 0 0 0 0 0 0 0 0 0 0 0 0 0 0 0 0 0 0 0 0 0 0 0 0 0 0 0 0 0 0 0 0 0 0 0 0 0 0 0 0 0 
0 0 0 0 0 0 0 0 0 0 0 0 0 0 0 0 0 0 0 0 15 15 14 15 47 46 44 47 63 61 59 63 63 61 59 63 63 61 59 63 63 61 59 63 47 46 44 47 15 15 14 15 0 0 0 0 0 0 0 0 0 0 0 0 0 0 0 0 15 15 14 15 47 46 44 47 63 61 59 63 63 61 59 63 63 61 59 63 63 61 59 63 47 46 44 47 15 15 14 15 0 0 0 0 0 0 0 0 0 0 0 0 0 0 0 0 0 0 0 0 0 0 0 0 0 0 0 0 
0 0 0 0 0 0 0 0 0 0 0 0 0 0 0 0 0 0 0 0 47 46 44 47 142 138 133 143 189 185 177 191 189 185 177 191 189 185 177 191 189 185 177 191 142 138 133 143 47 46 44 47 0 0 0 0 0 0 0 0 0 0 0 0 0 0 0 0 47 46 44 47 142 138 133 143 189 185 177 191 189 185 177 191 189 185 177 191 189 185 177 191 142 138 133 143 47 46 44 47 0 0 0 0 0 0 0 0 0 0 0 0 0 0 0 0 0 0 0 0 0 0 0 0 0 0 0 0 
0 0 0 0 0 0 0 0 0 0 0 0 15 15 14 15 47 46 44 47 97 95 92 111 165 162 158 207 200 195 192 255 200 195 192 255 200 195 192 255 200 195 192 255 166 162 159 207 97 95 92 111 47 46 44 47 15 15 14 15 15 15 14 15 47 46 44 47 97 95 92 111 166 162 158 207 200 195 192 255 200 195 192 255 200 195 192 255 200 195 192 255 166 162 158 207 97 95 92 111 47 46 44 47 15 15 14 15 0 0 0 0 0 0 0 0 0 0 0 0 0 0 0 0 0 0 0 0 
0 0 0 0 0 0 0 0 0 0 0 0 47 46 44 47 142 138 133 143 166 162 159 207 118 116 121 239 94 93 102 255 94 93 102 255 94 93 102 255 94 93 102 255 118 116 121 239 165 162 158 207 142 138 133 143 47 46 44 47 47 46 44 47 142 138 133 143 166 162 159 207 118 116 121 239 94 93 102 255 94 93 102 255 94 93 102 255 94 93 102 255 118 116 121 239 166 162 159 207 142 138 133 143 47 46 44 47 0 0 0 0 0 0 0 0 0 0 0 0 0 0 0 0 0 0 0 0 
15 15 14 15 15 15 14 15 47 46 44 47 97 95 92 111 165 162 158 207 162 158 158 255 87 83 91 255 49 46 58 255 49 46 57 255 49 46 58 255 49 46 57 255 87 83 91 255 162 158 158 255 166 162 159 207 97 95 92 111 97 95 92 111 165 162 158 207 162 158 158 255 87 83 91 255 49 46 58 255 49 46 58 255 49 46 58 255 49 46 58 255 87 83 91 255 162 158 158 255 166 162 158 207 97 95 92 111 47 46 44 47 15 15 14 15 0 0 0 0 0 0 0 0 0 0 0 0 
47 46 44 47 47 46 44 47 142 138 133 143 166 162 159 207 118 116 121 239 87 83 91 255 72 64 69 255 64 54 58 255 64 54 57 255 64 54 58 255 64 54 57 255 72 64 69 255 87 83 91 255 118 116 121 239 165 162 158 207 166 162 159 207 118 116 121 239 87 83 91 255 72 64 69 255 64 54 58 255 64 54 58 255 64 54 58 255 64 54 58 255 72 64 69 255 87 83 91 255 118 116 121 239 166 162 159 207 142 138 133 143 47 46 44 47 0 0 0 0 0 0 0 0 0 0 0 0 
63 61 59 63 63 61 59 63 189 185 177 191 200 195 192 255 94 93 102 255 49 46 58 255 64 54 57 255 72 59 58 255 72 59 57 255 72 59 58 255 72 59 57 255 66 55 58 255 55 49 57 255 87 83 91 255 162 158 158 255 162 158 158 255 87 83 91 255 55 49 58 255 66 55 58 255 72 59 58 255 72 59 58 255 72 59 58 255 72 59 58 255 64 54 58 255 49 46 58 255 94 93 102 255 200 195 192 255 189 185 177 191 63 61 59 63 0 0 0 0 0 0 0 0 0 0 0 0 
63 61 59 63 63 61 59 63 189 185 177 191 200 195 192 255 94 93 102 255 49 46 58 255 64 54 57 255 72 59 58 255 72 59 57 255 72 59 58 255 72 59 57 255 70 57 58 255 66 55 57 255 72 64 69 255 87 83 91 255 87 83 91 255 72 64 69 255 66 55 58 255 70 57 58 255 72 59 58 255 72 59 58 255 72 59 58 255 72 59 58 255 64 54 58 255 49 46 58 255 94 93 102 255 200 195 192 255 189 185 177 191 63 61 59 63 0 0 0 0 0 0 0 0 0 0 0 0 
63 61 59 63 63 61 59 63 189 185 177 191 200 195 192 255 94 93 102 255 49 46 58 255 64 54 57 255 72 59 58 255 72 59 57 255 72 59 58 255 72 59 57 255 72 59 58 255 72 59 57 255 66 55 58 255 55 49 57 255 55 49 58 255 66 55 57 255 72 59 58 255 72 59 58 255 72 59 58 255 72 59 58 255 72 59 58 255 72 59 58 255 64 54 58 255 49 46 58 255 94 93 102 255 200 195 192 255 189 185 177 191 63 61 59 63 0 0 0 0 0 0 0 0 0 0 0 0 
63 61 59 63 63 61 59 63 189 185 177 191 200 195 192 255 94 93 102 255 49 46 58 255 64 54 57 255 72 59 58 255 72 59 57 255 72 59 58 255 72 59 57 255 72 59 58 255 72 59 57 255 70 57 58 255 66 55 57 255 66 55 58 255 70 57 57 255 72 59 58 255 72 59 58 255 72 59 58 255 72 59 58 255 72 59 58 255 72 59 58 255 64 54 58 255 49 46 58 255 94 93 102 255 200 195 192 255 189 185 177 191 63 61 59 63 0 0 0 0 0 0 0 0 0 0 0 0 
63 61 59 63 63 61 59 63 189 185 177 191 200 195 192 255 94 93 102 255 49 46 58 255 64 54 57 255 72 59 58 255 72 59 57 255 72 59 58 255 72 59 57 255 72 59 58 255 72 59 57 255 72 59 58 255 72 59 57 255 72 59 58 255 72 59 57 255 72 59 58 255 72 59 58 255 72 59 58 255 72 59 58 255 72 59 58 255 72 59 58 255 64 54 58 255 49 46 58 255 94 93 102 255 200 195 192 255 189 185 177 191 63 61 59 63 0 0 0 0 0 0 0 0 0 0 0 0 
63 61 59 63 63 61 59 63 189 185 177 191 200 195 192 255 94 93 102 255 49 46 58 255 64 54 57 255 72 59 58 255 72 59 57 255 72 59 58 255 72 59 57 255 72 59 58 255 72 59 57 255 72 59 58 255 72 59 57 255 72 59 58 255 72 59 57 255 72 59 58 255 72 59 58 255 72 59 58 255 72 59 58 255 72 59 58 255 72 59 58 255 64 54 58 255 49 46 58 255 94 93 102 255 200 195 192 255 189 185 177 191 63 61 59 63 0 0 0 0 0 0 0 0 0 0 0 0 
47 46 44 47 47 46 44 47 142 138 133 143 166 162 159 207 118 116 121 239 87 83 91 255 72 64 69 255 66 55 58 255 70 57 57 255 72 59 58 255 72 59 57 255 72 59 58 255 72 59 57 255 72 59 58 255 72 59 57 255 72 59 58 255 72 59 57 255 72 59 58 255 72 59 58 255 72 59 58 255 72 59 58 255 70 57 58 255 66 55 58 255 72 64 69 255 87 83 91 255 118 116 121 239 166 162 159 207 142 138 133 143 47 46 44 47 0 0 0 0 0 0 0 0 0 0 0 0 
15 15 14 15 15 15 14 15 47 46 44 47 97 95 92 111 165 162 158 207 162 158 158 255 87 83 91 255 55 49 58 255 66 55 57 255 72 59 58 255 72 59 57 255 72 59 58 255 72 59 57 255 72 59 58 255 72 59 57 255 72 59 58 255 72 59 57 255 72 59 58 255 72 59 58 255 72 59 58 255 72 59 58 255 66 55 58 255 55 49 58 255 87 83 91 255 162 158 158 255 166 162 158 207 97 95 92 111 47 46 44 47 15 15 14 15 0 0 0 0 0 0 0 0 0 0 0 0 
0 0 0 0 0 0 0 0 0 0 0 0 47 46 44 47 142 138 133 143 166 162 159 207 118 116 121 239 87 83 91 255 72 64 69 255 66 55 58 255 70 57 57 255 72 59 58 255 72 59 57 255 72 59 58 255 72 59 57 255 72 59 58 255 72 59 57 255 72 59 58 255 72 59 58 255 70 57 58 255 66 55 58 255 72 64 69 255 87 83 91 255 118 116 121 239 166 162 159 207 142 138 133 143 47 46 44 47 0 0 0 0 0 0 0 0 0 0 0 0 0 0 0 0 0 0 0 0 
0 0 0 0 0 0 0 0 0 0 0 0 15 15 14 15 47 46 44 47 97 95 92 111 165 162 158 207 162 158 158 255 87 83 91 255 55 49 58 255 66 55 57 255 72 59 58 255 72 59 57 255 72 59 58 255 72 59 57 255 72 59 58 255 72 59 57 255 72 59 58 255 72 59 58 255 66 55 58 255 55 49 58 255 87 83 91 255 162 158 158 255 166 162 158 207 97 95 92 111 47 46 44 47 15 15 14 15 0 0 0 0 0 0 0 0 0 0 0 0 0 0 0 0 0 0 0 0 
0 0 0 0 0 0 0 0 0 0 0 0 0 0 0 0 0 0 0 0 47 46 44 47 142 138 133 143 166 162 159 207 118 116 121 239 87 83 91 255 72 64 69 255 66 55 58 255 70 57 57 255 72 59 58 255 72 59 57 255 72 59 58 255 72 59 57 255 70 57 58 255 66 55 58 255 72 64 69 255 87 83 91 255 118 116 121 239 166 162 159 207 142 138 133 143 47 46 44 47 0 0 0 0 0 0 0 0 0 0 0 0 0 0 0 0 0 0 0 0 0 0 0 0 0 0 0 0 
0 0 0 0 0 0 0 0 0 0 0 0 0 0 0 0 0 0 0 0 15 15 14 15 47 46 44 47 97 95 92 111 165 162 158 207 162 158 158 255 87 83 91 255 55 49 58 255 66 55 57 255 72 59 58 255 72 59 57 255 72 59 58 255 72 59 57 255 66 55 58 255 55 49 58 255 87 83 91 255 162 158 158 255 166 162 158 207 97 95 92 111 47 46 44 47 15 15 14 15 0 0 0 0 0 0 0 0 0 0 0 0 0 0 0 0 0 0 0 0 0 0 0 0 0 0 0 0 
0 0 0 0 0 0 0 0 0 0 0 0 0 0 0 0 0 0 0 0 0 0 0 0 0 0 0 0 47 46 44 47 142 138 133 143 166 162 159 207 118 116 121 239 87 83 91 255 72 64 69 255 66 55 58 255 70 57 57 255 70 57 58 255 66 55 57 255 72 64 69 255 87 83 91 255 118 116 121 239 166 162 159 207 142 138 133 143 47 46 44 47 0 0 0 0 0 0 0 0 0 0 0 0 0 0 0 0 0 0 0 0 0 0 0 0 0 0 0 0 0 0 0 0 0 0 0 0 
0 0 0 0 0 0 0 0 0 0 0 0 0 0 0 0 0 0 0 0 0 0 0 0 0 0 0 0 15 15 14 15 47 46 44 47 97 95 92 111 165 162 158 207 162 158 158 255 87 83 91 255 55 49 58 255 66 55 57 255 66 55 58 255 55 49 57 255 87 83 91 255 162 158 158 255 166 162 158 207 97 95 92 111 47 46 44 47 15 15 14 15 0 0 0 0 0 0 0 0 0 0 0 0 0 0 0 0 0 0 0 0 0 0 0 0 0 0 0 0 0 0 0 0 0 0 0 0 
0 0 0 0 0 0 0 0 0 0 0 0 0 0 0 0 0 0 0 0 0 0 0 0 0 0 0 0 0 0 0 0 0 0 0 0 47 46 44 47 142 138 133 143 166 162 159 207 118 116 121 239 87 83 91 255 72 64 69 255 72 64 69 255 87 83 91 255 118 116 121 239 166 162 159 207 142 138 133 143 47 46 44 47 0 0 0 0 0 0 0 0 0 0 0 0 0 0 0 0 0 0 0 0 0 0 0 0 0 0 0 0 0 0 0 0 0 0 0 0 0 0 0 0 0 0 0 0 
0 0 0 0 0 0 0 0 0 0 0 0 0 0 0 0 0 0 0 0 0 0 0 0 0 0 0 0 0 0 0 0 0 0 0 0 15 15 14 15 47 46 44 47 97 95 92 111 165 162 158 207 162 158 158 255 87 83 91 255 87 83 91 255 162 158 158 255 166 162 158 207 97 95 92 111 47 46 44 47 15 15 14 15 0 0 0 0 0 0 0 0 0 0 0 0 0 0 0 0 0 0 0 0 0 0 0 0 0 0 0 0 0 0 0 0 0 0 0 0 0 0 0 0 0 0 0 0 
0 0 0 0 0 0 0 0 0 0 0 0 0 0 0 0 0 0 0 0 0 0 0 0 0 0 0 0 0 0 0 0 0 0 0 0 0 0 0 0 0 0 0 0 47 46 44 47 142 138 133 143 166 162 159 207 118 116 121 239 118 116 121 239 165 162 158 207 142 138 133 143 47 46 44 47 0 0 0 0 0 0 0 0 0 0 0 0 0 0 0 0 0 0 0 0 0 0 0 0 0 0 0 0 0 0 0 0 0 0 0 0 0 0 0 0 0 0 0 0 0 0 0 0 0 0 0 0 
0 0 0 0 0 0 0 0 0 0 0 0 0 0 0 0 0 0 0 0 0 0 0 0 0 0 0 0 0 0 0 0 0 0 0 0 0 0 0 0 0 0 0 0 15 15 14 15 47 46 44 47 97 95 92 111 165 162 158 207 166 162 159 207 97 95 92 111 47 46 44 47 15 15 14 15 0 0 0 0 0 0 0 0 0 0 0 0 0 0 0 0 0 0 0 0 0 0 0 0 0 0 0 0 0 0 0 0 0 0 0 0 0 0 0 0 0 0 0 0 0 0 0 0 0 0 0 0 
0 0 0 0 0 0 0 0 0 0 0 0 0 0 0 0 0 0 0 0 0 0 0 0 0 0 0 0 0 0 0 0 0 0 0 0 0 0 0 0 0 0 0 0 0 0 0 0 0 0 0 0 47 46 44 47 142 138 133 143 142 138 133 143 47 46 44 47 0 0 0 0 0 0 0 0 0 0 0 0 0 0 0 0 0 0 0 0 0 0 0 0 0 0 0 0 0 0 0 0 0 0 0 0 0 0 0 0 0 0 0 0 0 0 0 0 0 0 0 0 0 0 0 0 0 0 0 0 
0 0 0 0 0 0 0 0 0 0 0 0 0 0 0 0 0 0 0 0 0 0 0 0 0 0 0 0 0 0 0 0 0 0 0 0 0 0 0 0 0 0 0 0 0 0 0 0 0 0 0 0 15 15 14 15 47 46 44 47 47 46 44 47 15 15 14 15 0 0 0 0 0 0 0 0 0 0 0 0 0 0 0 0 0 0 0 0 0 0 0 0 0 0 0 0 0 0 0 0 0 0 0 0 0 0 0 0 0 0 0 0 0 0 0 0 0 0 0 0 0 0 0 0 0 0 0 0 
0 0 0 0 0 0 0 0 0 0 0 0 0 0 0 0 0 0 0 0 0 0 0 0 0 0 0 0 0 0 0 0 0 0 0 0 0 0 0 0 0 0 0 0 0 0 0 0 0 0 0 0 0 0 0 0 0 0 0 0 0 0 0 0 0 0 0 0 0 0 0 0 0 0 0 0 0 0 0 0 0 0 0 0 0 0 0 0 0 0 0 0 0 0 0 0 0 0 0 0 0 0 0 0 0 0 0 0 0 0 0 0 0 0 0 0 0 0 0 0 0 0 0 0 0 0 0 0 
0 0 0 0 0 0 0 0 0 0 0 0 0 0 0 0 0 0 0 0 0 0 0 0 0 0 0 0 0 0 0 0 0 0 0 0 0 0 0 0 0 0 0 0 0 0 0 0 0 0 0 0 0 0 0 0 0 0 0 0 0 0 0 0 0 0 0 0 0 0 0 0 0 0 0 0 0 0 0 0 0 0 0 0 0 0 0 0 0 0 0 0 0 0 0 0 0 0 0 0 0 0 0 0 0 0 0 0 0 0 0 0 0 0 0 0 0 0 0 0 0 0 0 0 0 0 0 0 
0 0 0 0 0 0 0 0 0 0 0 0 0 0 0 0 0 0 0 0 0 0 0 0 0 0 0 0 0 0 0 0 0 0 0 0 0 0 0 0 0 0 0 0 0 0 0 0 0 0 0 0 0 0 0 0 0 0 0 0 0 0 0 0 0 0 0 0 0 0 0 0 0 0 0 0 0 0 0 0 0 0 0 0 0 0 0 0 0 0 0 0 0 0 0 0 0 0 0 0 0 0 0 0 0 0 0 0 0 0 0 0 0 0 0 0 0 0 0 0 0 0 0 0 0 0 0 0 
