0 0 0 0 0 0 0 0 0 0 0 0 0 0 0 0 0 0 0 0 0 0 0 0 0 0 0 0 0 0 0 0 0 0 0 0 0 0 0 0 0 0 0 0 0 0 0 0 0 0 0 0 0 0 0 0 0 0 0 0 0 0 0 0 0 0 0 0 0 0 0 0 0 0 0 0 0 0 0 0 0 0 0 0 0 0 0 0 0 0 0 0 0 0 0 0 0 0 0 0 0 0 0 0 0 0 0 0 0 0 0 0 0 0 0 0 0 0 0 0 0 0 0 0 0 0 0 0 
0 0 0 0 0 0 0 0 0 0 0 0 0 0 0 0 0 0 0 0 0 0 0 0 0 0 0 0 0 0 0 0 0 0 0 0 0 0 0 0 0 0 0 0 0 0 0 0 0 0 0 0 0 0 0 0 0 0 0 0 0 0 0 0 0 0 0 0 0 0 0 0 0 0 0 0 0 0 0 0 0 0 0 0 0 0 0 0 0 0 0 0 0 0 0 0 0 0 0 0 0 0 0 0 0 0 0 0 0 0 0 0 0 0 0 0 0 0 0 0 0 0 0 0 0 0 0 0 
0 0 0 0 0 0 0 0 0 0 0 0 0 0 0 0 0 0 0 0 0 0 0 0 0 0 0 0 0 0 0 0 0 0 0 0 0 0 0 0 0 0 0 0 0 0 0 0 0 0 0 0 0 0 0 0 0 0 0 0 0 0 0 0 0 0 0 0 0 0 0 0 0 0 0 0 0 0 0 0 0 0 0 0 0 0 0 0 0 0 0 0 0 0 0 0 0 0 0 0 0 0 0 0 0 0 0 0 0 0 0 0 0 0 0 0 0 0 0 0 0 0 0 0 0 0 0 0 
0 0 0 0 0 0 0 0 0 0 0 0 0 0 0 0 0 0 0 0 15 15 14 15 47 46 44 47 63 61 59 63 63 61 59 63 63 61 59 63 63 61 59 63 47 46 44 47 15 15 14 15 0 0 0 0 0 0 0 0 0 0 0 0 0 0 0 0 15 15 14 15 47 46 44 47 63 61 59 63 63 61 59 63 63 61 59 63 63 61 59 63 47 46 44 47 15 15 14 15 0 0 0 0 0 0 0 0 0 0 0 0 0 0 0 0 0 0 0 0 0 0 0 0 0 0 0 0 
0 0 0 0 0 0 0 0 0 0 0 0 0 0 0 0 0 0 0 0 47 46 44 47 142 138 133 143 189 185 177 191 189 185 177 191 189 185 177 191 189 185 177 191 142 138 133 143 47 46 44 47 0 0 0 0 0 0 0 0 0 0 0 0 0 0 0 0 47 46 44 47 142 138 133 143 189 185 177 191 189 185 177 191 189 185 177 191 189 185 177 191 142 138 133 143 47 46 44 47 0 0 0 0 0 0 0 0 0 0 0 0 0 0 0 0 0 0 0 0 0 0 0 0 0 0 0 0 
0 0 0 0 0 0 0 0 0 0 0 0 15 15 14 15 47 46 44 47 97 95 92 111 165 162 158 207 200 195 192 255 200 195 192 255 200 195 192 255 200 195 192 255 166 162 159 207 97 95 92 111 47 46 44 47 15 15 14 15 15 15 14 15 47 46 44 47 97 95 92 111 166 162 158 207 200 195 192 255 200 195 192 255 200 195 192 255 200 195 192 255 166 162 158 207 97 95 92 111 47 46 44 47 15 15 14 15 0 0 0 0 0 0 0 0 0 0 0 0 0 0 0 0 0 0 0 0 
0 0 0 0 0 0 0 0 0 0 0 0 47 46 44 47 142 138 133 143 166 162 159 207 118 116 121 239 94 93 102 255 94 93 102 255 94 93 102 255 94 93 102 255 118 116 121 239 165 162 158 207 142 138 133 143 47 46 44 47 47 46 44 47 142 138 133 143 166 162 159 207 118 116 121 239 94 93 102 255 94 93 102 255 94 93 102 255 94 93 102 255 118 116 121 239 166 162 159 207 142 138 133 143 47 46 44 47 0 0 0 0 0 0 0 0 0 0 0 0 0 0 0 0 0 0 0 0 
15 15 14 15 15 15 14 15 47 46 44 47 97 95 92 111 165 162 158 207 171 159 158 255 114 87 91 255 86 51 57 255 85 51 57 255 86 51 57 255 85 51 57 255 114 87 91 255 171 159 158 255 166 162 159 207 97 95 92 111 97 95 92 111 165 162 158 207 162 158 158 255 87 83 91 255 49 46 58 255 49 46 58 255 49 46 58 255 49 46 58 255 87 83 91 255 162 158 158 255 166 162 158 207 97 95 92 111 47 46 44 47 15 15 14 15 0 0 0 0 0 0 0 0 0 0 0 0 
47 46 44 47 47 46 44 47 142 138 133 143 166 162 159 207 118 116 121 239 114 87 91 255 154 75 68 255 173 69 56 255 173 69 56 255 173 69 56 255 173 69 56 255 154 75 68 255 114 87 91 255 118 116 121 239 165 162 158 207 166 162 159 207 118 116 121 239 87 83 91 255 72 64 69 255 64 54 58 255 64 54 58 255 64 54 58 255 64 54 58 255 72 64 69 255 87 83 91 255 118 116 121 239 166 162 159 207 142 138 133 143 47 46 44 47 0 0 0 0 0 0 0 0 0 0 0 0 
63 61 59 63 63 61 59 63 189 185 177 191 200 195 192 255 94 93 102 255 85 50 57 255 173 68 56 255 218 78 56 255 217 78 56 255 218 78 56 255 217 78 56 255 185 71 56 255 119 57 57 255 114 87 91 255 171 159 158 255 162 158 158 255 87 83 91 255 55 49 58 255 66 55 58 255 72 59 58 255 72 59 58 255 72 59 58 255 72 59 58 255 64 54 58 255 49 46 58 255 94 93 102 255 200 195 192 255 189 185 177 191 63 61 59 63 0 0 0 0 0 0 0 0 0 0 0 0 
63 61 59 63 63 61 59 63 189 185 177 191 200 195 192 255 94 93 102 255 85 50 57 255 173 68 56 255 218 78 56 255 217 78 56 255 218 78 56 255 217 78 56 255 207 75 56 255 185 71 56 255 154 75 68 255 114 87 91 255 87 83 91 255 72 64 69 255 66 55 58 255 70 57 58 255 72 59 58 255 72 59 58 255 72 59 58 255 72 59 58 255 64 54 58 255 49 46 58 255 94 93 102 255 200 195 192 255 189 185 177 191 63 61 59 63 0 0 0 0 0 0 0 0 0 0 0 0 
63 61 59 63 63 61 59 63 189 185 177 191 200 195 192 255 94 93 102 255 85 50 57 255 173 68 56 255 218 78 56 255 217 78 56 255 218 78 56 255 217 78 56 255 218 78 56 255 217 78 56 255 185 71 56 255 119 57 57 255 82 52 57 255 75 57 57 255 72 59 58 255 72 59 58 255 72 59 58 255 72 59 58 255 72 59 58 255 72 59 58 255 64 54 58 255 49 46 58 255 94 93 102 255 200 195 192 255 189 185 177 191 63 61 59 63 0 0 0 0 0 0 0 0 0 0 0 0 
63 61 59 63 63 61 59 63 189 185 177 191 200 195 192 255 94 93 102 255 85 50 57 255 173 68 56 255 218 78 56 255 217 78 56 255 218 78 56 255 217 78 56 255 218 78 56 255 217 78 56 255 207 75 56 255 185 71 56 255 148 66 56 255 97 61 57 255 72 59 58 255 72 59 58 255 72 59 58 255 72 59 58 255 72 59 58 255 72 59 58 255 64 54 58 255 49 46 58 255 94 93 102 255 200 195 192 255 189 185 177 191 63 61 59 63 0 0 0 0 0 0 0 0 0 0 0 0 
63 61 59 63 63 61 59 63 189 185 177 191 200 195 192 255 94 93 102 255 85 50 57 255 173 68 56 255 218 78 56 255 217 78 56 255 218 78 56 255 217 78 56 255 218 78 56 255 217 78 56 255 208 76 56 255 190 74 56 255 154 69 56 255 99 62 57 255 72 59 58 255 72 59 58 255 72 59 58 255 72 59 58 255 72 59 58 255 72 59 58 255 64 54 58 255 49 46 58 255 94 93 102 255 200 195 192 255 189 185 177 191 63 61 59 63 0 0 0 0 0 0 0 0 0 0 0 0 
63 61 59 63 63 61 59 63 189 185 177 191 200 195 192 255 94 93 102 255 85 50 57 255 173 68 56 255 218 78 56 255 217 78 56 255 218 78 56 255 217 78 56 255 218 78 56 255 217 78 56 255 190 74 56 255 135 67 57 255 99 62 57 255 81 60 57 255 72 59 58 255 72 59 58 255 72 59 58 255 72 59 58 255 72 59 58 255 72 59 58 255 64 54 58 255 49 46 58 255 94 93 102 255 200 195 192 255 189 185 177 191 63 61 59 63 0 0 0 0 0 0 0 0 0 0 0 0 
47 46 44 47 47 46 44 47 142 138 133 143 166 162 159 207 118 116 121 239 114 87 91 255 154 75 68 255 184 71 56 255 206 75 56 255 218 78 56 255 217 78 56 255 218 78 56 255 217 78 56 255 190 74 56 255 135 67 57 255 99 62 57 255 81 60 57 255 72 59 58 255 72 59 58 255 72 59 58 255 72 59 58 255 70 57 58 255 66 55 58 255 72 64 69 255 87 83 91 255 118 116 121 239 166 162 159 207 142 138 133 143 47 46 44 47 0 0 0 0 0 0 0 0 0 0 0 0 
15 15 14 15 15 15 14 15 47 46 44 47 97 95 92 111 165 162 158 207 171 159 158 255 114 87 91 255 118 57 57 255 184 71 56 255 218 78 56 255 217 78 56 255 218 78 56 255 217 78 56 255 208 76 56 255 190 74 56 255 154 69 56 255 99 62 57 255 72 59 58 255 72 59 58 255 72 59 58 255 72 59 58 255 66 55 58 255 55 49 58 255 87 83 91 255 162 158 158 255 166 162 158 207 97 95 92 111 47 46 44 47 15 15 14 15 0 0 0 0 0 0 0 0 0 0 0 0 
0 0 0 0 0 0 0 0 0 0 0 0 47 46 44 47 142 138 133 143 166 162 159 207 118 116 121 239 114 87 91 255 154 75 68 255 184 71 56 255 206 75 56 255 218 78 56 255 217 78 56 255 208 76 56 255 190 74 56 255 154 69 56 255 99 62 57 255 72 59 58 255 72 59 58 255 70 57 58 255 66 55 58 255 72 64 69 255 87 83 91 255 118 116 121 239 166 162 159 207 142 138 133 143 47 46 44 47 0 0 0 0 0 0 0 0 0 0 0 0 0 0 0 0 0 0 0 0 
0 0 0 0 0 0 0 0 0 0 0 0 15 15 14 15 47 46 44 47 97 95 92 111 165 162 158 207 171 159 158 255 114 87 91 255 118 57 57 255 184 71 56 255 218 78 56 255 217 78 56 255 190 74 56 255 135 67 57 255 99 62 57 255 81 60 57 255 72 59 58 255 72 59 58 255 66 55 58 255 55 49 58 255 87 83 91 255 162 158 158 255 166 162 158 207 97 95 92 111 47 46 44 47 15 15 14 15 0 0 0 0 0 0 0 0 0 0 0 0 0 0 0 0 0 0 0 0 
0 0 0 0 0 0 0 0 0 0 0 0 0 0 0 0 0 0 0 0 47 46 44 47 142 138 133 143 166 162 159 207 118 116 121 239 114 87 91 255 154 75 68 255 184 71 56 255 206 75 56 255 190 74 56 255 135 67 57 255 99 62 57 255 81 60 57 255 70 57 58 255 66 55 58 255 72 64 69 255 87 83 91 255 118 116 121 239 166 162 159 207 142 138 133 143 47 46 44 47 0 0 0 0 0 0 0 0 0 0 0 0 0 0 0 0 0 0 0 0 0 0 0 0 0 0 0 0 
0 0 0 0 0 0 0 0 0 0 0 0 0 0 0 0 0 0 0 0 15 15 14 15 47 46 44 47 97 95 92 111 165 162 158 207 171 159 158 255 114 87 91 255 118 57 57 255 184 71 56 255 208 76 56 255 190 74 56 255 154 69 56 255 99 62 57 255 66 55 58 255 55 49 58 255 87 83 91 255 162 158 158 255 166 162 158 207 97 95 92 111 47 46 44 47 15 15 14 15 0 0 0 0 0 0 0 0 0 0 0 0 0 0 0 0 0 0 0 0 0 0 0 0 0 0 0 0 
0 0 0 0 0 0 0 0 0 0 0 0 0 0 0 0 0 0 0 0 0 0 0 0 0 0 0 0 47 46 44 47 142 138 133 143 166 162 159 207 118 116 121 239 114 87 91 255 154 75 68 255 175 70 56 255 179 72 56 255 152 68 56 255 93 59 57 255 72 64 69 255 87 83 91 255 118 116 121 239 166 162 159 207 142 138 133 143 47 46 44 47 0 0 0 0 0 0 0 0 0 0 0 0 0 0 0 0 0 0 0 0 0 0 0 0 0 0 0 0 0 0 0 0 0 0 0 0 
0 0 0 0 0 0 0 0 0 0 0 0 0 0 0 0 0 0 0 0 0 0 0 0 0 0 0 0 15 15 14 15 47 46 44 47 97 95 92 111 165 162 158 207 171 159 158 255 114 87 91 255 91 54 57 255 102 60 57 255 93 59 57 255 64 50 57 255 87 83 91 255 162 158 158 255 166 162 158 207 97 95 92 111 47 46 44 47 15 15 14 15 0 0 0 0 0 0 0 0 0 0 0 0 0 0 0 0 0 0 0 0 0 0 0 0 0 0 0 0 0 0 0 0 0 0 0 0 
0 0 0 0 0 0 0 0 0 0 0 0 0 0 0 0 0 0 0 0 0 0 0 0 0 0 0 0 0 0 0 0 0 0 0 0 47 46 44 47 142 138 133 143 166 162 159 207 118 116 121 239 87 83 91 255 72 64 69 255 72 64 69 255 87 83 91 255 118 116 121 239 166 162 159 207 142 138 133 143 47 46 44 47 0 0 0 0 0 0 0 0 0 0 0 0 0 0 0 0 0 0 0 0 0 0 0 0 0 0 0 0 0 0 0 0 0 0 0 0 0 0 0 0 0 0 0 0 
0 0 0 0 0 0 0 0 0 0 0 0 0 0 0 0 0 0 0 0 0 0 0 0 0 0 0 0 0 0 0 0 0 0 0 0 15 15 14 15 47 46 44 47 97 95 92 111 165 162 158 207 162 158 158 255 87 83 91 255 87 83 91 255 162 158 158 255 166 162 158 207 97 95 92 111 47 46 44 47 15 15 14 15 0 0 0 0 0 0 0 0 0 0 0 0 0 0 0 0 0 0 0 0 0 0 0 0 0 0 0 0 0 0 0 0 0 0 0 0 0 0 0 0 0 0 0 0 
0 0 0 0 0 0 0 0 0 0 0 0 0 0 0 0 0 0 0 0 0 0 0 0 0 0 0 0 0 0 0 0 0 0 0 0 0 0 0 0 0 0 0 0 47 46 44 47 142 138 133 143 166 162 159 207 118 116 121 239 118 116 121 239 165 162 158 207 142 138 133 143 47 46 44 47 0 0 0 0 0 0 0 0 0 0 0 0 0 0 0 0 0 0 0 0 0 0 0 0 0 0 0 0 0 0 0 0 0 0 0 0 0 0 0 0 0 0 0 0 0 0 0 0 0 0 0 0 
0 0 0 0 0 0 0 0 0 0 0 0 0 0 0 0 0 0 0 0 0 0 0 0 0 0 0 0 0 0 0 0 0 0 0 0 0 0 0 0 0 0 0 0 15 15 14 15 47 46 44 47 97 95 92 111 165 162 158 207 166 162 159 207 97 95 92 111 47 46 44 47 15 15 14 15 0 0 0 0 0 0 0 0 0 0 0 0 0 0 0 0 0 0 0 0 0 0 0 0 0 0 0 0 0 0 0 0 0 0 0 0 0 0 0 0 0 0 0 0 0 0 0 0 0 0 0 0 
0 0 0 0 0 0 0 0 0 0 0 0 0 0 0 0 0 0 0 0 0 0 0 0 0 0 0 0 0 0 0 0 0 0 0 0 0 0 0 0 0 0 0 0 0 0 0 0 0 0 0 0 47 46 44 47 142 138 133 143 142 138 133 143 47 46 44 47 0 0 0 0 0 0 0 0 0 0 0 0 0 0 0 0 0 0 0 0 0 0 0 0 0 0 0 0 0 0 0 0 0 0 0 0 0 0 0 0 0 0 0 0 0 0 0 0 0 0 0 0 0 0 0 0 0 0 0 0 
0 0 0 0 0 0 0 0 0 0 0 0 0 0 0 0 0 0 0 0 0 0 0 0 0 0 0 0 0 0 0 0 0 0 0 0 0 0 0 0 0 0 0 0 0 0 0 0 0 0 0 0 15 15 14 15 47 46 44 47 47 46 44 47 15 15 14 15 0 0 0 0 0 0 0 0 0 0 0 0 0 0 0 0 0 0 0 0 0 0 0 0 0 0 0 0 0 0 0 0 0 0 0 0 0 0 0 0 0 0 0 0 0 0 0 0 0 0 0 0 0 0 0 0 0 0 0 0 
0 0 0 0 0 0 0 0 0 0 0 0 0 0 0 0 0 0 0 0 0 0 0 0 0 0 0 0 0 0 0 0 0 0 0 0 0 0 0 0 0 0 0 0 0 0 0 0 0 0 0 0 0 0 0 0 0 0 0 0 0 0 0 0 0 0 0 0 0 0 0 0 0 0 0 0 0 0 0 0 0 0 0 0 0 0 0 0 0 0 0 0 0 0 0 0 0 0 0 0 0 0 0 0 0 0 0 0 0 0 0 0 0 0 0 0 0 0 0 0 0 0 0 0 0 0 0 0 
0 0 0 0 0 0 0 0 0 0 0 0 0 0 0 0 0 0 0 0 0 0 0 0 0 0 0 0 0 0 0 0 0 0 0 0 0 0 0 0 0 0 0 0 0 0 0 0 0 0 0 0 0 0 0 0 0 0 0 0 0 0 0 0 0 0 0 0 0 0 0 0 0 0 0 0 0 0 0 0 0 0 0 0 0 0 0 0 0 0 0 0 0 0 0 0 0 0 0 0 0 0 0 0 0 0 0 0 0 0 0 0 0 0 0 0 0 0 0 0 0 0 0 0 0 0 0 0 
0 0 0 0 0 0 0 0 0 0 0 0 0 0 0 0 0 0 0 0 0 0 0 0 0 0 0 0 0 0 0 0 0 0 0 0 0 0 0 0 0 0 0 0 0 0 0 0 0 0 0 0 0 0 0 0 0 0 0 0 0 0 0 0 0 0 0 0 0 0 0 0 0 0 0 0 0 0 0 0 0 0 0 0 0 0 0 0 0 0 0 0 0 0 0 0 0 0 0 0 0 0 0 0 0 0 0 0 0 0 0 0 0 0 0 0 0 0 0 0 0 0 0 0 0 0 0 0 
