107 83 78 255 107 83 78 255 107 83 78 255 88 71 67 255 52 46 45 255 59 55 54 255 109 98 95 255 133 109 107 255 130 89 91 255 130 89 91 255 133 109 107 255 127 110 106 255 114 92 87 255 107 83 78 255 107 83 78 255 107 83 78 255 107 83 78 255 98 81 78 255 80 78 77 255 85 77 78 255 114 78 81 255 130 89 91 255 133 109 107 255 127 110 106 255 114 92 87 255 88 71 67 255 52 46 45 255 52 46 45 255 88 71 67 255 107 83 78 255 107 83 78 255 107 83 78 255 
107 83 78 255 107 83 78 255 107 83 78 255 88 71 67 255 52 46 45 255 59 55 54 255 109 98 95 255 133 109 107 255 130 89 91 255 130 89 91 255 133 109 107 255 127 110 106 255 114 92 87 255 107 83 78 255 107 83 78 255 107 83 78 255 107 83 78 255 98 81 78 255 80 78 77 255 85 77 78 255 114 78 81 255 130 89 91 255 133 109 107 255 127 110 106 255 114 92 87 255 88 71 67 255 52 46 45 255 52 46 45 255 88 71 67 255 107 83 78 255 107 83 78 255 107 83 78 255 
83 67 64 255 83 67 64 255 83 67 64 255 71 58 57 255 46 42 41 255 67 69 69 255 133 139 140 255 161 144 152 255 153 84 103 255 153 84 103 255 161 144 152 255 145 148 148 255 104 94 92 255 83 67 64 255 83 67 64 255 83 67 64 255 83 67 64 255 99 90 89 255 129 137 139 255 146 133 142 255 148 80 100 255 153 84 103 255 161 144 152 255 145 148 148 255 104 94 92 255 71 58 57 255 46 42 41 255 46 42 41 255 71 58 57 255 83 67 64 255 83 67 64 255 83 67 64 255 
72 59 57 255 72 59 58 255 72 59 57 255 62 52 52 255 43 40 40 255 61 65 66 255 117 129 131 255 152 132 145 255 166 77 107 255 174 77 110 255 175 134 153 255 147 135 144 255 90 80 82 255 62 52 52 255 62 52 51 255 62 52 52 255 62 52 51 255 90 80 82 255 147 135 144 255 171 132 150 255 163 71 102 255 155 70 99 255 148 130 142 255 124 133 135 255 83 79 79 255 55 48 47 255 41 38 38 255 43 40 40 255 62 52 52 255 72 59 58 255 72 59 58 255 72 59 58 255 
72 59 57 255 72 59 58 255 72 59 57 255 62 52 52 255 43 40 40 255 43 44 44 255 61 65 66 255 104 73 85 255 171 68 103 255 194 69 111 255 174 77 110 255 134 71 92 255 73 50 57 255 43 40 40 255 43 40 40 255 43 40 40 255 43 40 40 255 73 50 57 255 134 71 92 255 163 71 102 255 160 51 86 255 137 49 77 255 93 67 77 255 64 67 67 255 50 49 49 255 41 38 38 255 36 35 35 255 43 40 40 255 62 52 52 255 72 59 58 255 72 59 58 255 72 59 58 255 
62 52 51 255 62 52 52 255 62 52 51 255 55 48 47 255 41 38 38 255 34 34 34 255 34 34 34 255 80 43 56 255 173 63 100 255 208 68 110 255 185 56 85 255 146 46 65 255 92 39 51 255 65 35 45 255 65 35 45 255 65 35 45 255 65 35 45 255 92 39 51 255 146 46 65 255 170 47 73 255 162 43 76 255 127 39 67 255 65 35 45 255 34 34 34 255 34 34 34 255 34 34 34 255 34 34 34 255 41 38 38 255 55 48 47 255 62 52 52 255 62 52 52 255 62 52 52 255 
43 40 40 255 43 40 40 255 43 40 40 255 41 38 38 255 36 35 35 255 34 34 34 255 34 34 34 255 80 43 56 255 173 63 100 255 215 72 107 255 207 70 76 255 184 61 62 255 146 46 65 255 127 39 67 255 127 39 67 255 127 39 67 255 127 39 67 255 146 46 65 255 184 61 62 255 192 61 65 255 170 47 73 255 127 39 67 255 65 35 45 255 34 34 34 255 34 34 34 255 34 34 34 255 34 34 34 255 36 35 35 255 41 38 38 255 43 40 40 255 43 40 40 255 43 40 40 255 
49 44 43 255 49 44 43 255 39 37 37 255 39 37 37 255 49 44 43 255 55 48 46 255 55 48 46 255 96 54 65 255 178 67 103 255 219 74 106 255 218 77 72 255 206 71 60 255 184 57 68 255 173 50 72 255 173 50 72 255 173 50 72 255 173 50 72 255 184 57 68 255 206 71 60 255 203 68 61 255 173 50 72 255 133 42 70 255 81 46 54 255 55 48 46 255 55 48 46 255 55 48 46 255 55 48 46 255 55 48 46 255 55 48 46 255 55 48 46 255 55 48 46 255 55 48 46 255 
81 66 62 255 81 66 62 255 49 44 43 255 49 44 43 255 81 66 62 255 97 77 72 255 97 77 72 255 128 76 84 255 189 74 110 255 219 74 106 255 218 77 72 255 214 75 57 255 206 71 60 255 203 68 61 255 203 68 61 255 203 68 61 255 203 68 61 255 206 71 60 255 214 75 57 255 203 68 61 255 173 50 72 255 143 50 76 255 113 68 73 255 97 77 72 255 97 77 72 255 97 77 72 255 97 77 72 255 97 77 72 255 97 77 72 255 97 77 72 255 97 77 72 255 97 77 72 255 
91 72 68 255 91 72 68 255 59 51 49 255 59 51 49 255 91 72 68 255 107 83 78 255 107 83 78 255 131 79 86 255 180 70 103 255 208 68 97 255 214 74 69 255 218 78 56 255 217 78 56 255 218 78 56 255 217 78 56 255 218 78 56 255 217 78 56 255 218 78 56 255 218 78 56 255 203 68 61 255 173 50 72 255 146 51 78 255 120 73 78 255 107 83 78 255 107 83 78 255 107 83 78 255 107 83 78 255 107 83 78 255 107 83 78 255 107 83 78 255 107 83 78 255 107 83 78 255 
78 63 61 255 78 63 61 255 67 56 55 255 67 56 55 255 78 63 61 255 83 67 64 255 83 67 64 255 106 62 70 255 151 53 83 255 185 56 80 255 207 70 64 255 218 78 56 255 217 78 56 255 218 78 56 255 217 78 56 255 218 78 56 255 217 78 56 255 218 78 56 255 218 78 56 255 203 68 61 255 173 50 72 255 140 47 74 255 102 60 68 255 83 67 64 255 83 67 64 255 83 67 64 255 83 67 64 255 83 67 64 255 83 67 64 255 83 67 64 255 83 67 64 255 83 67 64 255 
72 59 57 255 72 59 58 255 72 59 57 255 72 59 58 255 72 59 57 255 72 59 58 255 72 59 57 255 97 56 65 255 148 51 81 255 185 56 80 255 207 70 64 255 218 78 56 255 217 78 56 255 218 78 56 255 217 78 56 255 218 78 56 255 217 78 56 255 218 78 56 255 218 78 56 255 197 69 60 255 157 53 68 255 120 48 69 255 88 55 61 255 72 59 58 255 72 59 58 255 69 57 56 255 64 54 53 255 64 54 53 255 69 57 56 255 72 59 58 255 72 59 58 255 72 59 58 255 
72 59 57 255 72 59 58 255 72 59 57 255 72 59 58 255 72 59 57 255 72 59 58 255 72 59 57 255 105 60 71 255 171 64 98 255 208 68 97 255 214 74 69 255 218 78 56 255 217 78 56 255 218 78 56 255 217 78 56 255 218 78 56 255 217 78 56 255 218 78 56 255 218 78 56 255 186 72 57 255 124 60 61 255 88 55 61 255 77 57 59 255 72 59 58 255 72 59 58 255 64 54 53 255 50 44 44 255 50 44 44 255 64 54 53 255 72 59 58 255 72 59 58 255 72 59 58 255 
62 52 51 255 62 52 52 255 62 52 51 255 62 52 52 255 62 52 51 255 62 52 52 255 62 52 51 255 101 58 69 255 180 68 105 255 219 74 106 255 218 77 72 255 218 78 56 255 217 78 56 255 218 78 56 255 217 78 56 255 218 78 56 255 217 78 56 255 218 78 56 255 218 78 56 255 186 72 57 255 124 60 61 255 85 54 60 255 70 53 54 255 62 52 52 255 62 52 52 255 55 48 47 255 41 38 38 255 41 38 38 255 55 48 47 255 62 52 52 255 62 52 52 255 62 52 52 255 
43 40 40 255 43 40 40 255 43 40 40 255 43 40 40 255 43 40 40 255 43 40 40 255 43 40 40 255 87 48 60 255 175 65 102 255 219 74 106 255 218 77 72 255 218 78 56 255 217 78 56 255 218 78 56 255 217 78 56 255 218 78 56 255 217 78 56 255 218 78 56 255 218 78 56 255 197 69 60 255 157 53 68 255 113 44 64 255 66 41 48 255 43 40 40 255 43 40 40 255 41 38 38 255 36 35 35 255 36 35 35 255 41 38 38 255 43 40 40 255 43 40 40 255 43 40 40 255 
55 48 46 255 55 48 46 255 55 48 46 255 55 48 46 255 55 48 46 255 55 48 46 255 55 48 46 255 96 54 65 255 178 67 103 255 219 74 106 255 218 77 72 255 218 78 56 255 217 78 56 255 218 78 56 255 217 78 56 255 218 78 56 255 217 78 56 255 218 78 56 255 218 78 56 255 203 68 61 255 173 50 72 255 133 42 70 255 81 46 54 255 55 48 46 255 55 48 46 255 55 48 46 255 55 48 46 255 49 44 43 255 39 37 37 255 35 34 34 255 38 34 36 255 38 34 36 255 
97 77 72 255 97 77 72 255 97 77 72 255 97 77 72 255 97 77 72 255 97 77 72 255 97 77 72 255 128 76 84 255 189 74 110 255 219 74 106 255 218 77 72 255 218 78 56 255 217 78 56 255 218 78 56 255 217 78 56 255 218 78 56 255 217 78 56 255 218 78 56 255 218 78 56 255 203 68 61 255 173 50 72 255 143 50 76 255 113 68 73 255 97 77 72 255 97 77 72 255 97 77 72 255 97 77 72 255 81 66 62 255 49 44 43 255 38 34 36 255 46 36 40 255 46 36 40 255 
107 83 78 255 107 83 78 255 107 83 78 255 107 83 78 255 107 83 78 255 107 83 78 255 107 83 78 255 126 80 85 255 164 73 99 255 191 72 94 255 209 76 68 255 218 78 56 255 217 78 56 255 214 75 57 255 206 71 60 255 206 71 60 255 214 75 57 255 218 78 56 255 218 78 56 255 203 68 61 255 173 50 72 255 146 51 78 255 120 73 78 255 107 83 78 255 107 83 78 255 107 83 78 255 107 83 78 255 88 71 67 255 52 46 45 255 40 36 37 255 53 40 44 255 53 40 44 255 
83 67 64 255 83 67 64 255 83 67 64 255 83 67 64 255 83 67 64 255 83 67 64 255 83 67 64 255 90 66 67 255 102 63 71 255 136 66 69 255 190 74 60 255 218 78 56 255 217 78 56 255 206 71 60 255 184 57 68 255 184 57 68 255 206 71 60 255 218 78 56 255 218 78 56 255 203 68 61 255 173 50 72 255 140 47 74 255 102 60 68 255 83 67 64 255 83 67 64 255 83 67 64 255 83 67 64 255 71 58 57 255 46 42 41 255 42 38 39 255 59 48 49 255 59 48 49 255 
72 59 57 255 72 59 58 255 72 59 57 255 72 59 58 255 72 59 57 255 69 57 56 255 64 54 53 255 74 55 57 255 97 60 68 255 136 66 69 255 190 74 60 255 214 75 57 255 206 71 60 255 184 61 62 255 146 46 65 255 146 46 65 255 184 61 62 255 206 71 60 255 214 75 57 255 203 68 61 255 173 50 72 255 137 45 73 255 93 54 63 255 72 59 58 255 72 59 58 255 72 59 58 255 72 59 58 255 62 52 52 255 43 40 40 255 43 40 40 255 62 52 52 255 62 52 52 255 
72 59 57 255 72 59 58 255 72 59 57 255 72 59 58 255 72 59 57 255 64 54 53 255 50 44 44 255 78 47 56 255 148 62 90 255 191 72 94 255 209 76 68 255 206 71 60 255 184 57 68 255 146 46 65 255 92 39 51 255 92 39 51 255 146 46 65 255 184 57 68 255 206 71 60 255 203 68 61 255 173 50 72 255 137 45 73 255 93 54 63 255 72 59 58 255 72 59 58 255 72 59 58 255 72 59 58 255 62 52 52 255 43 40 40 255 43 40 40 255 62 52 52 255 62 52 52 255 
62 52 51 255 62 52 52 255 62 52 51 255 62 52 52 255 62 52 51 255 55 48 47 255 41 38 38 255 80 43 56 255 173 63 100 255 215 72 107 255 207 70 76 255 184 61 62 255 146 46 65 255 104 37 58 255 57 35 42 255 57 35 42 255 104 37 58 255 146 46 65 255 184 61 62 255 192 61 65 255 170 47 73 255 134 43 71 255 86 49 58 255 62 52 52 255 62 52 52 255 62 52 52 255 62 52 52 255 55 48 47 255 41 38 38 255 41 38 38 255 55 48 47 255 55 48 47 255 
43 40 40 255 43 40 40 255 43 40 40 255 43 40 40 255 43 40 40 255 41 38 38 255 36 35 35 255 80 43 56 255 173 63 100 255 208 68 110 255 185 56 85 255 146 46 65 255 92 39 51 255 57 35 42 255 41 34 36 255 41 34 36 255 57 35 42 255 92 39 51 255 146 46 65 255 170 47 73 255 162 43 76 255 130 40 68 255 72 40 49 255 43 40 40 255 43 40 40 255 43 40 40 255 43 40 40 255 41 38 38 255 36 35 35 255 36 35 35 255 41 38 38 255 41 38 38 255 
55 48 46 255 55 48 46 255 55 48 46 255 49 44 43 255 39 37 37 255 39 37 37 255 49 44 43 255 96 54 65 255 178 67 103 255 196 65 109 255 150 47 81 255 109 41 61 255 73 46 51 255 55 48 46 255 55 48 46 255 55 48 46 255 55 48 46 255 73 46 51 255 109 41 61 255 135 39 69 255 151 40 75 255 133 42 70 255 81 46 54 255 55 48 46 255 55 48 46 255 55 48 46 255 55 48 46 255 55 48 46 255 55 48 46 255 55 48 46 255 55 48 46 255 55 48 46 255 
97 77 72 255 97 77 72 255 97 77 72 255 81 66 62 255 49 44 43 255 49 44 43 255 81 66 62 255 128 76 84 255 189 74 110 255 181 64 103 255 103 45 64 255 73 46 51 255 89 67 65 255 97 77 72 255 97 77 72 255 97 77 72 255 97 77 72 255 89 67 65 255 73 46 51 255 88 37 53 255 135 39 69 255 143 50 76 255 113 68 73 255 97 77 72 255 97 77 72 255 97 77 72 255 97 77 72 255 97 77 72 255 97 77 72 255 97 77 72 255 97 77 72 255 97 77 72 255 
107 83 78 255 107 83 78 255 107 83 78 255 88 71 67 255 52 46 45 255 52 46 45 255 88 71 67 255 123 78 83 255 156 68 95 255 141 58 85 255 76 46 55 255 59 51 49 255 91 72 68 255 107 83 78 255 107 83 78 255 107 83 78 255 107 83 78 255 91 72 68 255 59 51 49 255 64 40 46 255 106 39 60 255 122 50 69 255 112 72 75 255 107 83 78 255 107 83 78 255 107 83 78 255 107 83 78 255 107 83 78 255 107 83 78 255 107 83 78 255 107 83 78 255 107 83 78 255 
83 67 64 255 83 67 64 255 83 67 64 255 71 58 57 255 46 42 41 255 46 42 41 255 71 58 57 255 82 61 62 255 81 49 58 255 76 46 55 255 67 50 53 255 67 56 55 255 78 63 61 255 83 67 64 255 83 67 64 255 83 67 64 255 83 67 64 255 78 63 61 255 67 56 55 255 63 48 50 255 64 40 46 255 69 43 49 255 79 59 59 255 83 67 64 255 83 67 64 255 83 67 64 255 83 67 64 255 83 67 64 255 83 67 64 255 83 67 64 255 83 67 64 255 83 67 64 255 
72 59 57 255 72 59 58 255 72 59 57 255 62 52 52 255 43 40 40 255 43 40 39 255 62 52 51 255 64 54 53 255 50 44 44 255 50 44 44 255 64 54 53 255 72 59 58 255 72 59 57 255 72 59 58 255 72 59 57 255 69 57 56 255 64 54 53 255 64 54 53 255 69 57 56 255 62 52 52 255 43 40 40 255 43 40 40 255 62 52 52 255 69 57 56 255 64 54 53 255 64 54 53 255 69 57 56 255 72 59 58 255 72 59 58 255 72 59 58 255 72 59 58 255 72 59 58 255 
72 59 57 255 72 59 58 255 72 59 57 255 62 52 52 255 43 40 40 255 43 40 39 255 62 52 51 255 69 57 56 255 64 54 53 255 64 54 53 255 69 57 56 255 72 59 58 255 72 59 57 255 72 59 58 255 72 59 57 255 64 54 53 255 50 44 44 255 50 44 44 255 64 54 53 255 62 52 52 255 43 40 40 255 43 40 40 255 62 52 52 255 64 54 53 255 50 44 44 255 50 44 44 255 64 54 53 255 72 59 58 255 72 59 58 255 72 59 58 255 72 59 58 255 72 59 58 255 
62 52 51 255 62 52 52 255 62 52 51 255 55 48 47 255 41 38 38 255 41 38 38 255 55 48 47 255 62 52 52 255 62 52 51 255 62 52 52 255 62 52 51 255 62 52 52 255 62 52 51 255 62 52 52 255 62 52 51 255 55 48 47 255 41 38 38 255 41 38 38 255 55 48 47 255 55 48 47 255 41 38 38 255 41 38 38 255 55 48 47 255 55 48 47 255 41 38 38 255 41 38 38 255 55 48 47 255 62 52 52 255 62 52 52 255 62 52 52 255 62 52 52 255 62 52 52 255 
43 40 40 255 43 40 40 255 43 40 40 255 41 38 38 255 36 35 35 255 36 35 35 255 41 38 38 255 43 40 40 255 43 40 40 255 43 40 40 255 43 40 40 255 43 40 40 255 43 40 40 255 43 40 40 255 43 40 40 255 41 38 38 255 36 35 35 255 36 35 35 255 41 38 38 255 41 38 38 255 36 35 35 255 36 35 35 255 41 38 38 255 41 38 38 255 36 35 35 255 36 35 35 255 41 38 38 255 43 40 40 255 43 40 40 255 43 40 40 255 43 40 40 255 43 40 40 255 
43 40 40 255 43 40 40 255 43 40 40 255 41 38 38 255 36 35 35 255 36 35 35 255 41 38 38 255 43 40 40 255 43 40 40 255 43 40 40 255 43 40 40 255 43 40 40 255 43 40 40 255 43 40 40 255 43 40 40 255 41 38 38 255 36 35 35 255 36 35 35 255 41 38 38 255 41 38 38 255 36 35 35 255 36 35 35 255 41 38 38 255 41 38 38 255 36 35 35 255 36 35 35 255 41 38 38 255 43 40 40 255 43 40 40 255 43 40 40 255 43 40 40 255 43 40 40 255 
