107 83 78 255 107 83 78 255 107 83 78 255 88 71 67 255 52 46 45 255 59 55 54 255 109 98 95 255 127 114 107 255 112 103 91 255 112 103 91 255 127 114 107 255 127 110 106 255 114 92 87 255 107 83 78 255 107 83 78 255 107 83 78 255 107 83 78 255 98 81 78 255 80 78 77 255 79 81 78 255 96 92 81 255 112 103 91 255 127 114 107 255 127 110 106 255 114 92 87 255 88 71 67 255 52 46 45 255 52 46 45 255 88 71 67 255 107 83 78 255 107 83 78 255 107 83 78 255 
107 83 78 255 107 83 78 255 107 83 78 255 88 71 67 255 52 46 45 255 59 55 54 255 109 98 95 255 127 114 107 255 112 103 91 255 112 103 91 255 127 114 107 255 127 110 106 255 114 92 87 255 107 83 78 255 107 83 78 255 107 83 78 255 107 83 78 255 98 81 78 255 80 78 77 255 79 81 78 255 96 92 81 255 112 103 91 255 127 114 107 255 127 110 106 255 114 92 87 255 88 71 67 255 52 46 45 255 52 46 45 255 88 71 67 255 107 83 78 255 107 83 78 255 107 83 78 255 
83 67 64 255 83 67 64 255 83 67 64 255 71 58 57 255 46 42 41 255 67 69 69 255 133 139 140 255 143 158 152 255 98 125 104 255 98 125 104 255 143 158 152 255 145 148 148 255 104 94 92 255 83 67 64 255 83 67 64 255 83 67 64 255 83 67 64 255 99 90 89 255 129 137 139 255 127 147 142 255 92 122 101 255 98 125 104 255 143 158 152 255 145 148 148 255 104 94 92 255 71 58 57 255 46 42 41 255 46 42 41 255 71 58 57 255 83 67 64 255 83 67 64 255 83 67 64 255 
72 59 57 255 72 59 58 255 72 59 57 255 62 52 52 255 43 40 40 255 61 65 66 255 117 129 131 255 129 155 141 255 98 145 97 255 100 150 99 255 134 170 149 255 129 148 144 255 84 84 82 255 62 52 52 255 62 52 51 255 62 52 52 255 62 52 51 255 84 84 82 255 129 148 144 255 129 164 150 255 83 131 103 255 81 126 100 255 123 149 142 255 124 133 135 255 83 79 79 255 55 48 47 255 41 38 38 255 43 40 40 255 62 52 52 255 72 59 58 255 72 59 58 255 72 59 58 255 
72 59 57 255 72 59 58 255 72 59 57 255 62 52 52 255 43 40 40 255 43 44 44 255 61 65 66 255 85 105 74 255 114 163 69 255 119 178 77 255 100 150 99 255 79 112 93 255 55 64 57 255 43 40 40 255 43 40 40 255 43 40 40 255 43 40 40 255 55 64 57 255 79 112 93 255 83 131 103 255 68 120 87 255 63 105 78 255 68 85 77 255 64 67 67 255 50 49 49 255 41 38 38 255 36 35 35 255 43 40 40 255 62 52 52 255 72 59 58 255 72 59 58 255 72 59 58 255 
62 52 51 255 62 52 52 255 62 52 51 255 55 48 47 255 41 38 38 255 34 34 34 255 34 34 34 255 63 79 41 255 121 171 55 255 129 195 66 255 86 150 73 255 58 109 69 255 46 72 53 255 40 54 45 255 40 54 45 255 40 54 45 255 40 54 45 255 46 72 53 255 58 109 69 255 63 124 77 255 61 118 78 255 54 94 67 255 40 54 45 255 34 34 34 255 34 34 34 255 34 34 34 255 34 34 34 255 41 38 38 255 55 48 47 255 62 52 52 255 62 52 52 255 62 52 52 255 
43 40 40 255 43 40 40 255 43 40 40 255 41 38 38 255 36 35 35 255 34 34 34 255 34 34 34 255 63 79 41 255 121 171 55 255 131 202 65 255 91 170 70 255 67 139 71 255 58 109 69 255 54 94 67 255 54 94 67 255 54 94 67 255 54 94 67 255 58 109 69 255 67 139 71 255 68 144 74 255 63 124 77 255 54 94 67 255 40 54 45 255 34 34 34 255 34 34 34 255 34 34 34 255 34 34 34 255 36 35 35 255 41 38 38 255 43 40 40 255 43 40 40 255 43 40 40 255 
49 44 43 255 49 44 43 255 39 37 37 255 39 37 37 255 49 44 43 255 55 48 46 255 55 48 46 255 79 90 50 255 127 175 58 255 132 205 65 255 94 179 69 255 72 157 72 255 67 137 75 255 64 128 77 255 64 128 77 255 64 128 77 255 64 128 77 255 67 137 75 255 72 157 72 255 71 154 73 255 64 128 77 255 59 98 70 255 56 65 54 255 55 48 46 255 55 48 46 255 55 48 46 255 55 48 46 255 55 48 46 255 55 48 46 255 55 48 46 255 55 48 46 255 55 48 46 255 
81 66 62 255 81 66 62 255 49 44 43 255 49 44 43 255 81 66 62 255 97 77 72 255 97 77 72 255 111 112 69 255 137 182 65 255 132 205 65 255 94 179 69 255 74 163 71 255 72 157 72 255 71 154 73 255 71 154 73 255 71 154 73 255 71 154 73 255 72 157 72 255 74 163 71 255 71 154 73 255 64 128 77 255 70 105 77 255 88 86 73 255 97 77 72 255 97 77 72 255 97 77 72 255 97 77 72 255 97 77 72 255 97 77 72 255 97 77 72 255 97 77 72 255 97 77 72 255 
91 72 68 255 91 72 68 255 59 51 49 255 59 51 49 255 91 72 68 255 107 83 78 255 107 83 78 255 112 110 75 255 123 165 69 255 115 185 68 255 88 173 70 255 75 167 71 255 75 167 71 255 75 167 71 255 75 167 71 255 75 167 71 255 75 167 71 255 75 167 71 255 75 167 71 255 71 154 73 255 64 128 77 255 72 107 78 255 95 91 78 255 107 83 78 255 107 83 78 255 107 83 78 255 107 83 78 255 107 83 78 255 107 83 78 255 107 83 78 255 107 83 78 255 107 83 78 255 
78 63 61 255 78 63 61 255 67 56 55 255 67 56 55 255 78 63 61 255 83 67 64 255 83 67 64 255 83 85 67 255 83 122 72 255 81 147 74 255 77 160 72 255 75 167 71 255 75 167 71 255 75 167 71 255 75 167 71 255 75 167 71 255 75 167 71 255 75 167 71 255 75 167 71 255 71 154 73 255 64 128 77 255 66 103 75 255 78 79 68 255 83 67 64 255 83 67 64 255 83 67 64 255 83 67 64 255 83 67 64 255 83 67 64 255 83 67 64 255 83 67 64 255 83 67 64 255 
72 59 57 255 72 59 58 255 72 59 57 255 72 59 58 255 72 59 57 255 72 59 58 255 72 59 57 255 74 79 62 255 80 120 70 255 81 147 74 255 77 160 72 255 75 167 71 255 75 167 71 255 75 167 71 255 75 167 71 255 75 167 71 255 75 167 71 255 75 167 71 255 75 167 71 255 72 150 71 255 66 117 73 255 65 90 69 255 69 69 61 255 72 59 58 255 72 59 58 255 69 57 56 255 64 54 53 255 64 54 53 255 69 57 56 255 72 59 58 255 72 59 58 255 72 59 58 255 
72 59 57 255 72 59 58 255 72 59 57 255 72 59 58 255 72 59 57 255 72 59 58 255 72 59 57 255 86 92 60 255 114 158 64 255 115 185 68 255 88 173 70 255 75 167 71 255 75 167 71 255 75 167 71 255 75 167 71 255 75 167 71 255 75 167 71 255 75 167 71 255 75 167 71 255 73 143 69 255 70 96 65 255 69 69 61 255 71 62 59 255 72 59 58 255 72 59 58 255 64 54 53 255 50 44 44 255 50 44 44 255 64 54 53 255 72 59 58 255 72 59 58 255 72 59 58 255 
62 52 51 255 62 52 52 255 62 52 51 255 62 52 52 255 62 52 51 255 62 52 52 255 62 52 51 255 84 94 54 255 128 176 60 255 132 205 65 255 94 179 69 255 75 167 71 255 75 167 71 255 75 167 71 255 75 167 71 255 75 167 71 255 75 167 71 255 75 167 71 255 75 167 71 255 73 143 69 255 70 96 65 255 67 67 60 255 64 57 54 255 62 52 52 255 62 52 52 255 55 48 47 255 41 38 38 255 41 38 38 255 55 48 47 255 62 52 52 255 62 52 52 255 62 52 52 255 
43 40 40 255 43 40 40 255 43 40 40 255 43 40 40 255 43 40 40 255 43 40 40 255 43 40 40 255 70 84 45 255 124 173 57 255 132 205 65 255 94 179 69 255 75 167 71 255 75 167 71 255 75 167 71 255 75 167 71 255 75 167 71 255 75 167 71 255 75 167 71 255 75 167 71 255 72 150 71 255 66 117 73 255 58 85 65 255 48 55 48 255 43 40 40 255 43 40 40 255 41 38 38 255 36 35 35 255 36 35 35 255 41 38 38 255 43 40 40 255 43 40 40 255 43 40 40 255 
55 48 46 255 55 48 46 255 55 48 46 255 55 48 46 255 55 48 46 255 55 48 46 255 55 48 46 255 79 90 50 255 127 175 58 255 132 205 65 255 94 179 69 255 75 167 71 255 75 167 71 255 75 167 71 255 75 167 71 255 75 167 71 255 75 167 71 255 75 167 71 255 75 167 71 255 71 154 73 255 64 128 77 255 59 98 70 255 56 65 54 255 55 48 46 255 55 48 46 255 55 48 46 255 55 48 46 255 49 44 43 255 39 37 37 255 35 34 34 255 38 34 36 255 38 34 36 255 
97 77 72 255 97 77 72 255 97 77 72 255 97 77 72 255 97 77 72 255 97 77 72 255 97 77 72 255 111 112 69 255 137 182 65 255 132 205 65 255 94 179 69 255 75 167 71 255 75 167 71 255 75 167 71 255 75 167 71 255 75 167 71 255 75 167 71 255 75 167 71 255 75 167 71 255 71 154 73 255 64 128 77 255 70 105 77 255 88 86 73 255 97 77 72 255 97 77 72 255 97 77 72 255 97 77 72 255 81 66 62 255 49 44 43 255 38 34 36 255 46 36 40 255 46 36 40 255 
107 83 78 255 107 83 78 255 107 83 78 255 107 83 78 255 107 83 78 255 107 83 78 255 107 83 78 255 113 107 74 255 125 154 65 255 117 175 64 255 89 169 68 255 75 167 71 255 75 167 71 255 74 163 71 255 72 157 72 255 72 157 72 255 74 163 71 255 75 167 71 255 75 167 71 255 71 154 73 255 64 128 77 255 72 107 78 255 95 91 78 255 107 83 78 255 107 83 78 255 107 83 78 255 107 83 78 255 88 71 67 255 52 46 45 255 40 36 37 255 53 40 44 255 53 40 44 255 
83 67 64 255 83 67 64 255 83 67 64 255 83 67 64 255 83 67 64 255 83 67 64 255 83 67 64 255 85 75 63 255 89 90 60 255 87 115 62 255 79 149 68 255 75 167 71 255 75 167 71 255 72 157 72 255 67 137 75 255 67 137 75 255 72 157 72 255 75 167 71 255 75 167 71 255 71 154 73 255 64 128 77 255 66 103 75 255 78 79 68 255 83 67 64 255 83 67 64 255 83 67 64 255 83 67 64 255 71 58 57 255 46 42 41 255 42 38 39 255 59 48 49 255 59 48 49 255 
72 59 57 255 72 59 58 255 72 59 57 255 72 59 58 255 72 59 57 255 69 57 56 255 64 54 53 255 69 64 53 255 84 87 57 255 87 115 62 255 79 149 68 255 74 163 71 255 72 157 72 255 67 139 71 255 58 109 69 255 58 109 69 255 67 139 71 255 72 157 72 255 74 163 71 255 71 154 73 255 64 128 77 255 63 101 73 255 69 73 63 255 72 59 58 255 72 59 58 255 72 59 58 255 72 59 58 255 62 52 52 255 43 40 40 255 43 40 40 255 62 52 52 255 62 52 52 255 
72 59 57 255 72 59 58 255 72 59 57 255 72 59 58 255 72 59 57 255 64 54 53 255 50 44 44 255 65 74 45 255 109 143 56 255 117 175 64 255 89 169 68 255 72 157 72 255 67 137 75 255 58 109 69 255 46 72 53 255 46 72 53 255 58 109 69 255 67 137 75 255 72 157 72 255 71 154 73 255 64 128 77 255 63 101 73 255 69 73 63 255 72 59 58 255 72 59 58 255 72 59 58 255 72 59 58 255 62 52 52 255 43 40 40 255 43 40 40 255 62 52 52 255 62 52 52 255 
62 52 51 255 62 52 52 255 62 52 51 255 62 52 52 255 62 52 51 255 55 48 47 255 41 38 38 255 63 79 41 255 121 171 55 255 131 202 65 255 91 170 70 255 67 139 71 255 58 109 69 255 49 79 59 255 39 49 42 255 39 49 42 255 49 79 59 255 58 109 69 255 67 139 71 255 68 144 74 255 63 124 77 255 61 99 72 255 62 68 58 255 62 52 52 255 62 52 52 255 62 52 52 255 62 52 52 255 55 48 47 255 41 38 38 255 41 38 38 255 55 48 47 255 55 48 47 255 
43 40 40 255 43 40 40 255 43 40 40 255 43 40 40 255 43 40 40 255 41 38 38 255 36 35 35 255 63 79 41 255 121 171 55 255 129 195 66 255 86 150 73 255 58 109 69 255 46 72 53 255 39 49 42 255 35 39 36 255 35 39 36 255 39 49 42 255 46 72 53 255 58 109 69 255 63 124 77 255 61 118 78 255 56 96 69 255 47 58 49 255 43 40 40 255 43 40 40 255 43 40 40 255 43 40 40 255 41 38 38 255 36 35 35 255 36 35 35 255 41 38 38 255 41 38 38 255 
55 48 46 255 55 48 46 255 55 48 46 255 49 44 43 255 39 37 37 255 39 37 37 255 49 44 43 255 79 90 50 255 127 175 58 255 126 187 64 255 78 125 66 255 54 83 62 255 55 60 52 255 55 48 46 255 55 48 46 255 55 48 46 255 55 48 46 255 54 60 52 255 54 83 62 255 55 99 70 255 59 109 76 255 59 98 70 255 56 65 54 255 55 48 46 255 55 48 46 255 55 48 46 255 55 48 46 255 55 48 46 255 55 48 46 255 55 48 46 255 55 48 46 255 55 48 46 255 
97 77 72 255 97 77 72 255 97 77 72 255 81 66 62 255 49 44 43 255 49 44 43 255 81 66 62 255 111 112 69 255 137 182 65 255 123 177 58 255 68 95 49 255 54 60 51 255 83 71 65 255 97 77 72 255 97 77 72 255 97 77 72 255 97 77 72 255 83 71 65 255 55 60 52 255 45 69 53 255 55 99 70 255 70 105 77 255 88 86 73 255 97 77 72 255 97 77 72 255 97 77 72 255 97 77 72 255 97 77 72 255 97 77 72 255 97 77 72 255 97 77 72 255 97 77 72 255 
107 83 78 255 107 83 78 255 107 83 78 255 88 71 67 255 52 46 45 255 52 46 45 255 88 71 67 255 110 105 72 255 118 149 61 255 102 139 51 255 63 73 43 255 59 51 49 255 91 72 68 255 107 83 78 255 107 83 78 255 107 83 78 255 107 83 78 255 91 72 68 255 59 51 49 255 46 53 46 255 51 81 60 255 67 92 70 255 94 86 75 255 107 83 78 255 107 83 78 255 107 83 78 255 107 83 78 255 107 83 78 255 107 83 78 255 107 83 78 255 107 83 78 255 107 83 78 255 
83 67 64 255 83 67 64 255 83 67 64 255 71 58 57 255 46 42 41 255 46 42 41 255 71 58 57 255 78 70 58 255 68 76 47 255 63 73 43 255 62 59 49 255 67 56 55 255 78 63 61 255 83 67 64 255 83 67 64 255 83 67 64 255 83 67 64 255 78 63 61 255 67 56 55 255 57 53 50 255 46 53 46 255 51 57 50 255 73 64 59 255 83 67 64 255 83 67 64 255 83 67 64 255 83 67 64 255 83 67 64 255 83 67 64 255 83 67 64 255 83 67 64 255 83 67 64 255 
72 59 57 255 72 59 58 255 72 59 57 255 62 52 52 255 43 40 40 255 43 40 39 255 62 52 51 255 64 54 53 255 50 44 44 255 50 44 44 255 64 54 53 255 72 59 58 255 72 59 57 255 72 59 58 255 72 59 57 255 69 57 56 255 64 54 53 255 64 54 53 255 69 57 56 255 62 52 52 255 43 40 40 255 43 40 40 255 62 52 52 255 69 57 56 255 64 54 53 255 64 54 53 255 69 57 56 255 72 59 58 255 72 59 58 255 72 59 58 255 72 59 58 255 72 59 58 255 
72 59 57 255 72 59 58 255 72 59 57 255 62 52 52 255 43 40 40 255 43 40 39 255 62 52 51 255 69 57 56 255 64 54 53 255 64 54 53 255 69 57 56 255 72 59 58 255 72 59 57 255 72 59 58 255 72 59 57 255 64 54 53 255 50 44 44 255 50 44 44 255 64 54 53 255 62 52 52 255 43 40 40 255 43 40 40 255 62 52 52 255 64 54 53 255 50 44 44 255 50 44 44 255 64 54 53 255 72 59 58 255 72 59 58 255 72 59 58 255 72 59 58 255 72 59 58 255 
62 52 51 255 62 52 52 255 62 52 51 255 55 48 47 255 41 38 38 255 41 38 38 255 55 48 47 255 62 52 52 255 62 52 51 255 62 52 52 255 62 52 51 255 62 52 52 255 62 52 51 255 62 52 52 255 62 52 51 255 55 48 47 255 41 38 38 255 41 38 38 255 55 48 47 255 55 48 47 255 41 38 38 255 41 38 38 255 55 48 47 255 55 48 47 255 41 38 38 255 41 38 38 255 55 48 47 255 62 52 52 255 62 52 52 255 62 52 52 255 62 52 52 255 62 52 52 255 
43 40 40 255 43 40 40 255 43 40 40 255 41 38 38 255 36 35 35 255 36 35 35 255 41 38 38 255 43 40 40 255 43 40 40 255 43 40 40 255 43 40 40 255 43 40 40 255 43 40 40 255 43 40 40 255 43 40 40 255 41 38 38 255 36 35 35 255 36 35 35 255 41 38 38 255 41 38 38 255 36 35 35 255 36 35 35 255 41 38 38 255 41 38 38 255 36 35 35 255 36 35 35 255 41 38 38 255 43 40 40 255 43 40 40 255 43 40 40 255 43 40 40 255 43 40 40 255 
43 40 40 255 43 40 40 255 43 40 40 255 41 38 38 255 36 35 35 255 36 35 35 255 41 38 38 255 43 40 40 255 43 40 40 255 43 40 40 255 43 40 40 255 43 40 40 255 43 40 40 255 43 40 40 255 43 40 40 255 41 38 38 255 36 35 35 255 36 35 35 255 41 38 38 255 41 38 38 255 36 35 35 255 36 35 35 255 41 38 38 255 41 38 38 255 36 35 35 255 36 35 35 255 41 38 38 255 43 40 40 255 43 40 40 255 43 40 40 255 43 40 40 255 43 40 40 255 
