107 83 78 255 107 83 78 255 107 83 78 255 88 71 67 255 52 46 45 255 59 55 54 255 109 98 95 255 138 115 105 255 145 108 85 255 145 108 85 255 138 115 105 255 127 110 106 255 114 92 87 255 107 83 78 255 107 83 78 255 107 83 78 255 107 83 78 255 98 81 78 255 80 78 77 255 90 83 76 255 129 97 75 255 145 108 85 255 138 115 105 255 127 110 106 255 114 92 87 255 88 71 67 255 52 46 45 255 52 46 45 255 88 71 67 255 107 83 78 255 107 83 78 255 107 83 78 255 
107 83 78 255 107 83 78 255 107 83 78 255 88 71 67 255 52 46 45 255 59 55 54 255 109 98 95 255 138 115 105 255 145 108 85 255 145 108 85 255 138 115 105 255 127 110 106 255 114 92 87 255 107 83 78 255 107 83 78 255 107 83 78 255 107 83 78 255 98 81 78 255 80 78 77 255 90 83 76 255 129 97 75 255 145 108 85 255 138 115 105 255 127 110 106 255 114 92 87 255 88 71 67 255 52 46 45 255 52 46 45 255 88 71 67 255 107 83 78 255 107 83 78 255 107 83 78 255 
83 67 64 255 83 67 64 255 83 67 64 255 71 58 57 255 46 42 41 255 67 69 69 255 133 139 140 255 176 163 146 255 197 140 85 255 197 140 85 255 176 163 146 255 145 148 148 255 104 94 92 255 83 67 64 255 83 67 64 255 83 67 64 255 83 67 64 255 99 90 89 255 129 137 139 255 160 152 136 255 192 137 82 255 197 140 85 255 176 163 146 255 145 148 148 255 104 94 92 255 71 58 57 255 46 42 41 255 46 42 41 255 71 58 57 255 83 67 64 255 83 67 64 255 83 67 64 255 
72 59 57 255 72 59 58 255 72 59 57 255 62 52 52 255 43 40 40 255 61 65 66 255 117 129 131 255 169 162 146 255 217 166 111 255 230 173 111 255 207 182 148 255 162 154 138 255 95 86 80 255 62 52 52 255 62 52 51 255 62 52 52 255 62 52 51 255 95 86 80 255 162 154 138 255 206 176 136 255 227 153 76 255 214 146 75 255 168 156 134 255 124 133 135 255 83 79 79 255 55 48 47 255 41 38 38 255 43 40 40 255 62 52 52 255 72 59 58 255 72 59 58 255 72 59 58 255 
72 59 57 255 72 59 58 255 72 59 57 255 62 52 52 255 43 40 40 255 43 44 44 255 61 65 66 255 115 112 105 255 204 184 161 255 242 204 163 255 230 173 112 255 178 128 74 255 88 69 51 255 43 40 40 255 43 40 40 255 43 40 40 255 43 40 40 255 88 69 51 255 178 128 74 255 227 153 76 255 234 145 56 255 196 125 53 255 112 92 69 255 64 67 67 255 50 49 49 255 41 38 38 255 36 35 35 255 43 40 40 255 62 52 52 255 72 59 58 255 72 59 58 255 72 59 58 255 
62 52 51 255 62 52 52 255 62 52 51 255 55 48 47 255 41 38 38 255 34 34 34 255 34 34 34 255 88 87 84 255 198 193 186 255 250 224 192 255 244 179 104 255 202 133 54 255 124 85 42 255 85 61 37 255 85 61 36 255 85 61 37 255 85 61 36 255 124 85 42 255 202 133 54 255 241 153 56 255 239 145 49 255 187 115 42 255 85 61 37 255 34 34 34 255 34 34 34 255 34 34 34 255 34 34 34 255 41 38 38 255 55 48 47 255 62 52 52 255 62 52 52 255 62 52 52 255 
43 40 40 255 43 40 40 255 43 40 40 255 41 38 38 255 36 35 35 255 34 34 34 255 34 34 34 255 88 87 84 255 198 193 186 255 252 232 200 255 251 203 126 255 234 170 77 255 202 133 54 255 187 115 42 255 187 115 42 255 187 115 42 255 187 115 42 255 202 133 54 255 234 170 77 255 247 176 78 255 241 153 56 255 187 115 42 255 85 61 37 255 34 34 34 255 34 34 34 255 34 34 34 255 34 34 34 255 36 35 35 255 41 38 38 255 43 40 40 255 43 40 40 255 43 40 40 255 
49 44 43 255 49 44 43 255 39 37 37 255 39 37 37 255 49 44 43 255 55 48 46 255 55 48 46 255 104 98 94 255 203 197 189 255 253 236 203 255 254 214 137 255 251 192 93 255 245 169 71 255 242 157 60 255 242 157 60 255 242 157 60 255 242 157 60 255 245 169 71 255 251 192 93 255 250 188 89 255 242 157 60 255 192 118 46 255 100 71 46 255 55 48 46 255 55 48 46 255 55 48 46 255 55 48 46 255 55 48 46 255 55 48 46 255 55 48 46 255 55 48 46 255 55 48 46 255 
81 66 62 255 81 66 62 255 49 44 43 255 49 44 43 255 81 66 62 255 97 77 72 255 97 77 72 255 136 119 113 255 214 204 195 255 253 236 203 255 254 214 137 255 253 200 100 255 251 192 93 255 250 188 89 255 250 188 89 255 250 188 89 255 250 188 89 255 251 192 93 255 253 200 100 255 250 188 89 255 242 157 60 255 202 125 52 255 132 93 65 255 97 77 72 255 97 77 72 255 97 77 72 255 97 77 72 255 97 77 72 255 97 77 72 255 97 77 72 255 97 77 72 255 97 77 72 255 
91 72 68 255 91 72 68 255 59 51 49 255 59 51 49 255 91 72 68 255 107 83 78 255 107 83 78 255 142 117 105 255 213 186 161 255 250 216 167 255 253 208 125 255 255 204 104 255 255 204 104 255 255 204 104 255 255 204 104 255 255 204 104 255 255 204 104 255 255 204 104 255 255 204 104 255 250 188 89 255 242 157 60 255 205 127 54 255 139 98 70 255 107 83 78 255 107 83 78 255 107 83 78 255 107 83 78 255 107 83 78 255 107 83 78 255 107 83 78 255 107 83 78 255 107 83 78 255 
78 63 61 255 78 63 61 255 67 56 55 255 67 56 55 255 78 63 61 255 83 67 64 255 83 67 64 255 123 92 71 255 202 142 86 255 245 177 96 255 251 195 101 255 255 204 104 255 255 204 104 255 255 204 104 255 255 204 104 255 255 204 104 255 255 204 104 255 255 204 104 255 255 204 104 255 250 188 89 255 242 157 60 255 199 123 50 255 122 85 60 255 83 67 64 255 83 67 64 255 83 67 64 255 83 67 64 255 83 67 64 255 83 67 64 255 83 67 64 255 83 67 64 255 83 67 64 255 
72 59 57 255 72 59 58 255 72 59 57 255 72 59 58 255 72 59 57 255 72 59 58 255 72 59 57 255 114 86 66 255 199 140 84 255 245 177 96 255 251 195 101 255 255 204 104 255 255 204 104 255 255 204 104 255 255 204 104 255 255 204 104 255 255 204 104 255 255 204 104 255 255 204 104 255 240 183 90 255 211 141 62 255 165 105 51 255 103 74 55 255 72 59 58 255 72 59 58 255 69 57 56 255 64 54 53 255 64 54 53 255 69 57 56 255 72 59 58 255 72 59 58 255 72 59 58 255 
72 59 57 255 72 59 58 255 72 59 57 255 72 59 58 255 72 59 57 255 72 59 58 255 72 59 57 255 116 99 90 255 204 180 156 255 250 216 167 255 253 208 125 255 255 204 104 255 255 204 104 255 255 204 104 255 255 204 104 255 255 204 104 255 255 204 104 255 255 204 104 255 255 204 104 255 219 172 91 255 148 110 67 255 103 74 55 255 82 64 57 255 72 59 58 255 72 59 58 255 64 54 53 255 50 44 44 255 50 44 44 255 64 54 53 255 72 59 58 255 72 59 58 255 72 59 58 255 
62 52 51 255 62 52 52 255 62 52 51 255 62 52 52 255 62 52 51 255 62 52 52 255 62 52 51 255 110 101 98 255 205 198 190 255 253 236 203 255 254 214 137 255 255 204 104 255 255 204 104 255 255 204 104 255 255 204 104 255 255 204 104 255 255 204 104 255 255 204 104 255 255 204 104 255 219 172 91 255 148 110 67 255 100 73 54 255 75 59 52 255 62 52 52 255 62 52 52 255 55 48 47 255 41 38 38 255 41 38 38 255 55 48 47 255 62 52 52 255 62 52 52 255 62 52 52 255 
43 40 40 255 43 40 40 255 43 40 40 255 43 40 40 255 43 40 40 255 43 40 40 255 43 40 40 255 95 91 89 255 200 195 187 255 253 236 203 255 254 214 137 255 255 204 104 255 255 204 104 255 255 204 104 255 255 204 104 255 255 204 104 255 255 204 104 255 255 204 104 255 255 204 104 255 240 183 90 255 211 141 62 255 158 101 46 255 81 60 42 255 43 40 40 255 43 40 40 255 41 38 38 255 36 35 35 255 36 35 35 255 41 38 38 255 43 40 40 255 43 40 40 255 43 40 40 255 
55 48 46 255 55 48 46 255 55 48 46 255 55 48 46 255 55 48 46 255 55 48 46 255 55 48 46 255 104 98 94 255 203 197 189 255 253 236 203 255 254 214 137 255 255 204 104 255 255 204 104 255 255 204 104 255 255 204 104 255 255 204 104 255 255 204 104 255 255 204 104 255 255 204 104 255 250 188 89 255 242 157 60 255 192 118 46 255 100 71 46 255 55 48 46 255 55 48 46 255 55 48 46 255 55 48 46 255 49 44 43 255 39 37 37 255 35 34 34 255 38 34 36 255 38 34 36 255 
97 77 72 255 97 77 72 255 97 77 72 255 97 77 72 255 97 77 72 255 97 77 72 255 97 77 72 255 136 119 113 255 214 204 195 255 253 236 203 255 254 214 137 255 255 204 104 255 255 204 104 255 255 204 104 255 255 204 104 255 255 204 104 255 255 204 104 255 255 204 104 255 255 204 104 255 250 188 89 255 242 157 60 255 202 125 52 255 132 93 65 255 97 77 72 255 97 77 72 255 97 77 72 255 97 77 72 255 81 66 62 255 49 44 43 255 38 34 36 255 46 36 40 255 46 36 40 255 
107 83 78 255 107 83 78 255 107 83 78 255 107 83 78 255 107 83 78 255 107 83 78 255 107 83 78 255 132 112 106 255 182 170 163 255 219 201 170 255 243 203 126 255 255 204 104 255 255 204 104 255 253 200 100 255 251 192 93 255 251 192 93 255 253 200 100 255 255 204 104 255 255 204 104 255 250 188 89 255 242 157 60 255 205 127 54 255 139 98 70 255 107 83 78 255 107 83 78 255 107 83 78 255 107 83 78 255 88 71 67 255 52 46 45 255 40 36 37 255 53 40 44 255 53 40 44 255 
83 67 64 255 83 67 64 255 83 67 64 255 83 67 64 255 83 67 64 255 83 67 64 255 83 67 64 255 92 76 74 255 108 96 93 255 151 130 103 255 220 179 103 255 255 204 104 255 255 204 104 255 251 192 93 255 245 169 71 255 245 169 71 255 251 192 93 255 255 204 104 255 255 204 104 255 250 188 89 255 242 157 60 255 199 123 50 255 122 85 60 255 83 67 64 255 83 67 64 255 83 67 64 255 83 67 64 255 71 58 57 255 46 42 41 255 42 38 39 255 59 48 49 255 59 48 49 255 
72 59 57 255 72 59 58 255 72 59 57 255 72 59 58 255 72 59 57 255 69 57 56 255 64 54 53 255 76 66 64 255 103 92 90 255 151 130 103 255 220 179 103 255 253 200 100 255 251 192 93 255 234 170 77 255 202 133 54 255 202 133 54 255 234 170 77 255 251 192 93 255 253 200 100 255 250 188 89 255 242 157 60 255 196 121 48 255 113 79 55 255 72 59 58 255 72 59 58 255 72 59 58 255 72 59 58 255 62 52 52 255 43 40 40 255 43 40 40 255 62 52 52 255 62 52 52 255 
72 59 57 255 72 59 58 255 72 59 57 255 72 59 58 255 72 59 57 255 64 54 53 255 50 44 44 255 84 80 78 255 166 160 154 255 219 201 170 255 243 203 126 255 251 192 93 255 245 169 71 255 202 133 54 255 124 85 42 255 124 85 42 255 202 133 54 255 245 169 71 255 251 192 93 255 250 188 89 255 242 157 60 255 196 121 48 255 113 79 55 255 72 59 58 255 72 59 58 255 72 59 58 255 72 59 58 255 62 52 52 255 43 40 40 255 43 40 40 255 62 52 52 255 62 52 52 255 
62 52 51 255 62 52 52 255 62 52 51 255 62 52 52 255 62 52 51 255 55 48 47 255 41 38 38 255 88 87 84 255 198 193 186 255 252 232 200 255 251 203 126 255 234 170 77 255 202 133 54 255 148 94 40 255 72 54 36 255 72 54 36 255 148 94 40 255 202 133 54 255 234 170 77 255 247 176 78 255 241 153 56 255 194 119 47 255 106 75 50 255 62 52 52 255 62 52 52 255 62 52 52 255 62 52 52 255 55 48 47 255 41 38 38 255 41 38 38 255 55 48 47 255 55 48 47 255 
43 40 40 255 43 40 40 255 43 40 40 255 43 40 40 255 43 40 40 255 41 38 38 255 36 35 35 255 88 87 84 255 198 193 186 255 250 224 192 255 244 179 104 255 202 133 54 255 124 85 42 255 72 54 36 255 46 40 34 255 46 40 34 255 72 54 36 255 124 85 42 255 202 133 54 255 241 153 56 255 239 145 49 255 189 116 44 255 92 65 41 255 43 40 40 255 43 40 40 255 43 40 40 255 43 40 40 255 41 38 38 255 36 35 35 255 36 35 35 255 41 38 38 255 41 38 38 255 
55 48 46 255 55 48 46 255 55 48 46 255 49 44 43 255 39 37 37 255 39 37 37 255 49 44 43 255 104 98 94 255 203 197 189 255 236 214 188 255 203 148 91 255 154 98 43 255 88 65 45 255 55 48 46 255 55 48 46 255 55 48 46 255 55 48 46 255 88 65 45 255 154 98 43 255 199 121 43 255 225 135 45 255 192 118 46 255 100 71 46 255 55 48 46 255 55 48 46 255 55 48 46 255 55 48 46 255 55 48 46 255 55 48 46 255 55 48 46 255 55 48 46 255 55 48 46 255 
97 77 72 255 97 77 72 255 97 77 72 255 81 66 62 255 49 44 43 255 49 44 43 255 81 66 62 255 136 119 113 255 214 204 195 255 211 200 187 255 127 107 87 255 88 65 45 255 94 73 63 255 97 77 72 255 97 77 72 255 97 77 72 255 97 77 72 255 94 73 63 255 88 65 45 255 123 81 39 255 199 121 43 255 202 125 52 255 132 93 65 255 97 77 72 255 97 77 72 255 97 77 72 255 97 77 72 255 97 77 72 255 97 77 72 255 97 77 72 255 97 77 72 255 97 77 72 255 
107 83 78 255 107 83 78 255 107 83 78 255 88 71 67 255 52 46 45 255 52 46 45 255 88 71 67 255 129 111 105 255 175 166 159 255 159 155 149 255 82 78 76 255 59 51 49 255 91 72 68 255 107 83 78 255 107 83 78 255 107 83 78 255 107 83 78 255 91 72 68 255 59 51 49 255 79 58 40 255 151 96 42 255 167 107 51 255 127 91 69 255 107 83 78 255 107 83 78 255 107 83 78 255 107 83 78 255 107 83 78 255 107 83 78 255 107 83 78 255 107 83 78 255 107 83 78 255 
83 67 64 255 83 67 64 255 83 67 64 255 71 58 57 255 46 42 41 255 46 42 41 255 71 58 57 255 85 72 69 255 87 82 79 255 82 78 76 255 69 61 60 255 67 56 55 255 78 63 61 255 83 67 64 255 83 67 64 255 83 67 64 255 83 67 64 255 78 63 61 255 67 56 55 255 68 54 48 255 79 58 40 255 84 62 43 255 84 65 57 255 83 67 64 255 83 67 64 255 83 67 64 255 83 67 64 255 83 67 64 255 83 67 64 255 83 67 64 255 83 67 64 255 83 67 64 255 
72 59 57 255 72 59 58 255 72 59 57 255 62 52 52 255 43 40 40 255 43 40 39 255 62 52 51 255 64 54 53 255 50 44 44 255 50 44 44 255 64 54 53 255 72 59 58 255 72 59 57 255 72 59 58 255 72 59 57 255 69 57 56 255 64 54 53 255 64 54 53 255 69 57 56 255 62 52 52 255 43 40 40 255 43 40 40 255 62 52 52 255 69 57 56 255 64 54 53 255 64 54 53 255 69 57 56 255 72 59 58 255 72 59 58 255 72 59 58 255 72 59 58 255 72 59 58 255 
72 59 57 255 72 59 58 255 72 59 57 255 62 52 52 255 43 40 40 255 43 40 39 255 62 52 51 255 69 57 56 255 64 54 53 255 64 54 53 255 69 57 56 255 72 59 58 255 72 59 57 255 72 59 58 255 72 59 57 255 64 54 53 255 50 44 44 255 50 44 44 255 64 54 53 255 62 52 52 255 43 40 40 255 43 40 40 255 62 52 52 255 64 54 53 255 50 44 44 255 50 44 44 255 64 54 53 255 72 59 58 255 72 59 58 255 72 59 58 255 72 59 58 255 72 59 58 255 
62 52 51 255 62 52 52 255 62 52 51 255 55 48 47 255 41 38 38 255 41 38 38 255 55 48 47 255 62 52 52 255 62 52 51 255 62 52 52 255 62 52 51 255 62 52 52 255 62 52 51 255 62 52 52 255 62 52 51 255 55 48 47 255 41 38 38 255 41 38 38 255 55 48 47 255 55 48 47 255 41 38 38 255 41 38 38 255 55 48 47 255 55 48 47 255 41 38 38 255 41 38 38 255 55 48 47 255 62 52 52 255 62 52 52 255 62 52 52 255 62 52 52 255 62 52 52 255 
43 40 40 255 43 40 40 255 43 40 40 255 41 38 38 255 36 35 35 255 36 35 35 255 41 38 38 255 43 40 40 255 43 40 40 255 43 40 40 255 43 40 40 255 43 40 40 255 43 40 40 255 43 40 40 255 43 40 40 255 41 38 38 255 36 35 35 255 36 35 35 255 41 38 38 255 41 38 38 255 36 35 35 255 36 35 35 255 41 38 38 255 41 38 38 255 36 35 35 255 36 35 35 255 41 38 38 255 43 40 40 255 43 40 40 255 43 40 40 255 43 40 40 255 43 40 40 255 
43 40 40 255 43 40 40 255 43 40 40 255 41 38 38 255 36 35 35 255 36 35 35 255 41 38 38 255 43 40 40 255 43 40 40 255 43 40 40 255 43 40 40 255 43 40 40 255 43 40 40 255 43 40 40 255 43 40 40 255 41 38 38 255 36 35 35 255 36 35 35 255 41 38 38 255 41 38 38 255 36 35 35 255 36 35 35 255 41 38 38 255 41 38 38 255 36 35 35 255 36 35 35 255 41 38 38 255 43 40 40 255 43 40 40 255 43 40 40 255 43 40 40 255 43 40 40 255 
