103 81 75 255 103 81 75 255 71 59 56 255 84 53 47 255 142 62 49 255 183 69 51 255 206 75 54 255 221 89 54 255 229 113 50 255 233 126 48 255 232 126 48 255 233 126 48 255 232 126 48 255 233 126 48 255 232 126 48 255 233 126 48 255 232 126 48 255 233 126 48 255 233 126 48 255 233 126 48 255 233 126 48 255 233 126 48 255 233 126 48 255 229 114 50 255 221 90 54 255 206 75 54 255 183 69 51 255 142 62 49 255 84 53 47 255 71 59 56 255 103 81 75 255 103 81 75 255 
103 81 75 255 103 81 75 255 71 59 56 255 84 53 47 255 142 62 49 255 183 69 51 255 206 75 54 255 221 89 54 255 229 113 50 255 233 126 48 255 232 126 48 255 233 126 48 255 232 126 48 255 233 126 48 255 232 126 48 255 233 126 48 255 232 126 48 255 233 126 48 255 233 126 48 255 233 126 48 255 233 126 48 255 233 126 48 255 233 126 48 255 229 114 50 255 221 90 54 255 206 75 54 255 183 69 51 255 142 62 49 255 84 53 47 255 71 59 56 255 103 81 75 255 103 81 75 255 
113 88 81 255 113 88 81 255 103 81 75 255 93 69 64 255 84 53 47 255 114 53 43 255 183 69 51 255 219 81 55 255 221 89 54 255 223 94 53 255 223 94 53 255 223 94 53 255 223 94 53 255 223 94 53 255 223 94 53 255 223 94 53 255 223 94 53 255 223 94 53 255 223 94 53 255 223 94 53 255 223 94 53 255 223 94 53 255 223 94 53 255 221 90 54 255 219 82 55 255 183 69 51 255 114 53 43 255 84 53 47 255 93 69 64 255 103 81 75 255 113 88 81 255 113 88 81 255 
110 85 79 255 110 85 79 255 116 89 83 255 103 81 75 255 71 59 56 255 84 53 47 255 142 62 49 255 171 67 50 255 171 67 50 255 171 67 50 255 171 67 50 255 171 67 50 255 171 67 50 255 171 67 50 255 171 67 50 255 171 67 50 255 171 67 50 255 171 67 50 255 171 67 50 255 171 67 50 255 171 67 50 255 171 67 50 255 171 67 50 255 171 67 50 255 171 67 50 255 142 62 49 255 84 53 47 255 71 59 56 255 103 81 75 255 116 89 83 255 110 85 79 255 110 85 79 255 
92 73 69 255 92 73 69 255 110 85 79 255 113 88 81 255 103 81 75 255 93 69 64 255 84 53 47 255 80 45 39 255 80 45 39 255 80 45 39 255 80 45 39 255 80 45 39 255 80 45 39 255 80 45 39 255 80 45 39 255 80 45 39 255 80 45 39 255 80 45 39 255 80 45 39 255 80 45 39 255 80 45 39 255 80 45 39 255 80 45 39 255 80 45 39 255 80 45 39 255 84 53 47 255 93 69 64 255 103 81 75 255 113 88 81 255 110 85 79 255 92 73 69 255 92 73 69 255 
80 65 63 255 80 65 63 255 98 77 73 255 110 85 79 255 116 89 83 255 103 81 75 255 71 59 56 255 55 48 46 255 55 48 46 255 55 48 46 255 55 48 46 255 55 48 46 255 55 48 46 255 55 48 46 255 55 48 46 255 55 48 46 255 55 48 46 255 55 48 46 255 55 48 46 255 55 48 46 255 55 48 46 255 55 48 46 255 55 48 46 255 55 48 46 255 55 48 46 255 71 59 56 255 103 81 75 255 116 89 83 255 110 85 79 255 98 77 73 255 80 65 63 255 80 65 63 255 
74 61 59 255 74 61 59 255 80 65 63 255 92 73 69 255 110 85 79 255 113 88 81 255 103 81 75 255 97 77 72 255 97 77 72 255 97 77 72 255 97 77 72 255 97 77 72 255 97 77 72 255 97 77 72 255 97 77 72 255 97 77 72 255 97 77 72 255 97 77 72 255 97 77 72 255 97 77 72 255 97 77 72 255 97 77 72 255 97 77 72 255 97 77 72 255 97 77 72 255 103 81 75 255 113 88 81 255 110 85 79 255 92 73 69 255 80 65 63 255 74 61 59 255 74 61 59 255 
72 59 57 255 72 59 58 255 72 59 57 255 80 65 63 255 98 77 73 255 107 83 78 255 107 83 78 255 107 83 78 255 107 83 78 255 107 83 78 255 107 83 78 255 107 83 78 255 107 83 78 255 107 83 78 255 107 83 78 255 107 83 78 255 107 83 78 255 107 83 78 255 107 83 78 255 107 83 78 255 107 83 78 255 107 83 78 255 107 83 78 255 107 83 78 255 107 83 78 255 107 83 78 255 107 83 78 255 98 77 73 255 80 65 63 255 69 57 56 255 64 54 53 255 64 54 53 255 
72 59 57 255 72 59 58 255 72 59 57 255 74 61 59 255 80 65 63 255 83 67 64 255 83 67 64 255 83 67 64 255 83 67 64 255 83 67 64 255 83 67 64 255 83 67 64 255 83 67 64 255 83 67 64 255 83 67 64 255 83 67 64 255 83 67 64 255 83 67 64 255 83 67 64 255 83 67 64 255 83 67 64 255 83 67 64 255 83 67 64 255 83 67 64 255 83 67 64 255 83 67 64 255 83 67 64 255 80 65 63 255 74 61 59 255 64 54 53 255 50 44 44 255 50 44 44 255 
64 54 53 255 64 54 53 255 69 57 56 255 72 59 58 255 72 59 57 255 72 59 58 255 72 59 57 255 72 59 58 255 72 59 57 255 72 59 58 255 72 59 57 255 72 59 58 255 72 59 57 255 72 59 58 255 72 59 57 255 72 59 58 255 72 59 57 255 72 59 58 255 72 59 58 255 72 59 58 255 72 59 58 255 72 59 58 255 72 59 58 255 72 59 58 255 72 59 58 255 72 59 58 255 72 59 58 255 72 59 58 255 72 59 58 255 62 52 52 255 43 40 40 255 43 40 40 255 
50 44 44 255 50 44 44 255 64 54 53 255 72 59 58 255 72 59 57 255 72 59 58 255 72 59 57 255 72 59 58 255 72 59 57 255 72 59 58 255 72 59 57 255 72 59 58 255 72 59 57 255 72 59 58 255 72 59 57 255 72 59 58 255 72 59 57 255 72 59 58 255 72 59 58 255 72 59 58 255 72 59 58 255 72 59 58 255 72 59 58 255 72 59 58 255 72 59 58 255 72 59 58 255 72 59 58 255 72 59 58 255 72 59 58 255 62 52 52 255 43 40 40 255 43 40 40 255 
43 40 40 255 43 40 39 255 62 52 51 255 69 57 56 255 64 54 53 255 62 52 52 255 62 52 51 255 62 52 52 255 62 52 51 255 62 52 52 255 62 52 51 255 62 52 52 255 62 52 51 255 62 52 52 255 62 52 51 255 62 52 52 255 62 52 51 255 62 52 52 255 62 52 52 255 62 52 52 255 62 52 52 255 62 52 52 255 62 52 52 255 62 52 52 255 62 52 52 255 62 52 52 255 62 52 52 255 64 54 53 255 69 57 56 255 64 54 53 255 50 44 44 255 50 44 44 255 
43 40 40 255 43 40 39 255 62 52 51 255 64 54 53 255 50 44 44 255 43 40 40 255 43 40 40 255 43 40 40 255 43 40 40 255 43 40 40 255 43 40 40 255 43 40 40 255 43 40 40 255 43 40 40 255 43 40 40 255 43 40 40 255 43 40 40 255 43 40 40 255 43 40 40 255 43 40 40 255 43 40 40 255 43 40 40 255 43 40 40 255 43 40 40 255 43 40 40 255 43 40 40 255 43 40 40 255 50 44 44 255 64 54 53 255 69 57 56 255 64 54 53 255 64 54 53 255 
43 40 40 255 43 40 39 255 62 52 51 255 64 54 53 255 50 44 44 255 41 38 38 255 36 35 35 255 36 35 35 255 41 38 38 255 43 40 40 255 43 40 40 255 41 38 38 255 36 35 35 255 36 35 35 255 41 38 38 255 41 38 38 255 36 35 35 255 34 34 34 255 34 34 34 255 34 34 34 255 34 34 34 255 34 34 34 255 34 34 34 255 36 35 35 255 41 38 38 255 43 40 40 255 43 40 40 255 50 44 44 255 64 54 53 255 69 57 56 255 64 54 53 255 64 54 53 255 
43 40 40 255 43 40 39 255 62 52 51 255 69 57 56 255 64 54 53 255 55 48 47 255 41 38 38 255 41 38 38 255 55 48 47 255 62 52 52 255 62 52 51 255 55 48 47 255 41 38 38 255 41 38 38 255 55 48 47 255 55 48 47 255 41 38 38 255 34 34 34 255 34 34 34 255 34 34 34 255 34 34 34 255 34 34 34 255 34 34 34 255 41 38 38 255 55 48 47 255 62 52 52 255 62 52 52 255 64 54 53 255 69 57 56 255 64 54 53 255 50 44 44 255 50 44 44 255 
43 40 40 255 43 40 39 255 62 52 51 255 72 59 58 255 72 59 57 255 64 54 53 255 50 44 44 255 50 44 44 255 64 54 53 255 69 57 56 255 64 54 53 255 57 49 49 255 48 43 43 255 50 44 44 255 64 54 53 255 64 54 53 255 50 44 44 255 41 38 38 255 36 35 35 255 36 35 35 255 41 38 38 255 43 40 40 255 43 40 40 255 48 43 43 255 57 49 49 255 64 54 53 255 69 57 56 255 72 59 58 255 72 59 58 255 64 54 53 255 50 44 44 255 50 44 44 255 
43 40 40 255 43 40 39 255 62 52 51 255 72 59 58 255 72 59 57 255 69 57 56 255 64 54 53 255 64 54 53 255 69 57 56 255 64 54 53 255 50 44 44 255 48 43 42 255 57 49 48 255 64 54 53 255 69 57 56 255 69 57 56 255 64 54 53 255 55 48 47 255 41 38 38 255 41 38 38 255 55 48 47 255 62 52 52 255 62 52 52 255 57 49 49 255 48 43 43 255 50 44 44 255 64 54 53 255 72 59 58 255 72 59 58 255 69 57 56 255 64 54 53 255 64 54 53 255 
50 44 44 255 50 44 44 255 64 54 53 255 72 59 58 255 72 59 57 255 72 59 58 255 72 59 57 255 72 59 58 255 72 59 57 255 64 54 53 255 50 44 44 255 50 44 44 255 64 54 53 255 72 59 58 255 72 59 57 255 72 59 58 255 72 59 57 255 64 54 53 255 50 44 44 255 50 44 44 255 64 54 53 255 72 59 58 255 72 59 58 255 64 54 53 255 50 44 44 255 50 44 44 255 64 54 53 255 72 59 58 255 72 59 58 255 72 59 58 255 72 59 58 255 72 59 58 255 
64 54 53 255 64 54 53 255 69 57 56 255 72 59 58 255 72 59 57 255 72 59 58 255 72 59 57 255 72 59 58 255 72 59 57 255 69 57 56 255 64 54 53 255 64 54 53 255 69 57 56 255 72 59 58 255 72 59 57 255 72 59 58 255 72 59 57 255 69 57 56 255 64 54 53 255 64 54 53 255 69 57 56 255 72 59 58 255 72 59 58 255 69 57 56 255 64 54 53 255 64 54 53 255 69 57 56 255 72 59 58 255 72 59 58 255 72 59 58 255 72 59 58 255 72 59 58 255 
72 59 57 255 72 59 58 255 72 59 57 255 72 59 58 255 72 59 57 255 72 59 58 255 72 59 57 255 72 59 58 255 72 59 57 255 72 59 58 255 72 59 57 255 72 59 58 255 72 59 57 255 72 59 58 255 72 59 57 255 72 59 58 255 72 59 57 255 72 59 58 255 72 59 58 255 72 59 58 255 72 59 58 255 72 59 58 255 72 59 58 255 72 59 58 255 72 59 58 255 72 59 58 255 72 59 58 255 72 59 58 255 72 59 58 255 74 61 59 255 80 65 63 255 80 65 63 255 
72 59 57 255 72 59 58 255 72 59 57 255 72 59 58 255 72 59 57 255 72 59 58 255 72 59 57 255 72 59 58 255 72 59 57 255 72 59 58 255 72 59 57 255 72 59 58 255 72 59 57 255 72 59 58 255 72 59 57 255 72 59 58 255 72 59 57 255 72 59 58 255 72 59 58 255 72 59 58 255 72 59 58 255 72 59 58 255 72 59 58 255 72 59 58 255 72 59 58 255 72 59 58 255 72 59 58 255 72 59 58 255 72 59 58 255 80 65 63 255 98 77 73 255 98 77 73 255 
64 54 53 255 64 54 53 255 69 57 56 255 72 59 58 255 72 59 57 255 72 59 58 255 72 59 57 255 72 59 58 255 72 59 57 255 72 59 58 255 72 59 57 255 72 59 58 255 72 59 57 255 72 59 58 255 72 59 57 255 72 59 58 255 72 59 57 255 72 59 58 255 72 59 58 255 72 59 58 255 72 59 58 255 72 59 58 255 72 59 58 255 72 59 58 255 72 59 58 255 72 59 58 255 72 59 58 255 72 59 58 255 72 59 58 255 80 65 63 255 98 77 73 255 98 77 73 255 
50 44 44 255 50 44 44 255 64 54 53 255 72 59 58 255 72 59 57 255 72 59 58 255 72 59 57 255 72 59 58 255 72 59 57 255 72 59 58 255 72 59 57 255 72 59 58 255 72 59 57 255 72 59 58 255 72 59 57 255 72 59 58 255 72 59 57 255 72 59 58 255 72 59 58 255 72 59 58 255 72 59 58 255 72 59 58 255 72 59 58 255 72 59 58 255 72 59 58 255 72 59 58 255 72 59 58 255 72 59 58 255 72 59 58 255 74 61 59 255 80 65 63 255 80 65 63 255 
43 40 40 255 43 40 39 255 62 52 51 255 72 59 58 255 72 59 57 255 72 59 58 255 72 59 57 255 72 59 58 255 72 59 57 255 72 59 58 255 72 59 57 255 72 59 58 255 72 59 57 255 72 59 58 255 72 59 57 255 72 59 58 255 72 59 57 255 72 59 58 255 72 59 58 255 72 59 58 255 72 59 58 255 72 59 58 255 72 59 58 255 72 59 58 255 72 59 58 255 72 59 58 255 72 59 58 255 72 59 58 255 72 59 58 255 72 59 58 255 72 59 58 255 72 59 58 255 
43 40 40 255 43 40 39 255 62 52 51 255 72 59 58 255 72 59 57 255 72 59 58 255 72 59 57 255 72 59 58 255 72 59 57 255 72 59 58 255 72 59 57 255 72 59 58 255 72 59 57 255 72 59 58 255 72 59 57 255 72 59 58 255 72 59 57 255 72 59 58 255 72 59 58 255 72 59 58 255 72 59 58 255 72 59 58 255 72 59 58 255 72 59 58 255 72 59 58 255 72 59 58 255 72 59 58 255 72 59 58 255 72 59 58 255 72 59 58 255 72 59 58 255 72 59 58 255 
43 40 40 255 43 40 39 255 62 52 51 255 72 59 58 255 72 59 57 255 72 59 58 255 72 59 57 255 72 59 58 255 72 59 57 255 72 59 58 255 72 59 57 255 72 59 58 255 72 59 57 255 72 59 58 255 72 59 57 255 72 59 58 255 72 59 57 255 72 59 58 255 72 59 58 255 72 59 58 255 72 59 58 255 72 59 58 255 72 59 58 255 72 59 58 255 72 59 58 255 72 59 58 255 72 59 58 255 72 59 58 255 72 59 58 255 74 61 59 255 80 65 63 255 80 65 63 255 
43 40 40 255 43 40 39 255 62 52 51 255 72 59 58 255 72 59 57 255 72 59 58 255 72 59 57 255 72 59 58 255 72 59 57 255 72 59 58 255 72 59 57 255 72 59 58 255 72 59 57 255 72 59 58 255 72 59 57 255 72 59 58 255 72 59 57 255 72 59 58 255 72 59 58 255 72 59 58 255 72 59 58 255 72 59 58 255 72 59 58 255 72 59 58 255 72 59 58 255 72 59 58 255 72 59 58 255 72 59 58 255 72 59 58 255 80 65 63 255 98 77 73 255 98 77 73 255 
43 40 40 255 43 40 39 255 62 52 51 255 72 59 58 255 72 59 57 255 72 59 58 255 72 59 57 255 72 59 58 255 72 59 57 255 72 59 58 255 72 59 57 255 72 59 58 255 72 59 57 255 72 59 58 255 72 59 57 255 72 59 58 255 72 59 57 255 72 59 58 255 72 59 58 255 72 59 58 255 72 59 58 255 72 59 58 255 72 59 58 255 72 59 58 255 72 59 58 255 72 59 58 255 72 59 58 255 72 59 58 255 72 59 58 255 83 67 64 255 107 83 78 255 107 83 78 255 
43 40 40 255 43 40 39 255 62 52 51 255 72 59 58 255 72 59 57 255 72 59 58 255 72 59 57 255 72 59 58 255 72 59 57 255 72 59 58 255 72 59 57 255 72 59 58 255 72 59 57 255 72 59 58 255 72 59 57 255 72 59 58 255 72 59 57 255 72 59 58 255 72 59 58 255 72 59 58 255 72 59 58 255 72 59 58 255 72 59 58 255 72 59 58 255 72 59 58 255 72 59 58 255 72 59 58 255 72 59 58 255 72 59 58 255 83 67 64 255 107 83 78 255 107 83 78 255 
62 53 51 255 62 53 51 255 76 62 60 255 83 67 64 255 83 67 64 255 80 65 63 255 74 61 59 255 72 59 58 255 72 59 57 255 74 61 59 255 80 65 63 255 80 65 63 255 74 61 59 255 74 61 59 255 80 65 63 255 83 67 64 255 83 67 64 255 83 67 64 255 83 67 64 255 83 67 64 255 83 67 64 255 80 65 63 255 74 61 59 255 74 61 59 255 80 65 63 255 83 67 64 255 83 67 64 255 83 67 64 255 83 67 64 255 92 73 69 255 110 85 79 255 110 85 79 255 
100 79 73 255 100 79 73 255 104 82 76 255 107 83 78 255 107 83 78 255 98 77 73 255 80 65 63 255 72 59 58 255 72 59 57 255 80 65 63 255 98 77 73 255 98 77 73 255 80 65 63 255 80 65 63 255 98 77 73 255 107 83 78 255 107 83 78 255 107 83 78 255 107 83 78 255 107 83 78 255 107 83 78 255 98 77 73 255 80 65 63 255 80 65 63 255 98 77 73 255 107 83 78 255 107 83 78 255 107 83 78 255 107 83 78 255 110 85 79 255 116 89 83 255 116 89 83 255 
100 79 73 255 100 79 73 255 104 82 76 255 107 83 78 255 107 83 78 255 98 77 73 255 80 65 63 255 72 59 58 255 72 59 57 255 80 65 63 255 98 77 73 255 98 77 73 255 80 65 63 255 80 65 63 255 98 77 73 255 107 83 78 255 107 83 78 255 107 83 78 255 107 83 78 255 107 83 78 255 107 83 78 255 98 77 73 255 80 65 63 255 80 65 63 255 98 77 73 255 107 83 78 255 107 83 78 255 107 83 78 255 107 83 78 255 110 85 79 255 116 89 83 255 116 89 83 255 
