90 73 73 255 90 73 73 255 58 52 63 255 39 36 50 255 35 25 34 255 42 29 34 255 62 49 50 255 72 59 58 255 72 59 57 255 62 52 52 255 43 40 40 255 43 40 39 255 62 52 51 255 72 59 58 255 72 59 57 255 72 59 58 255 72 59 57 255 72 59 58 255 72 59 58 255 62 52 52 255 43 40 40 255 43 40 40 255 62 52 52 255 72 59 58 255 72 59 58 255 62 49 50 255 42 29 34 255 35 25 34 255 39 36 50 255 58 52 63 255 90 73 73 255 90 73 73 255 
90 73 73 255 90 73 73 255 58 52 63 255 39 36 50 255 35 25 34 255 42 29 34 255 62 49 50 255 72 59 58 255 72 59 57 255 62 52 52 255 43 40 40 255 43 40 39 255 62 52 51 255 72 59 58 255 72 59 57 255 72 59 58 255 72 59 57 255 72 59 58 255 72 59 58 255 62 52 52 255 43 40 40 255 43 40 40 255 62 52 52 255 72 59 58 255 72 59 58 255 62 49 50 255 42 29 34 255 35 25 34 255 39 36 50 255 58 52 63 255 90 73 73 255 90 73 73 255 
73 60 63 255 73 60 63 255 52 48 59 255 39 36 50 255 35 25 34 255 42 29 34 255 62 49 50 255 72 59 58 255 72 59 57 255 62 52 52 255 43 40 40 255 43 40 39 255 62 52 51 255 72 59 58 255 72 59 57 255 72 59 58 255 72 59 57 255 72 59 58 255 72 59 58 255 62 52 52 255 43 40 40 255 43 40 40 255 62 52 52 255 72 59 58 255 72 59 58 255 62 49 50 255 42 29 34 255 35 25 34 255 39 36 50 255 52 48 59 255 73 60 63 255 73 60 63 255 
64 54 57 255 64 54 58 255 49 46 57 255 39 36 50 255 35 25 34 255 40 27 32 255 54 41 44 255 67 53 53 255 78 62 61 255 71 58 57 255 46 42 41 255 43 40 39 255 62 52 51 255 72 59 58 255 72 59 57 255 72 59 58 255 72 59 57 255 72 59 58 255 72 59 58 255 62 52 52 255 43 40 40 255 46 42 41 255 71 58 57 255 78 62 61 255 68 53 54 255 55 42 44 255 40 27 32 255 35 25 34 255 39 36 50 255 49 46 58 255 64 54 58 255 64 54 58 255 
64 54 57 255 64 54 58 255 49 46 57 255 39 36 50 255 35 25 34 255 35 22 28 255 40 27 32 255 58 43 45 255 91 70 67 255 88 71 67 255 52 46 45 255 43 40 39 255 62 52 51 255 72 59 58 255 72 59 57 255 72 59 58 255 72 59 57 255 72 59 58 255 72 59 58 255 62 52 52 255 43 40 40 255 52 46 45 255 88 71 67 255 91 70 67 255 60 43 46 255 41 27 33 255 35 22 29 255 35 25 34 255 39 36 50 255 49 46 58 255 64 54 58 255 64 54 58 255 
56 49 51 255 56 49 52 255 45 43 51 255 38 35 45 255 34 25 33 255 35 22 28 255 40 27 32 255 56 40 43 255 83 62 61 255 84 65 62 255 57 48 47 255 53 46 46 255 73 60 58 255 83 67 64 255 83 67 64 255 83 67 64 255 83 67 64 255 83 67 64 255 83 67 64 255 73 60 58 255 53 47 46 255 57 48 47 255 84 65 62 255 84 63 61 255 57 41 44 255 41 27 33 255 35 22 29 255 34 25 33 255 38 34 45 255 45 43 52 255 56 49 52 255 56 49 52 255 
41 39 40 255 41 39 40 255 37 37 40 255 35 32 36 255 33 24 30 255 40 27 32 255 54 41 44 255 60 46 48 255 56 40 43 255 56 41 44 255 60 49 49 255 73 60 58 255 96 75 71 255 107 83 78 255 107 83 78 255 107 83 78 255 107 83 78 255 107 83 78 255 107 83 78 255 96 76 71 255 73 60 58 255 60 49 49 255 56 41 44 255 56 40 43 255 60 46 48 255 55 42 44 255 40 27 32 255 33 24 30 255 35 32 36 255 37 37 40 255 41 39 40 255 41 39 40 255 
50 45 45 255 50 45 45 255 40 39 41 255 35 32 36 255 33 24 30 255 42 29 34 255 62 49 50 255 64 51 52 255 50 37 40 255 47 34 38 255 57 44 46 255 71 55 55 255 88 67 65 255 97 73 70 255 97 73 70 255 97 73 70 255 97 73 70 255 97 73 70 255 97 73 70 255 88 67 65 255 71 55 55 255 57 44 46 255 47 34 38 255 50 37 40 255 64 51 52 255 62 49 50 255 42 29 34 255 33 24 30 255 35 32 36 255 40 39 41 255 50 45 45 255 50 45 45 255 
83 68 67 255 83 68 67 255 54 49 57 255 38 35 45 255 34 25 33 255 42 29 34 255 62 49 50 255 69 56 56 255 64 51 52 255 57 44 46 255 48 35 39 255 46 32 37 255 51 36 40 255 54 38 41 255 54 37 41 255 54 38 41 255 54 37 41 255 54 38 41 255 54 38 41 255 51 36 40 255 46 32 37 255 48 35 39 255 57 44 46 255 64 51 52 255 69 56 56 255 62 49 50 255 42 29 34 255 34 25 33 255 38 34 45 255 54 49 57 255 83 68 67 255 83 68 67 255 
90 73 73 255 90 73 73 255 58 52 63 255 39 36 50 255 35 25 34 255 42 29 34 255 62 49 50 255 72 59 58 255 72 59 57 255 62 50 51 255 44 32 37 255 36 25 31 255 40 28 33 255 42 29 34 255 42 29 34 255 42 29 34 255 42 29 34 255 42 29 34 255 42 29 34 255 40 28 33 255 36 25 31 255 44 32 37 255 62 50 51 255 72 59 58 255 72 59 58 255 62 49 50 255 42 29 34 255 35 25 34 255 39 36 50 255 58 52 63 255 90 73 73 255 90 73 73 255 
73 60 63 255 73 60 63 255 52 48 59 255 39 36 50 255 35 25 34 255 42 29 34 255 62 49 50 255 72 59 58 255 72 59 57 255 62 51 51 255 43 37 39 255 41 35 37 255 55 44 45 255 62 49 50 255 62 49 50 255 62 49 50 255 62 49 50 255 62 49 50 255 62 49 50 255 55 44 45 255 41 35 37 255 43 37 39 255 62 51 51 255 72 59 58 255 72 59 58 255 62 49 50 255 42 29 34 255 35 25 34 255 39 36 50 255 52 48 59 255 73 60 63 255 73 60 63 255 
64 54 57 255 64 54 58 255 49 46 57 255 39 36 50 255 35 25 34 255 42 29 34 255 62 49 50 255 72 59 58 255 72 59 57 255 62 52 52 255 43 40 40 255 43 40 39 255 62 52 51 255 72 59 58 255 72 59 57 255 72 59 58 255 72 59 57 255 72 59 58 255 72 59 58 255 62 52 52 255 43 40 40 255 43 40 40 255 62 52 52 255 72 59 58 255 72 59 58 255 62 49 50 255 42 29 34 255 35 25 34 255 39 36 50 255 49 46 58 255 64 54 58 255 64 54 58 255 
64 54 57 255 64 54 58 255 49 46 57 255 39 36 50 255 35 25 34 255 42 29 34 255 62 49 50 255 72 59 58 255 72 59 57 255 62 52 52 255 43 40 40 255 43 40 39 255 62 52 51 255 72 59 58 255 72 59 57 255 72 59 58 255 72 59 57 255 72 59 58 255 72 59 58 255 62 52 52 255 43 40 40 255 43 40 40 255 62 52 52 255 72 59 58 255 72 59 58 255 62 49 50 255 42 29 34 255 35 25 34 255 39 36 50 255 49 46 58 255 64 54 58 255 64 54 58 255 
56 49 51 255 56 49 52 255 45 43 51 255 38 35 45 255 34 25 33 255 42 29 34 255 62 49 50 255 72 59 58 255 72 59 57 255 62 52 52 255 43 40 40 255 43 40 39 255 62 52 51 255 72 59 58 255 72 59 57 255 72 59 58 255 72 59 57 255 72 59 58 255 72 59 58 255 62 52 52 255 43 40 40 255 43 40 40 255 62 52 52 255 72 59 58 255 72 59 58 255 62 49 50 255 42 29 34 255 34 25 33 255 38 34 45 255 45 43 52 255 56 49 52 255 56 49 52 255 
41 39 40 255 41 39 40 255 37 37 40 255 35 32 36 255 33 24 30 255 42 29 34 255 62 49 50 255 72 59 58 255 72 59 57 255 62 52 52 255 43 40 40 255 43 40 39 255 62 52 51 255 72 59 58 255 72 59 57 255 72 59 58 255 72 59 57 255 72 59 58 255 72 59 58 255 62 52 52 255 43 40 40 255 43 40 40 255 62 52 52 255 72 59 58 255 72 59 58 255 62 49 50 255 42 29 34 255 33 24 30 255 35 32 36 255 37 37 40 255 41 39 40 255 41 39 40 255 
50 45 45 255 50 45 45 255 40 39 41 255 35 32 36 255 34 24 30 255 43 29 35 255 62 49 50 255 72 59 58 255 72 59 57 255 62 52 52 255 43 40 40 255 43 40 39 255 62 52 51 255 72 59 58 255 72 59 57 255 72 59 58 255 72 59 57 255 72 59 58 255 72 59 58 255 62 52 52 255 43 40 40 255 43 40 40 255 62 52 52 255 72 59 58 255 72 59 58 255 62 49 50 255 42 29 34 255 33 24 30 255 35 32 36 255 35 35 38 255 34 34 35 255 34 34 35 255 
83 68 67 255 83 68 67 255 54 49 57 255 38 35 46 255 35 25 34 255 43 30 35 255 62 49 50 255 72 59 58 255 72 59 57 255 62 52 52 255 43 40 40 255 43 40 39 255 62 52 51 255 72 59 58 255 72 59 57 255 72 59 58 255 72 59 57 255 72 59 58 255 72 59 58 255 62 52 52 255 43 40 40 255 43 40 40 255 62 52 52 255 72 59 58 255 72 59 58 255 62 49 50 255 42 29 34 255 34 25 33 255 38 34 45 255 38 38 47 255 35 35 38 255 35 35 38 255 
90 73 73 255 90 73 73 255 58 52 63 255 40 36 50 255 36 26 35 255 41 27 34 255 55 42 45 255 67 53 54 255 78 62 61 255 71 58 57 255 46 42 41 255 43 40 39 255 62 52 51 255 72 59 58 255 72 59 57 255 72 59 58 255 72 59 57 255 72 59 58 255 72 59 58 255 62 52 52 255 43 40 40 255 46 42 41 255 71 58 57 255 78 62 61 255 67 53 53 255 54 41 44 255 40 27 32 255 35 25 34 255 39 36 50 255 42 41 53 255 43 40 44 255 43 40 44 255 
73 60 63 255 73 60 63 255 52 48 59 255 39 36 50 255 35 25 35 255 36 22 29 255 41 27 34 255 59 43 46 255 91 70 67 255 88 71 67 255 52 46 45 255 43 40 39 255 62 52 51 255 72 59 58 255 72 59 57 255 72 59 58 255 72 59 57 255 72 59 58 255 72 59 58 255 62 52 52 255 43 40 40 255 52 46 45 255 88 71 67 255 91 70 67 255 58 43 45 255 40 27 32 255 35 22 28 255 35 25 34 255 39 36 50 255 47 44 56 255 57 50 53 255 57 50 53 255 
64 54 57 255 64 54 58 255 49 46 57 255 39 36 50 255 35 25 34 255 35 22 29 255 41 27 33 255 57 41 44 255 84 63 61 255 84 65 62 255 57 48 47 255 53 46 46 255 73 60 58 255 83 67 64 255 83 67 64 255 83 67 64 255 83 67 64 255 83 67 64 255 83 67 64 255 73 60 58 255 53 47 46 255 57 48 47 255 84 65 62 255 83 62 61 255 56 40 43 255 40 27 32 255 35 22 28 255 35 25 34 255 39 36 50 255 49 46 58 255 64 54 58 255 64 54 58 255 
64 54 57 255 64 54 58 255 49 46 57 255 39 36 50 255 35 25 34 255 40 27 32 255 55 42 44 255 60 46 48 255 56 40 43 255 56 41 44 255 60 49 49 255 73 60 58 255 96 75 71 255 107 83 78 255 107 83 78 255 107 83 78 255 107 83 78 255 107 83 78 255 107 83 78 255 96 76 71 255 73 60 58 255 60 49 49 255 56 41 44 255 56 40 43 255 60 46 48 255 54 41 44 255 40 27 32 255 35 25 34 255 39 36 50 255 49 46 58 255 64 54 58 255 64 54 58 255 
56 49 51 255 56 49 52 255 45 43 51 255 38 35 45 255 34 25 33 255 42 29 34 255 62 49 50 255 64 51 52 255 50 37 40 255 47 34 38 255 57 44 46 255 71 55 55 255 88 67 65 255 97 73 70 255 97 73 70 255 97 73 70 255 97 73 70 255 97 73 70 255 97 73 70 255 88 67 65 255 71 55 55 255 57 44 46 255 47 34 38 255 50 37 40 255 64 51 52 255 62 49 50 255 42 29 34 255 34 25 33 255 38 34 45 255 45 43 52 255 56 49 52 255 56 49 52 255 
41 39 40 255 41 39 40 255 37 37 40 255 35 32 36 255 33 24 30 255 42 29 34 255 62 49 50 255 69 56 56 255 64 51 52 255 57 44 46 255 48 35 39 255 46 32 37 255 51 36 40 255 54 38 41 255 54 37 41 255 54 38 41 255 54 37 41 255 54 38 41 255 54 38 41 255 51 36 40 255 46 32 37 255 48 35 39 255 57 44 46 255 64 51 52 255 69 56 56 255 62 49 50 255 42 29 34 255 33 24 30 255 35 32 36 255 37 37 40 255 41 39 40 255 41 39 40 255 
50 45 45 255 50 45 45 255 40 39 41 255 35 32 36 255 33 24 30 255 42 29 34 255 62 49 50 255 72 59 58 255 72 59 57 255 62 50 51 255 44 32 37 255 36 25 31 255 40 28 33 255 42 29 34 255 42 29 34 255 42 29 34 255 42 29 34 255 42 29 34 255 42 29 34 255 40 28 33 255 36 25 31 255 44 32 37 255 62 50 51 255 72 59 58 255 72 59 58 255 62 49 50 255 42 29 34 255 33 24 30 255 35 32 36 255 40 39 41 255 50 45 45 255 50 45 45 255 
83 68 67 255 83 68 67 255 54 49 57 255 38 35 45 255 34 25 33 255 42 29 34 255 62 49 50 255 72 59 58 255 72 59 57 255 62 51 51 255 43 37 39 255 41 35 37 255 55 44 45 255 62 49 50 255 62 49 50 255 62 49 50 255 62 49 50 255 62 49 50 255 62 49 50 255 55 44 45 255 41 35 37 255 43 37 39 255 62 51 51 255 72 59 58 255 72 59 58 255 62 49 50 255 42 29 34 255 34 25 33 255 38 34 45 255 54 49 57 255 83 68 67 255 83 68 67 255 
90 73 73 255 90 73 73 255 58 52 63 255 39 36 50 255 35 25 34 255 42 29 34 255 62 49 50 255 72 59 58 255 72 59 57 255 62 52 52 255 43 40 40 255 43 40 39 255 62 52 51 255 72 59 58 255 72 59 57 255 72 59 58 255 72 59 57 255 72 59 58 255 72 59 58 255 62 52 52 255 43 40 40 255 43 40 40 255 62 52 52 255 72 59 58 255 72 59 58 255 62 49 50 255 42 29 34 255 35 25 34 255 39 36 50 255 58 52 63 255 90 73 73 255 90 73 73 255 
73 60 63 255 73 60 63 255 52 48 59 255 39 36 50 255 35 25 34 255 42 29 34 255 62 49 50 255 72 59 58 255 72 59 57 255 62 52 52 255 43 40 40 255 43 40 39 255 62 52 51 255 72 59 58 255 72 59 57 255 72 59 58 255 72 59 57 255 72 59 58 255 72 59 58 255 62 52 52 255 43 40 40 255 43 40 40 255 62 52 52 255 72 59 58 255 72 59 58 255 62 49 50 255 42 29 34 255 35 25 34 255 39 36 50 255 52 48 59 255 73 60 63 255 73 60 63 255 
64 54 57 255 64 54 58 255 49 46 57 255 39 36 50 255 35 25 35 255 43 29 35 255 62 49 50 255 72 59 58 255 72 59 57 255 62 52 52 255 43 40 40 255 43 40 39 255 62 52 51 255 72 59 58 255 72 59 57 255 72 59 58 255 72 59 57 255 72 59 58 255 72 59 58 255 62 52 52 255 43 40 40 255 43 40 40 255 62 52 52 255 72 59 58 255 72 59 58 255 62 49 50 255 43 29 35 255 35 25 35 255 39 36 50 255 49 46 58 255 64 54 58 255 64 54 58 255 
64 54 57 255 64 54 58 255 49 46 57 255 40 36 50 255 36 26 35 255 43 30 35 255 62 49 50 255 72 59 58 255 72 59 57 255 62 52 52 255 43 40 40 255 43 40 39 255 62 52 51 255 72 59 58 255 72 59 57 255 72 59 58 255 72 59 57 255 72 59 58 255 72 59 58 255 62 52 52 255 43 40 40 255 43 40 40 255 62 52 52 255 72 59 58 255 72 59 58 255 62 49 50 255 43 30 35 255 36 26 35 255 40 36 50 255 49 46 58 255 64 54 58 255 64 54 58 255 
56 48 51 255 56 48 51 255 45 40 50 255 38 33 45 255 36 27 35 255 41 30 35 255 55 42 45 255 67 53 53 255 78 62 61 255 71 58 57 255 46 42 41 255 43 40 39 255 62 52 51 255 72 59 58 255 72 59 57 255 72 59 58 255 72 59 57 255 72 59 58 255 72 59 58 255 62 52 52 255 43 40 40 255 46 42 41 255 71 58 57 255 78 62 61 255 67 53 53 255 55 43 45 255 41 30 35 255 36 27 35 255 38 33 45 255 45 40 50 255 56 48 51 255 56 48 51 255 
41 36 38 255 41 36 38 255 37 29 36 255 34 26 34 255 34 29 33 255 36 30 33 255 40 30 34 255 58 43 45 255 91 70 67 255 88 71 67 255 52 46 45 255 43 40 39 255 62 52 51 255 72 59 58 255 72 59 57 255 72 59 58 255 72 59 57 255 72 59 58 255 72 59 58 255 62 52 52 255 43 40 40 255 52 46 45 255 88 71 67 255 91 70 67 255 58 43 45 255 40 30 34 255 36 30 33 255 34 29 33 255 34 26 34 255 37 29 36 255 41 36 38 255 41 36 38 255 
41 36 38 255 41 36 38 255 37 29 36 255 34 26 34 255 34 29 33 255 36 30 33 255 40 30 34 255 58 43 45 255 91 70 67 255 88 71 67 255 52 46 45 255 43 40 39 255 62 52 51 255 72 59 58 255 72 59 57 255 72 59 58 255 72 59 57 255 72 59 58 255 72 59 58 255 62 52 52 255 43 40 40 255 52 46 45 255 88 71 67 255 91 70 67 255 58 43 45 255 40 30 34 255 36 30 33 255 34 29 33 255 34 26 34 255 37 29 36 255 41 36 38 255 41 36 38 255 
