0 0 0 0 0 0 0 0 0 0 0 0 0 0 0 0 0 0 0 0 0 0 0 0 0 0 0 0 0 0 0 0 0 0 0 0 0 0 0 0 0 0 0 0 0 0 0 0 0 0 0 0 0 0 0 0 0 0 0 0 0 0 0 0 0 0 0 0 0 0 0 0 0 0 0 0 0 0 0 0 0 0 0 0 0 0 0 0 0 0 0 0 0 0 0 0 0 0 0 0 0 0 0 0 0 0 0 0 0 0 0 0 0 0 0 0 0 0 0 0 0 0 0 0 0 0 0 0 
0 0 0 0 0 0 0 0 0 0 0 0 0 0 0 0 0 0 0 0 0 0 0 0 0 0 0 0 0 0 0 0 0 0 0 0 0 0 0 0 0 0 0 0 0 0 0 0 0 0 0 0 0 0 0 0 0 0 0 0 0 0 0 0 0 0 0 0 0 0 0 0 0 0 0 0 0 0 0 0 0 0 0 0 0 0 0 0 0 0 0 0 0 0 0 0 0 0 0 0 0 0 0 0 0 0 0 0 0 0 0 0 0 0 0 0 0 0 0 0 0 0 0 0 0 0 0 0 
0 0 0 0 0 0 0 0 0 0 0 0 0 0 0 0 0 0 0 0 0 0 0 0 0 0 0 0 0 0 0 0 0 0 0 0 0 0 0 0 0 0 0 0 0 0 0 0 0 0 0 0 0 0 0 0 0 0 0 0 0 0 0 0 0 0 0 0 0 0 0 0 0 0 0 0 0 0 0 0 0 0 0 0 0 0 0 0 0 0 0 0 0 0 0 0 0 0 0 0 0 0 0 0 0 0 0 0 0 0 0 0 0 0 0 0 0 0 0 0 0 0 0 0 0 0 0 0 
0 0 0 0 0 0 0 0 0 0 0 0 0 0 0 0 0 0 0 0 0 0 0 0 0 0 0 0 0 0 0 0 0 0 0 0 0 0 0 0 0 0 0 0 0 0 0 0 0 0 0 0 0 0 0 0 0 0 0 0 0 0 0 0 0 0 0 0 0 0 0 0 0 0 0 0 0 0 0 0 0 0 0 0 0 0 0 0 0 0 0 0 0 0 0 0 0 0 0 0 0 0 0 0 0 0 0 0 0 0 0 0 0 0 0 0 0 0 0 0 0 0 0 0 0 0 0 0 
0 0 0 0 0 0 0 0 0 0 0 0 0 0 0 0 0 0 0 0 0 0 0 0 0 0 0 0 0 0 0 0 0 0 0 0 0 0 0 0 0 0 0 0 0 0 0 0 0 0 0 0 0 0 0 0 0 0 0 0 0 0 0 0 0 0 0 0 0 0 0 0 0 0 0 0 0 0 0 0 0 0 0 0 0 0 0 0 0 0 0 0 0 0 0 0 0 0 0 0 0 0 0 0 0 0 0 0 0 0 0 0 0 0 0 0 0 0 0 0 0 0 0 0 0 0 0 0 
0 0 0 0 0 0 0 0 0 0 0 0 0 0 0 0 0 0 0 0 0 0 0 0 0 0 0 0 0 0 0 0 0 0 0 0 0 0 0 0 0 0 0 0 0 0 0 0 0 0 0 0 0 0 0 0 0 0 0 0 0 0 0 0 0 0 0 0 0 0 0 0 0 0 0 0 0 0 0 0 0 0 0 0 0 0 0 0 0 0 0 0 0 0 0 0 0 0 0 0 0 0 0 0 0 0 0 0 0 0 0 0 0 0 0 0 0 0 0 0 0 0 0 0 0 0 0 0 
0 0 0 0 0 0 0 0 0 0 0 0 0 0 0 0 0 0 0 0 0 0 0 0 0 0 0 0 0 0 0 0 0 0 0 0 0 0 0 0 0 0 0 0 0 0 0 0 0 0 0 0 0 0 0 0 0 0 0 0 0 0 0 0 0 0 0 0 0 0 0 0 0 0 0 0 0 0 0 0 0 0 0 0 0 0 0 0 0 0 0 0 0 0 0 0 0 0 0 0 0 0 0 0 0 0 0 0 0 0 0 0 0 0 0 0 0 0 0 0 0 0 0 0 0 0 0 0 
0 0 0 0 0 0 0 0 0 0 0 0 0 0 0 0 0 0 0 0 0 0 0 0 0 0 0 0 0 0 0 0 0 0 0 0 0 0 0 0 0 0 0 0 0 0 0 0 0 0 0 0 0 0 0 0 0 0 0 0 0 0 0 0 0 0 0 0 0 0 0 0 0 0 0 0 0 0 0 0 0 0 0 0 0 0 0 0 0 0 0 0 0 0 0 0 0 0 0 0 0 0 0 0 0 0 0 0 0 0 0 0 0 0 0 0 0 0 0 0 0 0 0 0 0 0 0 0 
0 0 0 0 0 0 0 0 0 0 0 0 0 0 0 0 0 0 0 0 0 0 0 0 0 0 0 0 0 0 0 0 0 0 0 0 0 0 0 0 0 0 0 0 0 0 0 0 0 0 0 0 0 0 0 0 0 0 0 0 0 0 0 0 0 0 0 0 0 0 0 0 0 0 0 0 0 0 0 0 0 0 0 0 0 0 0 0 0 0 0 0 0 0 0 0 0 0 0 0 0 0 0 0 0 0 0 0 0 0 0 0 0 0 0 0 0 0 0 0 0 0 0 0 0 0 0 0 
0 0 0 0 0 0 0 0 0 0 0 0 0 0 0 0 0 0 0 0 0 0 0 0 0 0 0 0 0 0 0 0 0 0 0 0 0 0 0 0 0 0 0 0 0 0 0 0 0 0 0 0 0 0 0 0 0 0 0 0 0 0 0 0 0 0 0 0 0 0 0 0 0 0 0 0 0 0 0 0 0 0 0 0 0 0 0 0 0 0 0 0 0 0 0 0 0 0 0 0 0 0 0 0 0 0 0 0 0 0 0 0 0 0 0 0 0 0 0 0 0 0 0 0 0 0 0 0 
0 0 0 0 0 0 0 0 0 0 0 0 0 0 0 0 0 0 0 0 0 0 0 0 0 0 0 0 0 0 0 0 0 0 0 0 0 0 0 0 0 0 0 0 0 0 0 0 0 0 0 0 0 0 0 0 0 0 0 0 0 0 0 0 0 0 0 0 0 0 0 0 0 0 0 0 0 0 0 0 0 0 0 0 0 0 0 0 0 0 0 0 0 0 0 0 0 0 0 0 0 0 0 0 0 0 0 0 0 0 0 0 0 0 0 0 0 0 0 0 0 0 0 0 0 0 0 0 
0 0 0 0 0 0 0 0 0 0 0 0 0 0 0 0 0 0 0 0 0 0 0 0 0 0 0 0 0 0 0 0 0 0 0 0 0 0 0 0 0 0 0 0 0 0 0 0 0 0 0 0 0 0 0 0 0 0 0 0 0 0 0 0 0 0 0 0 0 0 0 0 0 0 0 0 0 0 0 0 0 0 0 0 0 0 0 0 0 0 0 0 0 0 0 0 0 0 0 0 0 0 0 0 0 0 0 0 0 0 0 0 0 0 0 0 0 0 0 0 0 0 0 0 0 0 0 0 
0 0 0 0 0 0 0 0 0 0 0 0 0 0 0 0 0 0 0 0 0 0 0 0 0 0 0 0 0 0 0 0 0 0 0 0 0 0 0 0 0 0 0 0 0 0 0 0 0 0 0 0 0 0 0 0 0 0 0 0 0 0 0 0 0 0 0 0 0 0 0 0 0 0 0 0 0 0 0 0 0 0 0 0 0 0 0 0 0 0 0 0 0 0 0 0 0 0 0 0 0 0 0 0 0 0 0 0 0 0 0 0 0 0 0 0 0 0 0 0 0 0 0 0 0 0 0 0 
0 0 0 0 0 0 0 0 0 0 0 0 0 0 0 0 0 0 0 0 0 0 0 0 0 0 0 0 0 0 0 0 0 0 0 0 0 0 0 0 0 0 0 0 0 0 0 0 0 0 0 0 0 0 0 0 0 0 0 0 0 0 0 0 0 0 0 0 0 0 0 0 0 0 0 0 0 0 0 0 0 0 0 0 0 0 0 0 0 0 0 0 0 0 0 0 0 0 0 0 0 0 0 0 0 0 0 0 0 0 0 0 0 0 0 0 0 0 0 0 0 0 0 0 0 0 0 0 
0 0 0 0 0 0 0 0 0 0 0 0 0 0 0 0 0 0 0 0 0 0 0 0 0 0 0 0 0 0 0 0 0 0 0 0 0 0 0 0 0 0 0 0 0 0 0 0 0 0 0 0 0 0 0 0 0 0 0 0 0 0 0 0 0 0 0 0 0 0 0 0 0 0 0 0 0 0 0 0 0 0 0 0 0 0 0 0 0 0 0 0 0 0 0 0 0 0 0 0 0 0 0 0 0 0 0 0 0 0 0 0 0 0 0 0 0 0 0 0 0 0 0 0 0 0 0 0 
0 0 0 0 0 0 0 0 0 0 0 0 0 0 0 0 0 0 0 0 0 0 0 0 0 0 0 0 0 0 0 0 0 0 0 0 0 0 0 0 0 0 0 0 0 0 0 0 0 0 0 0 0 0 0 0 0 0 0 0 0 0 0 0 0 0 0 0 0 0 0 0 0 0 0 0 0 0 0 0 0 0 0 0 0 0 0 0 0 0 0 0 0 0 0 0 0 0 0 0 0 0 0 0 0 0 0 0 0 0 0 0 0 0 0 0 0 0 0 0 0 0 0 0 0 0 0 0 
0 0 0 0 0 0 0 0 0 0 0 0 0 0 0 0 0 0 0 0 0 0 0 0 0 0 0 0 0 0 0 0 0 0 0 0 0 0 0 0 0 0 0 0 0 0 0 0 0 0 0 0 0 0 0 0 0 0 0 0 0 0 0 0 0 0 0 0 0 0 0 0 0 0 0 0 0 0 0 0 0 0 0 0 0 0 0 0 0 0 0 0 0 0 0 0 0 0 0 0 0 0 0 0 0 0 0 0 0 0 0 0 0 0 0 0 0 0 0 0 0 0 0 0 0 0 0 0 
0 0 0 0 0 0 0 0 0 0 0 0 0 0 0 0 0 0 0 0 2 2 2 15 6 6 6 47 8 8 8 63 8 8 8 63 8 8 8 63 8 8 8 63 8 8 8 63 8 8 8 63 8 8 8 63 8 8 8 63 8 8 8 63 8 8 8 63 8 8 8 63 8 8 8 63 8 8 8 63 8 8 8 63 8 8 8 63 8 8 8 63 8 8 8 63 8 8 8 63 6 6 6 47 2 2 2 15 0 0 0 0 0 0 0 0 0 0 0 0 0 0 0 0 0 0 0 0 
0 0 0 0 0 0 0 0 0 0 0 0 0 0 0 0 0 0 0 0 6 6 6 47 19 19 19 143 25 25 25 191 25 25 25 191 25 25 25 191 25 25 25 191 25 25 25 191 25 25 25 191 25 25 25 191 25 25 25 191 25 25 25 191 25 25 25 191 25 25 25 191 25 25 25 191 25 25 25 191 25 25 25 191 25 25 25 191 25 25 25 191 25 25 25 191 25 25 25 191 19 19 19 143 6 6 6 47 0 0 0 0 0 0 0 0 0 0 0 0 0 0 0 0 0 0 0 0 
0 0 0 0 0 0 0 0 0 0 0 0 2 2 2 15 6 6 6 47 17 16 16 111 34 32 32 207 43 40 40 255 43 40 40 255 43 40 40 255 43 40 40 255 43 40 40 255 43 40 40 255 43 40 40 255 43 40 40 255 43 40 40 255 43 40 40 255 43 40 40 255 43 40 40 255 43 40 40 255 43 40 40 255 43 40 40 255 43 40 40 255 43 40 40 255 43 40 40 255 34 32 32 207 17 16 16 111 6 6 6 47 2 2 2 15 0 0 0 0 0 0 0 0 0 0 0 0 
0 0 0 0 0 0 0 0 0 0 0 0 6 6 6 47 19 19 19 143 34 32 32 207 53 45 45 239 62 52 52 255 62 52 51 255 62 52 52 255 62 52 51 255 62 52 52 255 62 52 51 255 62 52 52 255 62 52 51 255 62 52 52 255 62 52 51 255 62 52 52 255 62 52 52 255 62 52 52 255 62 52 52 255 62 52 52 255 62 52 52 255 62 52 52 255 62 52 52 255 53 45 45 239 34 32 32 207 19 19 19 143 6 6 6 47 0 0 0 0 0 0 0 0 0 0 0 0 
0 0 0 0 0 0 0 0 0 0 0 0 8 8 8 63 25 25 25 191 46 42 41 255 71 58 57 255 86 70 67 255 93 76 71 255 96 79 73 255 96 79 73 255 96 79 73 255 96 79 73 255 96 79 73 255 96 79 73 255 96 79 73 255 96 79 73 255 96 79 73 255 96 79 73 255 96 79 73 255 96 79 73 255 96 79 73 255 96 79 73 255 93 76 71 255 86 70 67 255 71 58 57 255 46 42 41 255 25 25 25 191 8 8 8 63 0 0 0 0 0 0 0 0 0 0 0 0 
0 0 0 0 0 0 0 0 0 0 0 0 8 8 8 63 25 25 25 191 52 46 45 255 88 71 67 255 116 92 85 255 135 111 99 255 145 120 105 255 145 120 105 255 145 120 105 255 145 120 105 255 145 120 105 255 145 120 105 255 145 120 105 255 145 120 105 255 145 120 105 255 145 120 105 255 145 120 105 255 145 120 105 255 145 120 105 255 145 120 105 255 135 111 99 255 116 92 85 255 88 71 67 255 52 46 45 255 25 25 25 191 8 8 8 63 0 0 0 0 0 0 0 0 0 0 0 0 
8 8 8 63 8 8 8 63 8 8 8 63 14 14 14 111 27 27 27 207 58 51 49 255 107 86 79 255 141 113 101 255 160 131 115 255 170 141 121 255 170 141 121 255 170 141 121 255 170 141 121 255 170 141 121 255 170 141 121 255 170 141 121 255 170 141 121 255 170 141 121 255 170 141 121 255 170 141 121 255 170 141 121 255 170 141 121 255 170 141 121 255 160 131 115 255 141 113 101 255 107 86 79 255 58 51 49 255 27 27 27 207 14 14 14 111 8 8 8 63 8 8 8 63 8 8 8 63 
25 25 25 191 25 25 25 191 25 25 25 191 27 27 27 207 31 31 31 239 64 57 53 255 126 105 93 255 160 131 115 255 166 137 119 255 170 141 121 255 170 141 121 255 170 141 121 255 170 141 121 255 170 141 121 255 170 141 121 255 170 141 121 255 170 141 121 255 170 141 121 255 170 141 121 255 170 141 121 255 170 141 121 255 170 141 121 255 170 141 121 255 166 137 119 255 160 131 115 255 126 105 93 255 64 57 53 255 31 31 31 239 27 27 27 207 25 25 25 191 25 25 25 191 25 25 25 191 
68 60 56 255 68 60 56 255 68 60 56 255 59 54 50 255 42 40 39 255 70 63 58 255 143 123 108 255 180 153 133 255 180 153 133 255 180 153 133 255 180 153 133 255 174 147 128 255 163 134 118 255 163 134 117 255 174 147 128 255 180 153 133 255 180 153 133 255 180 153 133 255 180 153 133 255 180 153 133 255 180 153 133 255 180 153 133 255 180 153 133 255 180 153 133 255 180 153 133 255 143 123 108 255 70 63 58 255 42 40 39 255 59 54 50 255 68 60 56 255 68 60 56 255 68 60 56 255 
136 114 99 255 136 114 99 255 136 114 99 255 110 94 83 255 59 54 50 255 75 70 64 255 159 142 126 255 200 178 157 255 200 178 157 255 200 178 157 255 200 178 157 255 183 159 141 255 149 122 110 255 148 122 109 255 183 159 141 255 200 178 157 255 200 178 157 255 200 178 157 255 200 178 157 255 200 178 157 255 200 178 157 255 200 178 157 255 200 178 157 255 200 178 157 255 200 178 157 255 159 142 126 255 75 70 64 255 59 54 50 255 110 94 83 255 136 114 99 255 136 114 99 255 136 114 99 255 
170 141 121 255 170 141 121 255 170 141 121 255 136 114 100 255 68 60 56 255 72 67 62 255 149 133 119 255 188 166 148 255 188 166 148 255 188 166 148 255 188 166 148 255 170 147 132 255 136 110 100 255 136 110 100 255 170 147 132 255 188 166 148 255 188 166 148 255 188 166 148 255 188 166 148 255 188 166 148 255 188 166 148 255 188 166 148 255 188 166 148 255 188 166 148 255 188 166 148 255 149 133 119 255 72 67 62 255 68 60 56 255 136 114 99 255 170 141 121 255 170 141 121 255 170 141 121 255 
170 141 121 255 170 141 121 255 170 141 121 255 136 114 100 255 68 60 56 255 60 54 51 255 114 96 87 255 142 116 105 255 142 116 105 255 142 116 105 255 142 116 105 255 136 110 100 255 124 98 90 255 124 98 90 255 136 110 100 255 142 116 105 255 142 116 105 255 142 116 105 255 142 116 105 255 142 116 105 255 142 116 105 255 142 116 105 255 142 116 105 255 142 116 105 255 142 116 105 255 114 96 88 255 61 54 52 255 68 60 56 255 136 114 99 255 170 141 121 255 170 141 121 255 170 141 121 255 
180 153 133 255 180 153 133 255 180 153 133 255 143 123 108 255 70 63 58 255 49 44 43 255 81 66 62 255 103 81 75 255 113 88 81 255 113 88 81 255 103 81 75 255 103 81 75 255 113 88 81 255 113 88 81 255 103 81 75 255 103 81 75 255 113 88 81 255 113 88 81 255 103 81 75 255 103 81 75 255 113 88 81 255 113 88 81 255 103 81 75 255 97 77 72 255 97 77 72 255 81 66 62 255 49 44 43 255 70 63 58 255 143 123 108 255 180 153 133 255 180 153 133 255 180 153 133 255 
200 178 157 255 200 178 157 255 200 178 157 255 159 142 126 255 75 70 64 255 39 37 37 255 49 44 43 255 71 59 56 255 103 81 75 255 103 81 75 255 71 59 56 255 71 59 56 255 103 81 75 255 103 81 75 255 71 59 56 255 71 59 56 255 103 81 75 255 103 81 75 255 71 59 56 255 71 59 56 255 103 81 75 255 103 81 75 255 71 59 56 255 55 48 46 255 55 48 46 255 49 44 43 255 39 37 37 255 75 70 64 255 159 142 126 255 200 178 157 255 200 178 157 255 200 178 157 255 
200 178 157 255 200 178 157 255 200 178 157 255 159 142 126 255 75 70 64 255 39 37 37 255 49 44 43 255 71 59 56 255 103 81 75 255 103 81 75 255 71 59 56 255 71 59 56 255 103 81 75 255 103 81 75 255 71 59 56 255 71 59 56 255 103 81 75 255 103 81 75 255 71 59 56 255 71 59 56 255 103 81 75 255 103 81 75 255 71 59 56 255 55 48 46 255 55 48 46 255 49 44 43 255 39 37 37 255 75 70 64 255 159 142 126 255 200 178 157 255 200 178 157 255 200 178 157 255 
