107 83 78 255 107 83 78 255 107 83 78 255 88 71 67 255 52 46 45 255 36 35 35 255 41 38 38 255 53 46 46 255 73 60 58 255 83 67 64 255 83 67 64 255 80 65 63 255 74 61 59 255 72 59 58 255 72 59 57 255 72 59 58 255 72 59 57 255 72 59 58 255 72 59 58 255 74 61 59 255 80 65 63 255 83 67 64 255 83 67 64 255 73 60 58 255 53 47 46 255 41 38 38 255 36 35 35 255 52 46 45 255 88 71 67 255 107 83 78 255 107 83 78 255 107 83 78 255 
107 83 78 255 107 83 78 255 107 83 78 255 88 71 67 255 52 46 45 255 36 35 35 255 41 38 38 255 53 46 46 255 73 60 58 255 83 67 64 255 83 67 64 255 80 65 63 255 74 61 59 255 72 59 58 255 72 59 57 255 72 59 58 255 72 59 57 255 72 59 58 255 72 59 58 255 74 61 59 255 80 65 63 255 83 67 64 255 83 67 64 255 73 60 58 255 53 47 46 255 41 38 38 255 36 35 35 255 52 46 45 255 88 71 67 255 107 83 78 255 107 83 78 255 107 83 78 255 
83 67 64 255 83 67 64 255 83 67 64 255 71 58 57 255 46 42 41 255 41 38 38 255 55 48 47 255 73 60 58 255 96 75 71 255 107 83 78 255 107 83 78 255 98 77 73 255 80 65 63 255 72 59 58 255 72 59 57 255 72 59 58 255 72 59 57 255 72 59 58 255 72 59 58 255 80 65 63 255 98 77 73 255 107 83 78 255 107 83 78 255 96 76 71 255 73 60 58 255 55 48 47 255 41 38 38 255 46 42 41 255 71 58 57 255 83 67 64 255 83 67 64 255 83 67 64 255 
72 59 57 255 72 59 58 255 72 59 57 255 62 52 52 255 43 40 40 255 43 40 39 255 62 52 51 255 78 63 61 255 91 72 68 255 97 77 72 255 97 77 72 255 94 74 70 255 87 69 66 255 80 65 63 255 74 61 59 255 72 59 58 255 72 59 57 255 74 61 59 255 80 65 63 255 87 69 66 255 94 74 70 255 97 77 72 255 97 77 72 255 91 72 68 255 78 63 61 255 62 52 52 255 43 40 40 255 43 40 40 255 62 52 52 255 72 59 58 255 72 59 58 255 72 59 58 255 
72 59 57 255 72 59 58 255 72 59 57 255 62 52 52 255 43 40 40 255 43 40 39 255 62 52 51 255 67 56 55 255 59 51 49 255 55 48 46 255 55 48 46 255 68 57 54 255 94 74 70 255 98 77 73 255 80 65 63 255 72 59 58 255 72 59 57 255 80 65 63 255 98 77 73 255 94 74 70 255 68 57 54 255 55 48 46 255 55 48 46 255 59 51 49 255 67 56 55 255 62 52 52 255 43 40 40 255 43 40 40 255 62 52 52 255 72 59 58 255 72 59 58 255 72 59 58 255 
62 52 51 255 62 52 52 255 62 52 51 255 55 48 47 255 41 38 38 255 41 38 38 255 55 48 47 255 55 48 47 255 41 38 38 255 39 37 37 255 49 44 43 255 65 55 53 255 87 70 65 255 91 72 68 255 78 63 61 255 72 59 58 255 72 59 57 255 78 63 61 255 91 72 68 255 87 70 65 255 65 55 53 255 49 44 43 255 39 37 37 255 41 38 38 255 55 48 47 255 55 48 47 255 41 38 38 255 41 38 38 255 55 48 47 255 62 52 52 255 62 52 52 255 62 52 52 255 
43 40 40 255 43 40 40 255 43 40 40 255 41 38 38 255 36 35 35 255 36 35 35 255 41 38 38 255 41 38 38 255 36 35 35 255 49 44 43 255 81 66 62 255 87 70 65 255 65 55 53 255 59 51 49 255 67 56 55 255 72 59 58 255 72 59 57 255 67 56 55 255 59 51 49 255 65 55 53 255 87 70 65 255 81 66 62 255 49 44 43 255 36 35 35 255 41 38 38 255 41 38 38 255 36 35 35 255 36 35 35 255 41 38 38 255 43 40 40 255 43 40 40 255 43 40 40 255 
39 37 37 255 39 37 37 255 49 44 43 255 49 44 43 255 39 37 37 255 34 34 34 255 34 34 34 255 36 35 35 255 41 38 38 255 59 51 49 255 91 72 68 255 91 72 68 255 59 51 49 255 48 43 42 255 57 49 48 255 62 52 52 255 62 52 51 255 57 49 49 255 48 43 43 255 59 51 49 255 91 72 68 255 91 72 68 255 59 51 49 255 41 38 38 255 36 35 35 255 34 34 34 255 34 34 34 255 39 37 37 255 49 44 43 255 55 48 46 255 55 48 46 255 55 48 46 255 
49 44 43 255 49 44 43 255 81 66 62 255 81 66 62 255 49 44 43 255 34 34 34 255 34 34 34 255 41 38 38 255 55 48 47 255 67 56 55 255 78 63 61 255 78 63 61 255 67 56 55 255 57 49 49 255 48 43 43 255 43 40 40 255 43 40 40 255 48 43 43 255 57 49 49 255 67 56 55 255 78 63 61 255 78 63 61 255 67 56 55 255 55 48 47 255 41 38 38 255 34 34 34 255 34 34 34 255 49 44 43 255 81 66 62 255 97 77 72 255 97 77 72 255 97 77 72 255 
59 51 49 255 59 51 49 255 91 72 68 255 88 71 67 255 52 46 45 255 34 34 34 255 34 34 34 255 41 38 38 255 55 48 47 255 62 52 52 255 62 52 51 255 67 56 55 255 78 63 61 255 71 58 57 255 46 42 41 255 34 34 34 255 34 34 34 255 46 42 41 255 71 58 57 255 78 63 61 255 67 56 55 255 62 52 52 255 62 52 52 255 55 48 47 255 41 38 38 255 34 34 34 255 34 34 34 255 52 46 45 255 88 71 67 255 107 83 78 255 107 83 78 255 107 83 78 255 
67 56 55 255 67 56 55 255 78 63 61 255 71 58 57 255 46 42 41 255 34 34 34 255 34 34 34 255 36 35 35 255 41 38 38 255 43 40 40 255 43 40 40 255 59 51 49 255 91 72 68 255 88 71 67 255 52 46 45 255 34 34 34 255 34 34 34 255 52 46 45 255 88 71 67 255 91 72 68 255 59 51 49 255 43 40 40 255 43 40 40 255 41 38 38 255 36 35 35 255 34 34 34 255 34 34 34 255 46 42 41 255 71 58 57 255 83 67 64 255 83 67 64 255 83 67 64 255 
72 59 57 255 72 59 58 255 72 59 57 255 62 52 52 255 43 40 40 255 36 35 35 255 41 38 38 255 41 38 38 255 36 35 35 255 34 34 34 255 34 34 34 255 49 44 43 255 81 66 62 255 88 68 63 255 70 50 44 255 61 41 35 255 61 41 35 255 70 50 44 255 88 68 63 255 81 66 62 255 49 44 43 255 34 34 34 255 34 34 34 255 36 35 35 255 41 38 38 255 41 38 38 255 36 35 35 255 43 40 40 255 62 52 52 255 72 59 58 255 72 59 58 255 72 59 58 255 
72 59 57 255 72 59 58 255 72 59 57 255 62 52 52 255 43 40 40 255 41 38 38 255 55 48 47 255 55 48 47 255 41 38 38 255 34 34 34 255 34 34 34 255 39 37 37 255 49 44 43 255 70 50 44 255 100 54 41 255 115 56 39 255 115 56 39 255 100 54 41 255 70 50 44 255 49 44 43 255 39 37 37 255 34 34 34 255 34 34 34 255 41 38 38 255 55 48 47 255 55 48 47 255 41 38 38 255 43 40 40 255 62 52 52 255 72 59 58 255 72 59 58 255 72 59 58 255 
62 52 51 255 62 52 52 255 62 52 51 255 55 48 47 255 41 38 38 255 41 38 38 255 55 48 47 255 57 49 49 255 48 43 43 255 43 40 40 255 43 40 40 255 41 38 38 255 36 35 35 255 67 46 36 255 133 71 40 255 165 79 42 255 163 71 44 255 129 59 42 255 65 42 36 255 36 35 35 255 41 38 38 255 43 40 40 255 43 40 40 255 48 43 43 255 57 49 49 255 55 48 47 255 41 38 38 255 41 38 38 255 55 48 47 255 62 52 52 255 62 52 52 255 62 52 52 255 
43 40 40 255 43 40 40 255 43 40 40 255 41 38 38 255 36 35 35 255 36 35 35 255 41 38 38 255 48 43 42 255 57 49 48 255 62 52 52 255 62 52 51 255 55 48 47 255 41 38 38 255 79 56 36 255 169 100 42 255 210 110 46 255 203 86 50 255 157 64 47 255 75 44 38 255 41 38 38 255 55 48 47 255 62 52 52 255 62 52 52 255 57 49 49 255 48 43 43 255 41 38 38 255 36 35 35 255 36 35 35 255 41 38 38 255 43 40 40 255 43 40 40 255 43 40 40 255 
55 48 46 255 55 48 46 255 55 48 46 255 55 48 46 255 55 48 46 255 49 44 43 255 39 37 37 255 41 38 38 255 55 48 47 255 64 54 53 255 69 57 56 255 62 52 52 255 43 40 40 255 84 60 36 255 186 114 42 255 233 126 48 255 223 94 53 255 171 67 50 255 80 45 39 255 43 40 40 255 62 52 52 255 69 57 56 255 64 54 53 255 55 48 47 255 41 38 38 255 34 34 34 255 34 34 34 255 39 37 37 255 49 44 43 255 55 48 46 255 55 48 46 255 55 48 46 255 
97 77 72 255 97 77 72 255 97 77 72 255 97 77 72 255 97 77 72 255 81 66 62 255 49 44 43 255 36 35 35 255 41 38 38 255 50 44 44 255 64 54 53 255 62 52 52 255 43 40 40 255 84 60 36 255 186 114 42 255 233 126 48 255 223 94 53 255 171 67 50 255 80 45 39 255 43 40 40 255 62 52 52 255 64 54 53 255 50 44 44 255 41 38 38 255 36 35 35 255 34 34 34 255 34 34 34 255 49 44 43 255 81 66 62 255 97 77 72 255 97 77 72 255 97 77 72 255 
107 83 78 255 107 83 78 255 107 83 78 255 107 83 78 255 107 83 78 255 88 71 67 255 52 46 45 255 34 34 34 255 34 34 34 255 41 38 38 255 55 48 47 255 55 48 47 255 41 38 38 255 84 60 36 255 186 114 42 255 228 125 47 255 208 91 50 255 157 64 47 255 75 44 38 255 41 38 38 255 55 48 47 255 55 48 47 255 41 38 38 255 34 34 34 255 34 34 34 255 36 35 35 255 41 38 38 255 59 51 49 255 91 72 68 255 107 83 78 255 107 83 78 255 107 83 78 255 
83 67 64 255 83 67 64 255 83 67 64 255 83 67 64 255 83 67 64 255 71 58 57 255 46 42 41 255 34 34 34 255 34 34 34 255 36 35 35 255 41 38 38 255 41 38 38 255 36 35 35 255 84 60 36 255 186 114 42 255 218 123 45 255 180 86 45 255 129 59 42 255 65 42 36 255 36 35 35 255 41 38 38 255 41 38 38 255 36 35 35 255 34 34 34 255 34 34 34 255 41 38 38 255 55 48 47 255 67 56 55 255 78 63 61 255 83 67 64 255 83 67 64 255 83 67 64 255 
72 59 57 255 72 59 58 255 72 59 57 255 72 59 58 255 72 59 57 255 62 52 52 255 43 40 40 255 34 34 34 255 34 34 34 255 34 34 34 255 34 34 34 255 34 34 34 255 34 34 34 255 84 60 36 255 186 114 42 255 214 122 44 255 166 83 42 255 115 56 39 255 61 41 35 255 34 34 34 255 34 34 34 255 34 34 34 255 34 34 34 255 34 34 34 255 34 34 34 255 43 40 40 255 62 52 52 255 72 59 58 255 72 59 58 255 72 59 58 255 72 59 58 255 72 59 58 255 
72 59 57 255 72 59 58 255 72 59 57 255 72 59 58 255 72 59 57 255 62 52 52 255 43 40 40 255 34 34 34 255 34 34 34 255 34 34 34 255 34 34 34 255 34 34 34 255 34 34 34 255 84 60 36 255 186 114 42 255 214 122 44 255 166 83 42 255 115 56 39 255 61 41 35 255 34 34 34 255 34 34 34 255 34 34 34 255 34 34 34 255 34 34 34 255 34 34 34 255 43 40 40 255 62 52 52 255 72 59 58 255 72 59 58 255 72 59 58 255 72 59 58 255 72 59 58 255 
62 52 51 255 62 52 52 255 62 52 51 255 62 52 52 255 62 52 51 255 60 51 50 255 57 49 48 255 55 48 46 255 55 48 46 255 49 44 43 255 39 37 37 255 34 34 34 255 34 34 34 255 83 56 37 255 183 102 44 255 210 110 46 255 165 79 42 255 115 56 39 255 61 41 35 255 34 34 34 255 34 34 34 255 39 37 37 255 49 44 43 255 55 48 46 255 55 48 46 255 57 49 48 255 60 51 50 255 62 52 52 255 62 52 52 255 62 52 52 255 62 52 52 255 62 52 52 255 
43 40 40 255 43 40 40 255 43 40 40 255 43 40 40 255 43 40 40 255 57 49 48 255 84 68 64 255 97 77 72 255 97 77 72 255 81 66 62 255 49 44 43 255 34 34 34 255 34 34 34 255 81 48 38 255 175 78 48 255 203 86 50 255 163 71 44 255 115 56 39 255 61 41 35 255 34 34 34 255 34 34 34 255 49 44 43 255 81 66 62 255 97 77 72 255 97 77 72 255 84 68 64 255 57 49 48 255 43 40 40 255 43 40 40 255 43 40 40 255 43 40 40 255 43 40 40 255 
49 44 43 255 49 44 43 255 39 37 37 255 39 37 37 255 49 44 43 255 68 57 54 255 94 74 70 255 107 83 78 255 107 83 78 255 94 74 70 255 68 57 54 255 49 44 43 255 39 37 37 255 79 44 39 255 171 66 50 255 205 79 52 255 179 82 45 255 133 71 40 255 67 46 36 255 39 37 37 255 49 44 43 255 68 57 54 255 94 74 70 255 107 83 78 255 107 83 78 255 94 74 70 255 68 57 54 255 49 44 43 255 39 37 37 255 39 37 37 255 49 44 43 255 49 44 43 255 
81 66 62 255 81 66 62 255 49 44 43 255 49 44 43 255 81 66 62 255 94 74 70 255 87 69 66 255 83 67 64 255 83 67 64 255 87 69 66 255 94 74 70 255 81 66 62 255 49 44 43 255 79 44 39 255 171 66 50 255 217 89 53 255 215 111 47 255 169 100 42 255 79 56 36 255 49 44 43 255 81 66 62 255 94 74 70 255 87 69 66 255 83 67 64 255 83 67 64 255 87 69 66 255 94 74 70 255 81 66 62 255 49 44 43 255 49 44 43 255 81 66 62 255 81 66 62 255 
97 77 72 255 97 77 72 255 55 48 46 255 52 46 45 255 88 71 67 255 98 77 73 255 80 65 63 255 72 59 58 255 72 59 57 255 80 65 63 255 98 77 73 255 100 74 68 255 86 54 49 255 114 53 43 255 183 69 51 255 222 93 53 255 232 125 48 255 199 121 43 255 123 81 39 255 90 66 47 255 101 78 67 255 98 77 73 255 80 65 63 255 72 59 58 255 72 59 58 255 80 65 63 255 98 77 73 255 88 71 67 255 52 46 45 255 55 48 46 255 97 77 72 255 97 77 72 255 
97 77 72 255 97 77 72 255 55 48 46 255 46 42 41 255 71 58 57 255 80 65 63 255 74 61 59 255 72 59 58 255 72 59 57 255 74 61 59 255 80 65 63 255 105 67 61 255 149 67 54 255 183 69 51 255 206 75 54 255 222 93 53 255 232 125 48 255 225 135 45 255 199 121 43 255 161 103 48 255 109 79 59 255 80 65 63 255 74 61 59 255 72 59 58 255 72 59 58 255 74 61 59 255 80 65 63 255 71 58 57 255 46 42 41 255 55 48 46 255 97 77 72 255 97 77 72 255 
97 77 72 255 97 77 72 255 55 48 46 255 52 41 39 255 89 56 51 255 97 61 56 255 74 55 53 255 73 55 53 255 96 60 56 255 109 67 56 255 112 75 55 255 139 79 55 255 191 78 55 255 219 81 55 255 221 89 54 255 226 105 51 255 234 129 47 255 238 142 46 255 238 142 46 255 206 126 48 255 144 95 52 255 112 75 55 255 109 67 56 255 97 60 56 255 73 55 53 255 73 55 53 255 97 60 56 255 89 56 51 255 52 41 39 255 55 48 46 255 97 77 72 255 97 77 72 255 
97 77 72 255 97 77 72 255 55 48 46 255 70 43 39 255 144 63 50 255 147 65 52 255 78 48 44 255 77 48 44 255 146 64 52 255 185 85 54 255 192 109 50 255 201 110 50 255 212 88 54 255 221 89 54 255 229 113 50 255 234 130 47 255 236 138 46 255 238 142 46 255 238 142 46 255 227 136 46 255 206 126 48 255 192 109 50 255 185 85 54 255 147 65 52 255 78 48 44 255 78 48 44 255 147 65 52 255 144 63 50 255 70 43 39 255 55 48 46 255 97 77 72 255 97 77 72 255 
97 77 72 255 97 77 72 255 55 48 46 255 79 44 39 255 171 66 50 255 183 69 51 255 114 53 43 255 114 53 43 255 183 69 51 255 221 89 54 255 229 113 50 255 230 118 49 255 225 102 52 255 226 105 51 255 234 129 47 255 238 142 46 255 238 142 45 255 238 142 46 255 238 142 46 255 236 138 46 255 234 130 47 255 229 114 50 255 221 90 54 255 183 69 51 255 114 53 43 255 114 53 43 255 183 69 51 255 171 67 50 255 80 45 39 255 55 48 46 255 97 77 72 255 97 77 72 255 
97 77 72 255 97 77 72 255 55 48 46 255 79 44 39 255 171 66 50 255 206 75 54 255 183 69 51 255 183 69 51 255 206 75 54 255 219 81 55 255 221 89 54 255 225 101 52 255 230 117 49 255 234 130 47 255 236 138 46 255 238 142 46 255 238 142 45 255 238 142 46 255 238 142 46 255 234 130 47 255 226 106 51 255 221 90 54 255 219 82 55 255 206 75 54 255 183 69 51 255 183 69 51 255 206 75 54 255 171 67 50 255 80 45 39 255 55 48 46 255 97 77 72 255 97 77 72 255 
97 77 72 255 97 77 72 255 55 48 46 255 79 44 39 255 171 66 50 255 206 75 54 255 183 69 51 255 183 69 51 255 206 75 54 255 219 81 55 255 221 89 54 255 225 101 52 255 230 117 49 255 234 130 47 255 236 138 46 255 238 142 46 255 238 142 45 255 238 142 46 255 238 142 46 255 234 130 47 255 226 106 51 255 221 90 54 255 219 82 55 255 206 75 54 255 183 69 51 255 183 69 51 255 206 75 54 255 171 67 50 255 80 45 39 255 55 48 46 255 97 77 72 255 97 77 72 255 
