107 83 78 255 107 83 78 255 107 83 78 255 88 71 67 255 52 46 45 255 59 55 54 255 109 98 95 255 128 112 114 255 117 97 112 255 117 97 112 255 128 112 114 255 127 110 106 255 114 92 87 255 107 83 78 255 107 83 78 255 107 83 78 255 107 83 78 255 98 81 78 255 80 78 77 255 81 79 85 255 101 86 102 255 117 97 112 255 128 112 114 255 127 110 106 255 114 92 87 255 88 71 67 255 52 46 45 255 52 46 45 255 88 71 67 255 107 83 78 255 107 83 78 255 107 83 78 255 
107 83 78 255 107 83 78 255 107 83 78 255 88 71 67 255 52 46 45 255 59 55 54 255 109 98 95 255 128 112 114 255 117 97 112 255 117 97 112 255 128 112 114 255 127 110 106 255 114 92 87 255 107 83 78 255 107 83 78 255 107 83 78 255 107 83 78 255 98 81 78 255 80 78 77 255 81 79 85 255 101 86 102 255 117 97 112 255 128 112 114 255 127 110 106 255 114 92 87 255 88 71 67 255 52 46 45 255 52 46 45 255 88 71 67 255 107 83 78 255 107 83 78 255 107 83 78 255 
83 67 64 255 83 67 64 255 83 67 64 255 71 58 57 255 46 42 41 255 67 69 69 255 133 139 140 255 148 153 173 255 113 109 166 255 113 109 166 255 148 153 173 255 145 148 148 255 104 94 92 255 83 67 64 255 83 67 64 255 83 67 64 255 83 67 64 255 99 90 89 255 129 137 139 255 132 142 163 255 108 105 163 255 113 109 166 255 148 153 173 255 145 148 148 255 104 94 92 255 71 58 57 255 46 42 41 255 46 42 41 255 71 58 57 255 83 67 64 255 83 67 64 255 83 67 64 255 
72 59 57 255 72 59 58 255 72 59 57 255 62 52 52 255 43 40 40 255 61 65 66 255 117 129 131 255 132 150 171 255 107 128 185 255 111 131 195 255 142 159 200 255 134 143 164 255 86 83 89 255 62 52 52 255 62 52 51 255 62 52 52 255 62 52 51 255 86 83 89 255 134 143 164 255 141 151 199 255 106 107 192 255 103 104 182 255 131 142 170 255 124 133 135 255 83 79 79 255 55 48 47 255 41 38 38 255 43 40 40 255 62 52 52 255 72 59 58 255 72 59 58 255 72 59 58 255 
72 59 57 255 72 59 58 255 72 59 57 255 62 52 52 255 43 40 40 255 43 44 44 255 61 65 66 255 80 102 108 255 98 155 170 255 108 165 199 255 111 131 195 255 95 96 155 255 60 59 78 255 43 40 40 255 43 40 40 255 43 40 40 255 43 40 40 255 60 59 78 255 95 96 155 255 106 107 192 255 94 93 190 255 84 83 161 255 75 78 105 255 64 67 67 255 50 49 49 255 41 38 38 255 36 35 35 255 43 40 40 255 62 52 52 255 72 59 58 255 72 59 58 255 72 59 58 255 
62 52 51 255 62 52 52 255 62 52 51 255 55 48 47 255 41 38 38 255 34 34 34 255 34 34 34 255 53 78 76 255 93 168 162 255 107 186 202 255 94 130 196 255 78 88 162 255 57 60 102 255 47 47 72 255 47 47 72 255 47 47 72 255 47 47 72 255 57 60 102 255 78 88 162 255 88 98 191 255 88 90 189 255 75 73 150 255 47 47 72 255 34 34 34 255 34 34 34 255 34 34 34 255 34 34 34 255 41 38 38 255 55 48 47 255 62 52 52 255 62 52 52 255 62 52 52 255 
43 40 40 255 43 40 40 255 43 40 40 255 41 38 38 255 36 35 35 255 34 34 34 255 34 34 34 255 53 78 76 255 93 168 162 255 107 194 204 255 93 155 201 255 83 119 187 255 78 88 162 255 75 73 150 255 75 73 150 255 75 73 150 255 75 73 150 255 78 88 162 255 83 119 187 255 87 123 197 255 88 98 191 255 75 73 150 255 47 47 72 255 34 34 34 255 34 34 34 255 34 34 34 255 34 34 34 255 36 35 35 255 41 38 38 255 43 40 40 255 43 40 40 255 43 40 40 255 
49 44 43 255 49 44 43 255 39 37 37 255 39 37 37 255 49 44 43 255 55 48 46 255 55 48 46 255 69 89 86 255 99 172 166 255 107 198 205 255 93 167 204 255 86 139 201 255 87 114 195 255 88 102 192 255 88 102 192 255 88 102 192 255 88 102 192 255 87 114 195 255 86 139 201 255 86 135 200 255 88 102 192 255 80 76 153 255 63 57 82 255 55 48 46 255 55 48 46 255 55 48 46 255 55 48 46 255 55 48 46 255 55 48 46 255 55 48 46 255 55 48 46 255 55 48 46 255 
81 66 62 255 81 66 62 255 49 44 43 255 49 44 43 255 81 66 62 255 97 77 72 255 97 77 72 255 101 111 105 255 109 179 172 255 107 198 205 255 93 167 204 255 86 147 203 255 86 139 201 255 86 135 200 255 86 135 200 255 86 135 200 255 86 135 200 255 86 139 201 255 86 147 203 255 86 135 200 255 88 102 192 255 91 83 159 255 95 79 101 255 97 77 72 255 97 77 72 255 97 77 72 255 97 77 72 255 97 77 72 255 97 77 72 255 97 77 72 255 97 77 72 255 97 77 72 255 
91 72 68 255 91 72 68 255 59 51 49 255 59 51 49 255 91 72 68 255 107 83 78 255 107 83 78 255 107 108 109 255 107 157 170 255 102 174 202 255 91 159 203 255 86 152 204 255 86 152 204 255 86 152 204 255 86 152 204 255 86 152 204 255 86 152 204 255 86 152 204 255 86 152 204 255 86 135 200 255 88 102 192 255 93 85 161 255 102 84 105 255 107 83 78 255 107 83 78 255 107 83 78 255 107 83 78 255 107 83 78 255 107 83 78 255 107 83 78 255 107 83 78 255 107 83 78 255 
78 63 61 255 78 63 61 255 67 56 55 255 67 56 55 255 78 63 61 255 83 67 64 255 83 67 64 255 86 79 96 255 92 105 161 255 92 126 195 255 88 143 201 255 86 152 204 255 86 152 204 255 86 152 204 255 86 152 204 255 86 152 204 255 86 152 204 255 86 152 204 255 86 152 204 255 86 135 200 255 88 102 192 255 87 81 157 255 85 71 95 255 83 67 64 255 83 67 64 255 83 67 64 255 83 67 64 255 83 67 64 255 83 67 64 255 83 67 64 255 83 67 64 255 83 67 64 255 
72 59 57 255 72 59 58 255 72 59 57 255 72 59 58 255 72 59 57 255 72 59 58 255 72 59 57 255 77 73 91 255 89 103 159 255 92 126 195 255 88 143 201 255 86 152 204 255 86 152 204 255 86 152 204 255 86 152 204 255 86 152 204 255 86 152 204 255 86 152 204 255 86 152 204 255 85 133 192 255 85 97 168 255 81 74 131 255 75 64 82 255 72 59 58 255 72 59 58 255 69 57 56 255 64 54 53 255 64 54 53 255 69 57 56 255 72 59 58 255 72 59 58 255 72 59 58 255 
72 59 57 255 72 59 58 255 72 59 57 255 72 59 58 255 72 59 57 255 72 59 58 255 72 59 57 255 80 89 93 255 98 151 165 255 102 174 202 255 91 159 203 255 86 152 204 255 86 152 204 255 86 152 204 255 86 152 204 255 86 152 204 255 86 152 204 255 86 152 204 255 86 152 204 255 83 130 175 255 78 87 119 255 75 64 82 255 73 60 66 255 72 59 58 255 72 59 58 255 64 54 53 255 50 44 44 255 50 44 44 255 64 54 53 255 72 59 58 255 72 59 58 255 72 59 58 255 
62 52 51 255 62 52 52 255 62 52 51 255 62 52 52 255 62 52 51 255 62 52 52 255 62 52 51 255 75 93 90 255 101 173 167 255 107 198 205 255 93 167 204 255 86 152 204 255 86 152 204 255 86 152 204 255 86 152 204 255 86 152 204 255 86 152 204 255 86 152 204 255 86 152 204 255 83 130 175 255 78 87 119 255 72 62 81 255 65 56 61 255 62 52 52 255 62 52 52 255 55 48 47 255 41 38 38 255 41 38 38 255 55 48 47 255 62 52 52 255 62 52 52 255 62 52 52 255 
43 40 40 255 43 40 40 255 43 40 40 255 43 40 40 255 43 40 40 255 43 40 40 255 43 40 40 255 61 83 81 255 96 170 164 255 107 198 205 255 93 167 204 255 86 152 204 255 86 152 204 255 86 152 204 255 86 152 204 255 86 152 204 255 86 152 204 255 86 152 204 255 86 152 204 255 85 133 192 255 85 97 168 255 74 69 127 255 53 50 69 255 43 40 40 255 43 40 40 255 41 38 38 255 36 35 35 255 36 35 35 255 41 38 38 255 43 40 40 255 43 40 40 255 43 40 40 255 
55 48 46 255 55 48 46 255 55 48 46 255 55 48 46 255 55 48 46 255 55 48 46 255 55 48 46 255 69 89 86 255 99 172 166 255 107 198 205 255 93 167 204 255 86 152 204 255 86 152 204 255 86 152 204 255 86 152 204 255 86 152 204 255 86 152 204 255 86 152 204 255 86 152 204 255 86 135 200 255 88 102 192 255 80 76 153 255 63 57 82 255 55 48 46 255 55 48 46 255 55 48 46 255 55 48 46 255 49 44 43 255 39 37 37 255 35 34 34 255 38 34 36 255 38 34 36 255 
97 77 72 255 97 77 72 255 97 77 72 255 97 77 72 255 97 77 72 255 97 77 72 255 97 77 72 255 101 111 105 255 109 179 172 255 107 198 205 255 93 167 204 255 86 152 204 255 86 152 204 255 86 152 204 255 86 152 204 255 86 152 204 255 86 152 204 255 86 152 204 255 86 152 204 255 86 135 200 255 88 102 192 255 91 83 159 255 95 79 101 255 97 77 72 255 97 77 72 255 97 77 72 255 97 77 72 255 81 66 62 255 49 44 43 255 38 34 36 255 46 36 40 255 46 36 40 255 
107 83 78 255 107 83 78 255 107 83 78 255 107 83 78 255 107 83 78 255 107 83 78 255 107 83 78 255 106 106 100 255 104 152 146 255 99 169 177 255 90 157 195 255 86 152 204 255 86 152 204 255 86 147 203 255 86 139 201 255 86 139 201 255 86 147 203 255 86 152 204 255 86 152 204 255 86 135 200 255 88 102 192 255 93 85 161 255 102 84 105 255 107 83 78 255 107 83 78 255 107 83 78 255 107 83 78 255 88 71 67 255 52 46 45 255 40 36 37 255 53 40 44 255 53 40 44 255 
83 67 64 255 83 67 64 255 83 67 64 255 83 67 64 255 83 67 64 255 83 67 64 255 83 67 64 255 83 74 72 255 82 90 87 255 83 111 122 255 85 138 176 255 86 152 204 255 86 152 204 255 86 139 201 255 87 114 195 255 87 114 195 255 86 139 201 255 86 152 204 255 86 152 204 255 86 135 200 255 88 102 192 255 87 81 157 255 85 71 95 255 83 67 64 255 83 67 64 255 83 67 64 255 83 67 64 255 71 58 57 255 46 42 41 255 42 38 39 255 59 48 49 255 59 48 49 255 
72 59 57 255 72 59 58 255 72 59 57 255 72 59 58 255 72 59 57 255 69 57 56 255 64 54 53 255 67 63 62 255 77 86 84 255 83 111 122 255 85 138 176 255 86 147 203 255 86 139 201 255 83 119 187 255 78 88 162 255 78 88 162 255 83 119 187 255 86 139 201 255 86 147 203 255 86 135 200 255 88 102 192 255 84 79 156 255 76 65 90 255 72 59 58 255 72 59 58 255 72 59 58 255 72 59 58 255 62 52 52 255 43 40 40 255 43 40 40 255 62 52 52 255 62 52 52 255 
72 59 57 255 72 59 58 255 72 59 57 255 72 59 58 255 72 59 57 255 64 54 53 255 50 44 44 255 58 73 72 255 88 141 136 255 99 169 177 255 90 157 195 255 86 139 201 255 87 114 195 255 78 88 162 255 57 60 102 255 57 60 102 255 78 88 162 255 87 114 195 255 86 139 201 255 86 135 200 255 88 102 192 255 84 79 156 255 76 65 90 255 72 59 58 255 72 59 58 255 72 59 58 255 72 59 58 255 62 52 52 255 43 40 40 255 43 40 40 255 62 52 52 255 62 52 52 255 
62 52 51 255 62 52 52 255 62 52 51 255 62 52 52 255 62 52 51 255 55 48 47 255 41 38 38 255 53 78 76 255 93 168 162 255 107 194 204 255 93 155 201 255 83 119 187 255 78 88 162 255 64 63 121 255 44 43 63 255 44 43 63 255 64 63 121 255 78 88 162 255 83 119 187 255 87 123 197 255 88 98 191 255 82 77 154 255 69 61 86 255 62 52 52 255 62 52 52 255 62 52 52 255 62 52 52 255 55 48 47 255 41 38 38 255 41 38 38 255 55 48 47 255 55 48 47 255 
43 40 40 255 43 40 40 255 43 40 40 255 43 40 40 255 43 40 40 255 41 38 38 255 36 35 35 255 53 78 76 255 93 168 162 255 107 186 202 255 94 130 196 255 78 88 162 255 57 60 102 255 44 43 63 255 37 37 43 255 37 37 43 255 44 43 63 255 57 60 102 255 78 88 162 255 88 98 191 255 88 90 189 255 77 74 151 255 54 51 77 255 43 40 40 255 43 40 40 255 43 40 40 255 43 40 40 255 41 38 38 255 36 35 35 255 36 35 35 255 41 38 38 255 41 38 38 255 
55 48 46 255 55 48 46 255 55 48 46 255 49 44 43 255 39 37 37 255 39 37 37 255 49 44 43 255 69 89 86 255 99 172 166 255 104 178 192 255 84 108 164 255 70 66 124 255 60 54 72 255 55 48 46 255 55 48 46 255 55 48 46 255 55 48 46 255 60 54 72 255 70 66 124 255 78 76 159 255 85 82 179 255 80 76 153 255 63 57 82 255 55 48 46 255 55 48 46 255 55 48 46 255 55 48 46 255 55 48 46 255 55 48 46 255 55 48 46 255 55 48 46 255 55 48 46 255 
97 77 72 255 97 77 72 255 97 77 72 255 81 66 62 255 49 44 43 255 49 44 43 255 81 66 62 255 101 111 105 255 109 179 172 255 97 172 172 255 64 88 106 255 60 54 72 255 85 69 72 255 97 77 72 255 97 77 72 255 97 77 72 255 97 77 72 255 85 69 72 255 60 54 72 255 58 56 101 255 78 76 159 255 91 83 159 255 95 79 101 255 97 77 72 255 97 77 72 255 97 77 72 255 97 77 72 255 97 77 72 255 97 77 72 255 97 77 72 255 97 77 72 255 97 77 72 255 
107 83 78 255 107 83 78 255 107 83 78 255 88 71 67 255 52 46 45 255 52 46 45 255 88 71 67 255 103 105 99 255 97 147 141 255 81 136 132 255 56 72 70 255 59 51 49 255 91 72 68 255 107 83 78 255 107 83 78 255 107 83 78 255 107 83 78 255 91 72 68 255 59 51 49 255 51 48 67 255 67 64 122 255 83 75 132 255 99 81 96 255 107 83 78 255 107 83 78 255 107 83 78 255 107 83 78 255 107 83 78 255 107 83 78 255 107 83 78 255 107 83 78 255 107 83 78 255 
83 67 64 255 83 67 64 255 83 67 64 255 71 58 57 255 46 42 41 255 46 42 41 255 71 58 57 255 76 70 67 255 61 76 73 255 56 72 70 255 60 59 58 255 67 56 55 255 78 63 61 255 83 67 64 255 83 67 64 255 83 67 64 255 83 67 64 255 78 63 61 255 67 56 55 255 58 51 57 255 51 48 67 255 56 52 70 255 74 62 66 255 83 67 64 255 83 67 64 255 83 67 64 255 83 67 64 255 83 67 64 255 83 67 64 255 83 67 64 255 83 67 64 255 83 67 64 255 
72 59 57 255 72 59 58 255 72 59 57 255 62 52 52 255 43 40 40 255 43 40 39 255 62 52 51 255 64 54 53 255 50 44 44 255 50 44 44 255 64 54 53 255 72 59 58 255 72 59 57 255 72 59 58 255 72 59 57 255 69 57 56 255 64 54 53 255 64 54 53 255 69 57 56 255 62 52 52 255 43 40 40 255 43 40 40 255 62 52 52 255 69 57 56 255 64 54 53 255 64 54 53 255 69 57 56 255 72 59 58 255 72 59 58 255 72 59 58 255 72 59 58 255 72 59 58 255 
72 59 57 255 72 59 58 255 72 59 57 255 62 52 52 255 43 40 40 255 43 40 39 255 62 52 51 255 69 57 56 255 64 54 53 255 64 54 53 255 69 57 56 255 72 59 58 255 72 59 57 255 72 59 58 255 72 59 57 255 64 54 53 255 50 44 44 255 50 44 44 255 64 54 53 255 62 52 52 255 43 40 40 255 43 40 40 255 62 52 52 255 64 54 53 255 50 44 44 255 50 44 44 255 64 54 53 255 72 59 58 255 72 59 58 255 72 59 58 255 72 59 58 255 72 59 58 255 
62 52 51 255 62 52 52 255 62 52 51 255 55 48 47 255 41 38 38 255 41 38 38 255 55 48 47 255 62 52 52 255 62 52 51 255 62 52 52 255 62 52 51 255 62 52 52 255 62 52 51 255 62 52 52 255 62 52 51 255 55 48 47 255 41 38 38 255 41 38 38 255 55 48 47 255 55 48 47 255 41 38 38 255 41 38 38 255 55 48 47 255 55 48 47 255 41 38 38 255 41 38 38 255 55 48 47 255 62 52 52 255 62 52 52 255 62 52 52 255 62 52 52 255 62 52 52 255 
43 40 40 255 43 40 40 255 43 40 40 255 41 38 38 255 36 35 35 255 36 35 35 255 41 38 38 255 43 40 40 255 43 40 40 255 43 40 40 255 43 40 40 255 43 40 40 255 43 40 40 255 43 40 40 255 43 40 40 255 41 38 38 255 36 35 35 255 36 35 35 255 41 38 38 255 41 38 38 255 36 35 35 255 36 35 35 255 41 38 38 255 41 38 38 255 36 35 35 255 36 35 35 255 41 38 38 255 43 40 40 255 43 40 40 255 43 40 40 255 43 40 40 255 43 40 40 255 
43 40 40 255 43 40 40 255 43 40 40 255 41 38 38 255 36 35 35 255 36 35 35 255 41 38 38 255 43 40 40 255 43 40 40 255 43 40 40 255 43 40 40 255 43 40 40 255 43 40 40 255 43 40 40 255 43 40 40 255 41 38 38 255 36 35 35 255 36 35 35 255 41 38 38 255 41 38 38 255 36 35 35 255 36 35 35 255 41 38 38 255 41 38 38 255 36 35 35 255 36 35 35 255 41 38 38 255 43 40 40 255 43 40 40 255 43 40 40 255 43 40 40 255 43 40 40 255 
