107 83 78 255 107 83 78 255 107 83 78 255 88 71 67 255 52 46 45 255 52 46 45 255 88 71 67 255 107 83 78 255 107 83 78 255 107 83 78 255 107 83 78 255 107 83 78 255 107 83 78 255 107 83 78 255 107 83 78 255 107 83 78 255 107 83 78 255 88 71 67 255 52 46 45 255 52 46 45 255 88 71 67 255 107 83 78 255 107 83 78 255 107 83 78 255 107 83 78 255 88 71 67 255 52 46 45 255 52 46 45 255 88 71 67 255 107 83 78 255 107 83 78 255 107 83 78 255 
107 83 78 255 107 83 78 255 107 83 78 255 88 71 67 255 52 46 45 255 52 46 45 255 88 71 67 255 107 83 78 255 107 83 78 255 107 83 78 255 107 83 78 255 107 83 78 255 107 83 78 255 107 83 78 255 107 83 78 255 107 83 78 255 107 83 78 255 88 71 67 255 52 46 45 255 52 46 45 255 88 71 67 255 107 83 78 255 107 83 78 255 107 83 78 255 107 83 78 255 88 71 67 255 52 46 45 255 52 46 45 255 88 71 67 255 107 83 78 255 107 83 78 255 107 83 78 255 
83 67 64 255 83 67 64 255 83 67 64 255 71 58 57 255 46 42 41 255 46 42 41 255 71 58 57 255 83 67 64 255 83 67 64 255 83 67 64 255 83 67 64 255 83 67 64 255 83 67 64 255 83 67 64 255 83 67 64 255 83 67 64 255 83 67 64 255 71 58 57 255 46 42 41 255 46 42 41 255 71 58 57 255 83 67 64 255 83 67 64 255 83 67 64 255 83 67 64 255 71 58 57 255 46 42 41 255 46 42 41 255 71 58 57 255 83 67 64 255 83 67 64 255 83 67 64 255 
72 59 57 255 72 59 58 255 72 59 57 255 62 52 52 255 43 40 40 255 43 40 39 255 62 52 51 255 72 59 58 255 72 59 57 255 69 57 56 255 64 54 53 255 64 54 53 255 69 57 56 255 72 59 58 255 72 59 57 255 72 59 58 255 72 59 57 255 62 52 52 255 43 40 40 255 43 40 40 255 62 52 52 255 72 59 58 255 72 59 58 255 69 57 56 255 64 54 53 255 55 48 47 255 41 38 38 255 43 40 40 255 62 52 52 255 72 59 58 255 72 59 58 255 72 59 58 255 
72 59 57 255 72 59 58 255 72 59 57 255 62 52 52 255 43 40 40 255 43 40 39 255 62 52 51 255 72 59 58 255 72 59 57 255 64 54 53 255 50 44 44 255 50 44 44 255 64 54 53 255 72 59 58 255 72 59 57 255 72 59 58 255 72 59 57 255 62 52 52 255 43 40 40 255 43 40 40 255 62 52 52 255 72 59 58 255 72 59 58 255 64 54 53 255 50 44 44 255 41 38 38 255 36 35 35 255 43 40 40 255 62 52 52 255 72 59 58 255 72 59 58 255 72 59 58 255 
62 52 51 255 62 52 52 255 62 52 51 255 55 48 47 255 41 38 38 255 41 38 38 255 55 48 47 255 62 52 52 255 62 52 51 255 55 48 47 255 41 38 38 255 41 38 38 255 55 48 47 255 62 52 52 255 62 52 51 255 62 52 52 255 62 52 51 255 55 48 47 255 41 38 38 255 41 38 38 255 55 48 47 255 62 52 52 255 62 52 52 255 55 48 47 255 41 38 38 255 34 34 34 255 34 34 34 255 41 38 38 255 55 48 47 255 62 52 52 255 62 52 52 255 62 52 52 255 
43 40 40 255 43 40 40 255 43 40 40 255 41 38 38 255 36 35 35 255 36 35 35 255 41 38 38 255 43 40 40 255 43 40 40 255 41 38 38 255 36 35 35 255 36 35 35 255 41 38 38 255 43 40 40 255 43 40 40 255 43 40 40 255 43 40 40 255 41 38 38 255 36 35 35 255 36 35 35 255 41 38 38 255 43 40 40 255 43 40 40 255 41 38 38 255 36 35 35 255 34 34 34 255 34 34 34 255 36 35 35 255 41 38 38 255 43 40 40 255 43 40 40 255 43 40 40 255 
55 48 46 255 55 48 46 255 55 48 46 255 55 48 46 255 55 48 46 255 49 44 43 255 39 37 37 255 34 34 34 255 34 34 34 255 34 34 34 255 34 34 34 255 35 38 40 255 39 48 53 255 41 53 59 255 41 53 59 255 39 48 53 255 35 38 40 255 35 38 40 255 39 48 53 255 39 48 53 255 35 38 40 255 34 34 34 255 34 34 34 255 39 37 37 255 49 44 43 255 55 48 46 255 55 48 46 255 55 48 46 255 55 48 46 255 55 48 46 255 55 48 46 255 55 48 46 255 
97 77 72 255 97 77 72 255 97 77 72 255 97 77 72 255 97 77 72 255 81 66 62 255 49 44 43 255 34 34 34 255 34 34 34 255 34 34 34 255 34 34 34 255 39 48 53 255 51 77 91 255 57 92 111 255 57 92 111 255 51 77 91 255 39 48 53 255 39 48 53 255 51 77 91 255 51 77 91 255 39 48 53 255 34 34 34 255 34 34 34 255 49 44 43 255 81 66 62 255 97 77 72 255 97 77 72 255 97 77 72 255 97 77 72 255 97 77 72 255 97 77 72 255 97 77 72 255 
107 83 78 255 107 83 78 255 107 83 78 255 107 83 78 255 107 83 78 255 91 72 68 255 59 51 49 255 41 38 38 255 36 35 35 255 35 38 40 255 39 48 53 255 48 71 74 255 61 107 105 255 67 125 120 255 67 125 120 255 61 107 105 255 48 71 74 255 48 71 74 255 61 107 105 255 61 107 105 255 48 71 74 255 39 48 53 255 35 38 40 255 52 46 45 255 88 71 67 255 107 83 78 255 107 83 78 255 107 83 78 255 107 83 78 255 107 83 78 255 107 83 78 255 107 83 78 255 
83 67 64 255 83 67 64 255 83 67 64 255 83 67 64 255 83 67 64 255 78 63 61 255 67 56 55 255 55 48 47 255 41 38 38 255 39 48 53 255 51 77 91 255 61 107 105 255 68 138 93 255 72 153 87 255 72 153 87 255 68 138 93 255 61 107 105 255 61 107 105 255 68 138 93 255 68 138 93 255 61 107 105 255 51 77 91 255 39 48 53 255 46 42 41 255 71 58 57 255 83 67 64 255 83 67 64 255 83 67 64 255 83 67 64 255 83 67 64 255 83 67 64 255 83 67 64 255 
72 59 57 255 72 59 58 255 72 59 57 255 72 59 58 255 72 59 57 255 69 57 56 255 64 54 53 255 55 48 47 255 41 38 38 255 47 60 55 255 73 112 97 255 83 145 106 255 77 159 82 255 75 167 71 255 75 167 71 255 73 156 83 255 69 136 108 255 69 136 108 255 73 156 83 255 73 156 83 255 69 136 108 255 59 102 98 255 42 56 55 255 41 38 38 255 55 48 47 255 64 54 53 255 69 57 56 255 72 59 58 255 72 59 58 255 72 59 58 255 72 59 58 255 72 59 58 255 
72 59 57 255 72 59 58 255 72 59 57 255 72 59 58 255 72 59 57 255 64 54 53 255 50 44 44 255 41 38 38 255 36 35 35 255 57 73 45 255 105 152 69 255 115 185 78 255 88 173 73 255 75 167 71 255 75 167 71 255 74 163 75 255 73 156 83 255 73 156 83 255 74 163 75 255 74 163 75 255 73 156 83 255 62 123 74 255 43 63 47 255 36 35 35 255 41 38 38 255 50 44 44 255 64 54 53 255 72 59 58 255 72 59 58 255 72 59 58 255 72 59 58 255 72 59 58 255 
62 52 51 255 62 52 52 255 62 52 51 255 62 52 52 255 62 52 51 255 55 48 47 255 41 38 38 255 34 34 34 255 34 34 34 255 55 68 39 255 99 137 50 255 114 173 59 255 100 177 65 255 89 176 69 255 79 170 70 255 75 167 71 255 75 167 71 255 75 167 71 255 75 167 71 255 74 163 75 255 73 156 83 255 62 123 74 255 43 63 47 255 34 34 34 255 34 34 34 255 41 38 38 255 55 48 47 255 62 52 52 255 62 52 52 255 62 52 52 255 62 52 52 255 62 52 52 255 
43 40 40 255 43 40 40 255 43 40 40 255 43 40 40 255 43 40 40 255 41 38 38 255 36 35 35 255 34 34 34 255 34 34 34 255 41 45 35 255 55 68 39 255 80 111 47 255 114 173 59 255 117 195 66 255 89 176 69 255 75 167 71 255 75 167 71 255 75 167 71 255 75 167 71 255 73 156 83 255 69 136 108 255 59 102 98 255 42 56 55 255 34 34 34 255 34 34 34 255 36 35 35 255 41 38 38 255 43 40 40 255 43 40 40 255 43 40 40 255 43 40 40 255 43 40 40 255 
55 48 46 255 55 48 46 255 55 48 46 255 49 44 43 255 39 37 37 255 39 37 37 255 49 44 43 255 55 48 46 255 55 48 46 255 55 48 46 255 55 48 46 255 77 82 52 255 121 151 63 255 130 184 68 255 106 181 68 255 89 176 69 255 79 170 70 255 75 167 71 255 75 167 71 255 75 152 84 255 77 122 110 255 67 88 101 255 45 52 56 255 39 37 37 255 49 44 43 255 55 48 46 255 55 48 46 255 49 44 43 255 39 37 37 255 34 34 34 255 34 34 34 255 34 34 34 255 
97 77 72 255 97 77 72 255 97 77 72 255 81 66 62 255 49 44 43 255 49 44 43 255 81 66 62 255 97 77 72 255 97 77 72 255 97 77 72 255 97 77 72 255 105 88 74 255 119 111 77 255 128 143 75 255 130 184 68 255 117 195 66 255 89 176 69 255 75 167 71 255 75 167 71 255 82 149 77 255 97 114 91 255 87 81 81 255 51 49 50 255 49 44 43 255 81 66 62 255 97 77 72 255 97 77 72 255 81 66 62 255 49 44 43 255 34 34 34 255 34 34 34 255 34 34 34 255 
107 83 78 255 107 83 78 255 107 83 78 255 91 72 68 255 59 51 49 255 57 49 48 255 84 68 64 255 100 79 73 255 104 82 76 255 107 83 78 255 107 83 78 255 107 83 78 255 107 83 78 255 118 117 74 255 140 184 66 255 132 205 65 255 94 179 69 255 74 163 75 255 73 156 83 255 81 135 85 255 98 101 80 255 88 71 67 255 52 46 45 255 52 46 45 255 88 71 67 255 107 83 78 255 107 83 78 255 88 71 67 255 52 46 45 255 36 35 35 255 41 38 38 255 41 38 38 255 
83 67 64 255 83 67 64 255 83 67 64 255 78 63 61 255 67 56 55 255 60 51 50 255 57 49 48 255 62 53 51 255 76 62 60 255 83 67 64 255 83 67 64 255 83 67 64 255 83 67 64 255 100 104 64 255 134 180 63 255 132 205 65 255 94 179 69 255 73 156 83 255 69 136 108 255 71 111 106 255 79 81 78 255 71 58 57 255 46 42 41 255 46 42 41 255 71 58 57 255 83 67 64 255 83 67 64 255 71 58 57 255 46 42 41 255 41 38 38 255 55 48 47 255 55 48 47 255 
72 59 57 255 72 59 58 255 72 59 57 255 72 59 58 255 72 59 57 255 64 54 53 255 50 44 44 255 50 44 44 255 64 54 53 255 69 57 56 255 64 54 53 255 64 54 53 255 69 57 56 255 91 98 59 255 131 178 61 255 132 205 65 255 94 179 69 255 72 153 87 255 67 125 120 255 66 98 117 255 70 72 77 255 64 54 53 255 50 44 44 255 50 44 44 255 64 54 53 255 72 59 58 255 72 59 58 255 62 52 52 255 43 40 40 255 43 40 40 255 62 52 52 255 62 52 52 255 
72 59 57 255 72 59 58 255 72 59 57 255 72 59 58 255 72 59 57 255 69 57 56 255 64 54 53 255 64 54 53 255 69 57 56 255 64 54 53 255 50 44 44 255 50 44 44 255 64 54 53 255 91 98 59 255 131 178 61 255 132 205 65 255 94 179 69 255 72 153 87 255 67 125 120 255 66 98 117 255 70 72 77 255 69 57 56 255 64 54 53 255 64 54 53 255 69 57 56 255 72 59 58 255 72 59 58 255 62 52 52 255 43 40 40 255 43 40 40 255 62 52 52 255 62 52 52 255 
62 52 51 255 62 52 52 255 62 52 51 255 62 52 52 255 62 52 51 255 62 52 52 255 62 52 51 255 62 52 52 255 62 52 51 255 55 48 47 255 41 38 38 255 41 38 38 255 55 48 47 255 79 87 59 255 112 156 74 255 115 185 78 255 88 173 73 255 70 148 81 255 61 111 101 255 58 82 96 255 61 62 66 255 62 52 52 255 62 52 52 255 62 52 52 255 62 52 52 255 62 52 52 255 62 52 52 255 55 48 47 255 41 38 38 255 41 38 38 255 55 48 47 255 55 48 47 255 
43 40 40 255 43 40 40 255 43 40 40 255 43 40 40 255 43 40 40 255 43 40 40 255 43 40 40 255 43 40 40 255 43 40 40 255 41 38 38 255 36 35 35 255 36 35 35 255 41 38 38 255 54 64 59 255 75 113 98 255 83 145 106 255 77 159 82 255 66 138 68 255 50 81 62 255 42 50 54 255 43 43 44 255 43 40 40 255 43 40 40 255 43 40 40 255 43 40 40 255 43 40 40 255 43 40 40 255 41 38 38 255 36 35 35 255 36 35 35 255 41 38 38 255 41 38 38 255 
55 48 46 255 55 48 46 255 55 48 46 255 49 44 43 255 39 37 37 255 39 37 37 255 49 44 43 255 55 48 46 255 55 48 46 255 55 48 46 255 55 48 46 255 55 48 46 255 55 48 46 255 61 63 66 255 72 92 104 255 82 125 110 255 90 161 82 255 84 146 63 255 64 81 52 255 49 44 43 255 39 37 37 255 34 34 34 255 34 34 34 255 39 37 37 255 49 44 43 255 55 48 46 255 55 48 46 255 55 48 46 255 55 48 46 255 55 48 46 255 55 48 46 255 55 48 46 255 
97 77 72 255 97 77 72 255 97 77 72 255 81 66 62 255 49 44 43 255 49 44 43 255 81 66 62 255 97 77 72 255 97 77 72 255 97 77 72 255 97 77 72 255 97 77 72 255 97 77 72 255 99 82 78 255 103 92 91 255 112 124 89 255 125 178 73 255 123 173 66 255 106 109 70 255 81 66 62 255 49 44 43 255 34 34 34 255 34 34 34 255 49 44 43 255 81 66 62 255 97 77 72 255 97 77 72 255 97 77 72 255 97 77 72 255 97 77 72 255 97 77 72 255 97 77 72 255 
107 83 78 255 107 83 78 255 107 83 78 255 88 71 67 255 52 46 45 255 52 46 45 255 88 71 67 255 107 83 78 255 107 83 78 255 107 83 78 255 107 83 78 255 107 83 78 255 107 83 78 255 107 83 78 255 107 83 78 255 118 117 74 255 140 184 66 255 140 184 66 255 118 117 74 255 88 71 67 255 52 46 45 255 36 35 35 255 41 38 38 255 59 51 49 255 91 72 68 255 107 83 78 255 107 83 78 255 107 83 78 255 107 83 78 255 107 83 78 255 107 83 78 255 107 83 78 255 
83 67 64 255 83 67 64 255 83 67 64 255 71 58 57 255 46 42 41 255 46 42 41 255 71 58 57 255 83 67 64 255 83 67 64 255 83 67 64 255 83 67 64 255 83 67 64 255 83 67 64 255 83 67 64 255 83 67 64 255 100 104 64 255 134 180 63 255 134 180 63 255 100 104 64 255 71 58 57 255 46 42 41 255 41 38 38 255 55 48 47 255 67 56 55 255 78 63 61 255 83 67 64 255 83 67 64 255 83 67 64 255 83 67 64 255 83 67 64 255 83 67 64 255 83 67 64 255 
72 59 57 255 72 59 58 255 72 59 57 255 62 52 52 255 43 40 40 255 43 40 39 255 62 52 51 255 72 59 58 255 72 59 57 255 72 59 58 255 72 59 57 255 72 59 58 255 72 59 57 255 72 59 58 255 72 59 57 255 91 98 59 255 131 178 61 255 130 181 66 255 90 108 74 255 61 62 66 255 43 43 44 255 43 40 40 255 62 52 52 255 72 59 58 255 72 59 58 255 72 59 58 255 72 59 58 255 69 57 56 255 64 54 53 255 64 54 53 255 69 57 56 255 69 57 56 255 
72 59 57 255 72 59 58 255 72 59 57 255 62 52 52 255 43 40 40 255 43 40 39 255 62 52 51 255 72 59 58 255 72 59 57 255 72 59 58 255 72 59 57 255 72 59 58 255 72 59 57 255 72 59 58 255 72 59 57 255 91 98 59 255 131 178 61 255 129 188 76 255 87 128 103 255 58 82 96 255 42 50 54 255 43 40 40 255 62 52 52 255 72 59 58 255 72 59 58 255 72 59 58 255 72 59 58 255 64 54 53 255 50 44 44 255 50 44 44 255 64 54 53 255 64 54 53 255 
62 52 51 255 62 52 52 255 62 52 51 255 55 48 47 255 41 38 38 255 41 38 38 255 55 48 47 255 62 52 52 255 62 52 51 255 62 52 52 255 62 52 51 255 69 64 53 255 84 87 57 255 87 95 59 255 77 89 60 255 87 115 62 255 117 175 64 255 115 185 78 255 83 145 106 255 61 107 105 255 48 71 74 255 48 58 64 255 63 67 73 255 68 67 71 255 64 57 58 255 62 52 52 255 62 52 52 255 55 48 47 255 41 38 38 255 41 38 38 255 55 48 47 255 55 48 47 255 
43 40 40 255 43 40 40 255 43 40 40 255 41 38 38 255 36 35 35 255 36 35 35 255 41 38 38 255 43 40 40 255 43 40 40 255 43 40 40 255 43 40 40 255 65 74 45 255 109 143 56 255 117 168 63 255 88 149 66 255 79 149 68 255 89 169 68 255 88 173 73 255 77 159 82 255 68 138 93 255 61 107 105 255 59 94 112 255 64 97 115 255 60 84 97 255 49 54 59 255 43 40 40 255 43 40 40 255 41 38 38 255 36 35 35 255 36 35 35 255 41 38 38 255 41 38 38 255 
43 40 40 255 43 40 40 255 43 40 40 255 41 38 38 255 36 35 35 255 36 35 35 255 41 38 38 255 43 40 40 255 43 40 40 255 43 40 40 255 43 40 40 255 65 74 45 255 109 143 56 255 117 168 63 255 88 149 66 255 79 149 68 255 89 169 68 255 88 173 73 255 77 159 82 255 68 138 93 255 61 107 105 255 59 94 112 255 64 97 115 255 60 84 97 255 49 54 59 255 43 40 40 255 43 40 40 255 41 38 38 255 36 35 35 255 36 35 35 255 41 38 38 255 41 38 38 255 
