0 0 0 0 0 0 0 0 0 0 0 0 0 0 0 0 0 0 0 0 0 0 0 0 0 0 0 0 0 0 0 0 0 0 0 0 0 0 0 0 0 0 0 0 0 0 0 0 0 0 0 0 0 0 0 0 0 0 0 0 0 0 0 0 0 0 0 0 0 0 0 0 0 0 0 0 0 0 0 0 0 0 0 0 0 0 0 0 0 0 0 0 0 0 0 0 0 0 0 0 0 0 0 0 0 0 0 0 0 0 0 0 0 0 0 0 0 0 0 0 0 0 0 0 0 0 0 0 
0 0 0 0 0 0 0 0 0 0 0 0 0 0 0 0 0 0 0 0 0 0 0 0 0 0 0 0 0 0 0 0 0 0 0 0 0 0 0 0 0 0 0 0 0 0 0 0 0 0 0 0 0 0 0 0 0 0 0 0 0 0 0 0 0 0 0 0 0 0 0 0 0 0 0 0 0 0 0 0 0 0 0 0 0 0 0 0 0 0 0 0 0 0 0 0 0 0 0 0 0 0 0 0 0 0 0 0 0 0 0 0 0 0 0 0 0 0 0 0 0 0 0 0 0 0 0 0 
0 0 0 0 0 0 0 0 0 0 0 0 0 0 0 0 0 0 0 0 0 0 0 0 0 0 0 0 0 0 0 0 0 0 0 0 0 0 0 0 0 0 0 0 0 0 0 0 0 0 0 0 0 0 0 0 0 0 0 0 0 0 0 0 0 0 0 0 0 0 0 0 0 0 0 0 0 0 0 0 0 0 0 0 0 0 0 0 0 0 0 0 0 0 0 0 0 0 0 0 0 0 0 0 0 0 0 0 0 0 0 0 0 0 0 0 0 0 0 0 0 0 0 0 0 0 0 0 
0 0 0 0 0 0 0 0 0 0 0 0 0 0 0 0 0 0 0 0 0 0 0 0 0 0 0 0 0 0 0 0 0 0 0 0 0 0 0 0 0 0 0 0 0 0 0 0 0 0 0 0 0 0 0 0 0 0 0 0 0 0 0 0 0 0 0 0 0 0 0 0 0 0 0 0 0 0 0 0 0 0 0 0 0 0 0 0 0 0 0 0 0 0 0 0 0 0 0 0 0 0 0 0 0 0 0 0 0 0 0 0 0 0 0 0 0 0 0 0 0 0 0 0 0 0 0 0 
0 0 0 0 0 0 0 0 0 0 0 0 0 0 0 0 0 0 0 0 0 0 0 0 0 0 0 0 0 0 0 0 0 0 0 0 0 0 0 0 0 0 0 0 0 0 0 0 0 0 0 0 0 0 0 0 0 0 0 0 0 0 0 0 0 0 0 0 0 0 0 0 0 0 0 0 0 0 0 0 0 0 0 0 0 0 0 0 0 0 0 0 0 0 0 0 0 0 0 0 0 0 0 0 0 0 0 0 0 0 0 0 0 0 0 0 0 0 0 0 0 0 0 0 0 0 0 0 
0 0 0 0 0 0 0 0 0 0 0 0 0 0 0 0 0 0 0 0 0 0 0 0 0 0 0 0 0 0 0 0 0 0 0 0 0 0 0 0 0 0 0 0 0 0 0 0 0 0 0 0 0 0 0 0 0 0 0 0 0 0 0 0 0 0 0 0 0 0 0 0 0 0 0 0 0 0 0 0 0 0 0 0 0 0 0 0 0 0 0 0 0 0 0 0 0 0 0 0 0 0 0 0 0 0 0 0 0 0 0 0 0 0 0 0 0 0 0 0 0 0 0 0 0 0 0 0 
0 0 0 0 0 0 0 0 0 0 0 0 0 0 0 0 0 0 0 0 0 0 0 0 0 0 0 0 0 0 0 0 0 0 0 0 0 0 0 0 0 0 0 0 0 0 0 0 0 0 0 0 0 0 0 0 0 0 0 0 0 0 0 0 0 0 0 0 0 0 0 0 0 0 0 0 0 0 0 0 0 0 0 0 0 0 0 0 0 0 0 0 0 0 0 0 0 0 0 0 0 0 0 0 0 0 0 0 0 0 0 0 0 0 0 0 0 0 0 0 0 0 0 0 0 0 0 0 
0 0 0 0 0 0 0 0 0 0 0 0 0 0 0 0 0 0 0 0 0 0 0 0 0 0 0 0 2 2 2 15 6 6 6 47 8 8 8 63 8 8 8 63 8 8 8 63 8 8 8 63 8 8 8 63 8 8 8 63 8 8 8 63 8 8 8 63 8 8 8 63 8 8 8 63 8 8 8 63 8 8 8 63 8 8 8 63 8 8 8 63 6 6 6 47 2 2 2 15 0 0 0 0 0 0 0 0 0 0 0 0 0 0 0 0 0 0 0 0 0 0 0 0 0 0 0 0 
0 0 0 0 0 0 0 0 0 0 0 0 0 0 0 0 0 0 0 0 0 0 0 0 0 0 0 0 6 6 6 47 19 19 19 143 25 25 25 191 25 25 25 191 25 25 25 191 25 25 25 191 25 25 25 191 25 25 25 191 25 25 25 191 25 25 25 191 25 25 25 191 25 25 25 191 25 25 25 191 25 25 25 191 25 25 25 191 25 25 25 191 19 19 19 143 6 6 6 47 0 0 0 0 0 0 0 0 0 0 0 0 0 0 0 0 0 0 0 0 0 0 0 0 0 0 0 0 
0 0 0 0 0 0 0 0 0 0 0 0 0 0 0 0 0 0 0 0 2 2 2 15 6 6 6 47 25 24 23 111 60 57 52 207 78 73 67 255 78 73 67 255 78 73 67 255 78 73 67 255 78 73 67 255 78 73 67 255 78 73 67 255 78 73 67 255 78 73 67 255 78 73 67 255 78 73 67 255 78 73 67 255 78 73 67 255 78 73 67 255 60 57 52 207 25 24 23 111 6 6 6 47 2 2 2 15 0 0 0 0 0 0 0 0 0 0 0 0 0 0 0 0 0 0 0 0 
0 0 0 0 0 0 0 0 0 0 0 0 0 0 0 0 0 0 0 0 6 6 6 47 19 19 19 143 60 57 52 207 131 120 107 239 166 151 135 255 166 151 135 255 166 151 135 255 166 151 135 255 166 151 135 255 166 151 135 255 166 151 135 255 166 151 135 255 166 151 135 255 166 151 135 255 166 151 135 255 166 151 135 255 166 151 135 255 166 151 135 255 131 120 107 239 60 57 52 207 19 19 19 143 6 6 6 47 0 0 0 0 0 0 0 0 0 0 0 0 0 0 0 0 0 0 0 0 
0 0 0 0 0 0 0 0 0 0 0 0 2 2 2 15 6 6 6 47 25 24 23 111 60 57 52 207 108 99 90 255 170 152 134 255 200 178 157 255 200 178 157 255 200 178 157 255 200 178 157 255 200 178 157 255 200 178 157 255 200 178 157 255 200 178 157 255 200 178 157 255 200 178 157 255 200 178 157 255 200 178 157 255 200 178 157 255 200 178 157 255 170 152 134 255 108 99 90 255 60 57 52 207 25 24 23 111 6 6 6 47 2 2 2 15 0 0 0 0 0 0 0 0 0 0 0 0 
0 0 0 0 0 0 0 0 0 0 0 0 6 6 6 47 19 19 19 143 60 57 52 207 131 120 107 239 170 152 134 255 176 153 134 255 180 153 133 255 180 153 133 255 180 153 133 255 180 153 133 255 180 153 133 255 180 153 133 255 180 153 133 255 180 153 133 255 180 153 133 255 180 153 133 255 180 153 133 255 180 153 133 255 180 153 133 255 180 153 133 255 176 153 134 255 170 152 134 255 131 120 107 239 60 57 52 207 19 19 19 143 6 6 6 47 0 0 0 0 0 0 0 0 0 0 0 0 
2 2 2 15 2 2 2 15 6 6 6 47 20 18 18 111 43 38 37 207 91 80 74 255 164 145 129 255 193 169 148 255 177 150 130 255 170 141 121 255 170 141 121 255 170 141 121 255 170 141 121 255 170 141 121 255 170 141 121 255 170 141 121 255 170 141 121 255 170 141 121 255 170 141 121 255 170 141 121 255 170 141 121 255 170 141 121 255 170 141 121 255 177 150 130 255 193 169 148 255 164 146 129 255 91 81 74 255 43 38 37 207 20 18 18 111 6 6 6 47 2 2 2 15 2 2 2 15 
6 6 6 47 6 6 6 47 19 19 19 143 43 38 37 207 79 64 60 239 118 96 87 255 159 134 118 255 177 150 130 255 172 144 124 255 170 141 121 255 170 141 121 255 170 141 121 255 170 141 121 255 170 141 121 255 170 141 121 255 170 141 121 255 170 141 121 255 170 141 121 255 170 141 121 255 170 141 121 255 170 141 121 255 170 141 121 255 170 141 121 255 172 144 124 255 177 150 130 255 159 134 118 255 118 96 87 255 79 64 60 239 43 38 37 207 19 19 19 143 6 6 6 47 6 6 6 47 
8 8 8 63 8 8 8 63 25 25 25 191 49 44 43 255 81 66 62 255 112 90 82 255 142 115 102 255 160 131 115 255 166 137 119 255 170 141 121 255 170 141 121 255 170 141 121 255 170 141 121 255 170 141 121 255 170 141 121 255 170 141 121 255 170 141 121 255 170 141 121 255 170 141 121 255 170 141 121 255 170 141 121 255 170 141 121 255 170 141 121 255 166 137 119 255 160 131 115 255 142 115 102 255 112 90 82 255 81 66 62 255 49 44 43 255 25 25 25 191 8 8 8 63 8 8 8 63 
8 8 8 63 8 8 8 63 25 25 25 191 39 37 37 255 49 44 43 255 74 62 58 255 112 90 82 255 141 113 101 255 160 131 115 255 170 141 121 255 170 141 121 255 170 141 121 255 170 141 121 255 170 141 121 255 170 141 121 255 170 141 121 255 170 141 121 255 170 141 121 255 170 141 121 255 170 141 121 255 170 141 121 255 170 141 121 255 170 141 121 255 160 131 115 255 141 113 101 255 112 90 82 255 74 62 58 255 49 44 43 255 39 37 37 255 25 25 25 191 8 8 8 63 8 8 8 63 
8 8 8 63 8 8 8 63 25 25 25 191 39 37 37 255 49 44 43 255 65 55 53 255 87 70 65 255 112 90 82 255 142 115 102 255 157 128 112 255 157 128 112 255 157 128 112 255 157 128 112 255 157 128 112 255 157 128 112 255 157 128 112 255 157 128 112 255 157 128 112 255 157 128 112 255 157 128 112 255 157 128 112 255 157 128 112 255 157 128 112 255 142 115 102 255 112 90 82 255 87 70 65 255 65 55 53 255 49 44 43 255 39 37 37 255 25 25 25 191 8 8 8 63 8 8 8 63 
8 8 8 63 8 8 8 63 25 25 25 191 49 44 43 255 81 66 62 255 87 70 65 255 65 55 53 255 74 62 58 255 112 90 82 255 131 104 94 255 131 104 94 255 131 104 94 255 131 104 94 255 131 104 94 255 131 104 94 255 131 104 94 255 131 104 94 255 131 104 94 255 131 104 94 255 131 104 94 255 131 104 94 255 131 104 94 255 131 104 94 255 112 90 82 255 74 62 58 255 65 55 53 255 87 70 65 255 81 66 62 255 49 44 43 255 25 25 25 191 8 8 8 63 8 8 8 63 
8 8 8 63 8 8 8 63 25 25 25 191 52 46 45 255 88 71 67 255 94 74 70 255 68 57 54 255 65 55 53 255 87 70 65 255 97 77 72 255 97 77 72 255 97 77 72 255 97 77 72 255 97 77 72 255 97 77 72 255 97 77 72 255 97 77 72 255 97 77 72 255 97 77 72 255 97 77 72 255 97 77 72 255 97 77 72 255 97 77 72 255 87 70 65 255 65 55 53 255 68 57 54 255 94 74 70 255 88 71 67 255 52 46 45 255 25 25 25 191 8 8 8 63 8 8 8 63 
8 8 8 63 8 8 8 63 25 25 25 191 46 42 41 255 71 58 57 255 87 69 66 255 94 74 70 255 87 70 65 255 65 55 53 255 55 48 46 255 55 48 46 255 55 48 46 255 55 48 46 255 55 48 46 255 55 48 46 255 55 48 46 255 55 48 46 255 55 48 46 255 55 48 46 255 55 48 46 255 55 48 46 255 55 48 46 255 55 48 46 255 65 55 53 255 87 70 65 255 94 74 70 255 87 69 66 255 71 58 57 255 46 42 41 255 25 25 25 191 8 8 8 63 8 8 8 63 
14 14 14 111 14 14 14 111 27 27 27 207 43 40 39 255 62 52 51 255 80 65 63 255 98 77 73 255 94 74 70 255 68 57 54 255 55 48 46 255 55 48 46 255 55 48 46 255 55 48 46 255 55 48 46 255 55 48 46 255 55 48 46 255 55 48 46 255 55 48 46 255 55 48 46 255 55 48 46 255 55 48 46 255 55 48 46 255 55 48 46 255 68 57 54 255 94 74 70 255 98 77 73 255 80 65 63 255 62 51 51 255 42 37 37 255 26 24 25 207 14 13 14 111 14 13 14 111 
27 27 27 207 27 27 27 207 31 31 31 239 43 40 39 255 62 52 51 255 74 61 59 255 80 65 63 255 87 69 66 255 94 74 70 255 97 77 72 255 97 77 72 255 97 77 72 255 97 77 72 255 97 77 72 255 97 77 72 255 97 77 72 255 97 77 72 255 97 77 72 255 97 77 72 255 97 77 72 255 97 77 72 255 97 77 72 255 97 77 72 255 94 74 70 255 87 69 66 255 80 65 63 255 74 61 59 255 61 49 49 255 40 30 33 255 28 22 25 239 26 24 25 207 26 24 25 207 
34 34 34 255 34 34 34 255 34 34 34 255 40 37 37 255 52 43 44 255 62 50 50 255 68 56 55 255 80 65 63 255 98 77 73 255 107 83 78 255 107 83 78 255 107 83 78 255 107 83 78 255 107 83 78 255 107 83 78 255 107 83 78 255 107 83 78 255 107 83 78 255 107 83 78 255 107 83 78 255 107 83 78 255 107 83 78 255 107 83 78 255 98 77 73 255 80 65 63 255 69 56 55 255 63 51 51 255 55 43 45 255 44 32 36 255 40 30 33 255 42 37 37 255 42 37 37 255 
34 34 34 255 34 34 34 255 34 34 34 255 33 31 32 255 33 26 28 255 42 32 34 255 62 50 50 255 74 61 59 255 80 65 63 255 83 67 64 255 83 67 64 255 83 67 64 255 83 67 64 255 83 67 64 255 83 67 64 255 83 67 64 255 83 67 64 255 83 67 64 255 83 67 64 255 83 67 64 255 83 67 64 255 83 67 64 255 83 67 64 255 80 65 63 255 74 61 59 255 63 51 51 255 47 35 38 255 45 33 36 255 55 43 45 255 61 49 49 255 62 51 51 255 62 51 51 255 
64 57 53 255 64 57 53 255 58 51 49 255 47 39 39 255 31 22 26 255 32 22 27 255 52 40 42 255 64 51 52 255 69 56 56 255 72 59 58 255 72 59 57 255 72 59 58 255 72 59 57 255 72 59 58 255 72 59 57 255 72 59 58 255 72 59 57 255 72 59 58 255 72 59 58 255 72 59 58 255 72 59 58 255 72 59 58 255 72 59 58 255 69 56 56 255 64 51 52 255 53 41 43 255 35 24 29 255 40 29 32 255 69 54 54 255 86 70 67 255 93 76 71 255 93 76 71 255 
126 105 93 255 126 105 93 255 107 86 79 255 80 62 60 255 46 32 36 255 32 20 27 255 39 26 32 255 50 37 40 255 64 51 52 255 72 59 58 255 72 59 57 255 72 59 58 255 72 59 57 255 72 59 58 255 72 59 57 255 72 59 58 255 72 59 57 255 72 59 58 255 72 59 58 255 72 59 58 255 72 59 58 255 72 59 58 255 72 59 58 255 64 51 52 255 50 37 40 255 37 25 30 255 27 17 22 255 43 31 33 255 85 66 63 255 116 92 85 255 135 111 99 255 135 111 99 255 
157 128 112 255 157 128 112 255 131 104 94 255 97 74 70 255 54 38 41 255 33 20 27 255 33 22 28 255 40 29 34 255 55 42 45 255 62 49 50 255 62 49 50 255 62 49 50 255 62 49 50 255 62 49 50 255 62 49 50 255 62 49 50 255 62 49 50 255 62 49 50 255 62 49 50 255 62 49 50 255 62 49 50 255 62 49 50 255 62 49 50 255 55 42 45 255 40 30 34 255 30 21 26 255 25 16 21 255 47 33 35 255 95 72 68 255 131 104 94 255 157 128 112 255 157 128 112 255 
157 128 112 255 157 128 112 255 131 104 94 255 97 74 70 255 54 38 41 255 33 22 28 255 33 27 30 255 36 30 33 255 41 30 35 255 43 30 35 255 43 29 35 255 42 29 34 255 42 29 34 255 42 29 34 255 42 29 34 255 42 29 34 255 42 29 34 255 42 29 34 255 42 29 34 255 42 29 34 255 42 29 34 255 43 29 35 255 43 30 35 255 41 30 35 255 36 30 33 255 32 27 30 255 30 21 26 255 52 36 39 255 96 73 69 255 131 104 94 255 157 128 112 255 157 128 112 255 
164 138 121 255 164 138 121 255 134 107 97 255 97 74 70 255 54 38 41 255 35 25 30 255 40 35 36 255 41 36 37 255 36 28 32 255 34 24 29 255 33 23 29 255 33 23 28 255 33 23 28 255 33 23 28 255 33 23 28 255 33 23 28 255 33 23 28 255 33 23 28 255 33 23 28 255 33 23 28 255 33 23 28 255 33 23 29 255 34 24 29 255 36 28 32 255 41 36 37 255 40 35 36 255 35 25 30 255 54 38 41 255 97 73 70 255 134 107 97 255 164 138 121 255 164 138 121 255 
180 156 139 255 180 156 139 255 139 113 103 255 97 74 70 255 54 38 41 255 40 28 33 255 55 44 45 255 55 47 47 255 41 36 37 255 34 30 32 255 33 30 32 255 33 30 32 255 33 30 32 255 33 30 32 255 33 30 32 255 33 30 32 255 33 30 32 255 33 30 32 255 33 30 32 255 33 30 32 255 33 30 32 255 33 30 32 255 34 30 32 255 41 36 37 255 55 47 47 255 55 44 45 255 40 28 33 255 54 38 41 255 97 73 70 255 139 113 103 255 180 156 139 255 180 156 139 255 
180 156 139 255 180 156 139 255 139 113 103 255 97 74 70 255 54 38 41 255 40 28 33 255 55 44 45 255 55 47 47 255 41 36 37 255 34 30 32 255 33 30 32 255 33 30 32 255 33 30 32 255 33 30 32 255 33 30 32 255 33 30 32 255 33 30 32 255 33 30 32 255 33 30 32 255 33 30 32 255 33 30 32 255 33 30 32 255 34 30 32 255 41 36 37 255 55 47 47 255 55 44 45 255 40 28 33 255 54 38 41 255 97 73 70 255 139 113 103 255 180 156 139 255 180 156 139 255 
