107 83 78 255 107 83 78 255 107 83 78 255 88 71 67 255 52 46 45 255 36 35 35 255 41 38 38 255 53 46 46 255 73 60 58 255 83 67 64 255 83 67 64 255 80 65 63 255 74 61 59 255 72 59 58 255 72 59 57 255 72 59 58 255 72 59 57 255 72 59 58 255 72 59 58 255 74 61 59 255 80 65 63 255 83 67 64 255 83 67 64 255 73 60 58 255 53 47 46 255 41 38 38 255 36 35 35 255 52 46 45 255 88 71 67 255 107 83 78 255 107 83 78 255 107 83 78 255 
107 83 78 255 107 83 78 255 107 83 78 255 88 71 67 255 52 46 45 255 36 35 35 255 41 38 38 255 53 46 46 255 73 60 58 255 83 67 64 255 83 67 64 255 80 65 63 255 74 61 59 255 72 59 58 255 72 59 57 255 72 59 58 255 72 59 57 255 72 59 58 255 72 59 58 255 74 61 59 255 80 65 63 255 83 67 64 255 83 67 64 255 73 60 58 255 53 47 46 255 41 38 38 255 36 35 35 255 52 46 45 255 88 71 67 255 107 83 78 255 107 83 78 255 107 83 78 255 
83 67 64 255 83 67 64 255 83 67 64 255 71 58 57 255 46 42 41 255 41 38 38 255 55 48 47 255 73 60 58 255 96 75 71 255 107 83 78 255 107 83 78 255 98 77 73 255 80 65 63 255 72 59 58 255 72 59 57 255 72 59 58 255 72 59 57 255 72 59 58 255 72 59 58 255 80 65 63 255 98 77 73 255 107 83 78 255 107 83 78 255 96 76 71 255 73 60 58 255 55 48 47 255 41 38 38 255 46 42 41 255 71 58 57 255 83 67 64 255 83 67 64 255 83 67 64 255 
72 59 57 255 72 59 58 255 72 59 57 255 62 52 52 255 43 40 40 255 43 40 39 255 62 52 51 255 78 63 61 255 91 72 68 255 97 77 72 255 97 77 72 255 94 74 70 255 87 69 66 255 80 65 63 255 74 61 59 255 72 59 58 255 72 59 57 255 74 61 59 255 80 65 63 255 87 69 66 255 94 74 70 255 97 77 72 255 97 77 72 255 91 72 68 255 78 63 61 255 62 52 52 255 43 40 40 255 43 40 40 255 62 52 52 255 72 59 58 255 72 59 58 255 72 59 58 255 
72 59 57 255 72 59 58 255 72 59 57 255 62 52 52 255 43 40 40 255 43 40 39 255 62 52 51 255 67 56 55 255 59 51 49 255 55 48 46 255 55 48 46 255 68 57 54 255 94 74 70 255 98 77 73 255 80 65 63 255 72 59 58 255 72 59 57 255 80 65 63 255 98 77 73 255 94 74 70 255 68 57 54 255 55 48 46 255 55 48 46 255 59 51 49 255 67 56 55 255 62 52 52 255 43 40 40 255 43 40 40 255 62 52 52 255 72 59 58 255 72 59 58 255 72 59 58 255 
62 52 51 255 62 52 52 255 62 52 51 255 55 48 47 255 41 38 38 255 41 38 38 255 55 48 47 255 55 48 47 255 41 38 38 255 39 37 37 255 49 44 43 255 65 55 53 255 87 70 65 255 91 72 68 255 78 63 61 255 72 59 58 255 72 59 57 255 78 63 61 255 91 72 68 255 87 70 65 255 65 55 53 255 49 44 43 255 39 37 37 255 41 38 38 255 55 48 47 255 55 48 47 255 41 38 38 255 41 38 38 255 55 48 47 255 62 52 52 255 62 52 52 255 62 52 52 255 
43 40 40 255 43 40 40 255 43 40 40 255 41 38 38 255 36 35 35 255 36 35 35 255 41 38 38 255 41 38 38 255 36 35 35 255 49 44 43 255 81 66 62 255 87 70 65 255 65 55 53 255 59 51 49 255 67 56 55 255 72 59 58 255 72 59 57 255 67 56 55 255 59 51 49 255 65 55 53 255 87 70 65 255 81 66 62 255 49 44 43 255 36 35 35 255 41 38 38 255 41 38 38 255 36 35 35 255 36 35 35 255 41 38 38 255 43 40 40 255 43 40 40 255 43 40 40 255 
39 37 37 255 39 37 37 255 49 44 43 255 49 44 43 255 39 37 37 255 34 34 34 255 34 34 34 255 36 35 35 255 41 38 38 255 59 51 49 255 91 72 68 255 91 72 68 255 59 51 49 255 48 43 42 255 57 49 48 255 62 52 52 255 62 52 51 255 57 49 49 255 48 43 43 255 59 51 49 255 91 72 68 255 91 72 68 255 59 51 49 255 41 38 38 255 36 35 35 255 34 34 34 255 34 34 34 255 39 37 37 255 49 44 43 255 55 48 46 255 55 48 46 255 55 48 46 255 
49 44 43 255 49 44 43 255 81 66 62 255 81 66 62 255 49 44 43 255 34 34 34 255 34 34 34 255 41 38 38 255 55 48 47 255 67 56 55 255 78 63 61 255 78 63 61 255 67 56 55 255 57 49 49 255 48 43 43 255 43 40 40 255 43 40 40 255 48 43 43 255 57 49 49 255 67 56 55 255 78 63 61 255 78 63 61 255 67 56 55 255 55 48 47 255 41 38 38 255 34 34 34 255 34 34 34 255 49 44 43 255 81 66 62 255 97 77 72 255 97 77 72 255 97 77 72 255 
59 51 49 255 59 51 49 255 91 72 68 255 88 71 67 255 52 46 45 255 34 34 34 255 34 34 34 255 41 38 38 255 55 48 47 255 62 52 52 255 62 52 51 255 67 56 55 255 78 63 61 255 71 58 57 255 46 42 41 255 34 34 34 255 34 34 34 255 46 42 41 255 71 58 57 255 78 63 61 255 67 56 55 255 62 52 52 255 62 52 52 255 55 48 47 255 41 38 38 255 34 34 34 255 34 34 34 255 52 46 45 255 88 71 67 255 107 83 78 255 107 83 78 255 107 83 78 255 
67 56 55 255 67 56 55 255 78 63 61 255 71 58 57 255 46 42 41 255 34 34 34 255 34 34 34 255 36 35 35 255 41 38 38 255 43 40 40 255 43 40 40 255 59 51 49 255 91 72 68 255 88 71 67 255 52 46 45 255 34 34 34 255 34 34 34 255 52 46 45 255 88 71 67 255 91 72 68 255 59 51 49 255 43 40 40 255 43 40 40 255 41 38 38 255 36 35 35 255 34 34 34 255 34 34 34 255 46 42 41 255 71 58 57 255 83 67 64 255 83 67 64 255 83 67 64 255 
72 59 57 255 72 59 58 255 72 59 57 255 62 52 52 255 43 40 40 255 36 35 35 255 41 38 38 255 41 38 38 255 36 35 35 255 34 34 34 255 34 34 34 255 49 44 43 255 81 66 62 255 83 71 69 255 55 59 62 255 41 53 59 255 41 53 59 255 55 59 62 255 83 71 69 255 81 66 62 255 49 44 43 255 34 34 34 255 34 34 34 255 36 35 35 255 41 38 38 255 41 38 38 255 36 35 35 255 43 40 40 255 62 52 52 255 72 59 58 255 72 59 58 255 72 59 58 255 
72 59 57 255 72 59 58 255 72 59 57 255 62 52 52 255 43 40 40 255 41 38 38 255 55 48 47 255 55 48 47 255 41 38 38 255 34 34 34 255 34 34 34 255 39 37 37 255 49 44 43 255 55 59 62 255 56 81 95 255 57 92 111 255 57 92 111 255 56 81 95 255 55 59 62 255 49 44 43 255 39 37 37 255 34 34 34 255 34 34 34 255 41 38 38 255 55 48 47 255 55 48 47 255 41 38 38 255 43 40 40 255 62 52 52 255 72 59 58 255 72 59 58 255 72 59 58 255 
62 52 51 255 62 52 52 255 62 52 51 255 55 48 47 255 41 38 38 255 41 38 38 255 55 48 47 255 57 49 49 255 48 43 43 255 43 40 40 255 43 40 40 255 41 38 38 255 36 35 35 255 44 59 64 255 66 111 124 255 75 133 154 255 72 125 153 255 61 99 123 255 43 56 63 255 36 35 35 255 41 38 38 255 43 40 40 255 43 40 40 255 48 43 43 255 57 49 49 255 55 48 47 255 41 38 38 255 41 38 38 255 55 48 47 255 62 52 52 255 62 52 52 255 62 52 52 255 
43 40 40 255 43 40 40 255 43 40 40 255 41 38 38 255 36 35 35 255 36 35 35 255 41 38 38 255 48 43 42 255 57 49 48 255 62 52 52 255 62 52 51 255 55 48 47 255 41 38 38 255 50 72 72 255 84 149 150 255 96 176 188 255 86 153 187 255 69 114 148 255 45 61 72 255 41 38 38 255 55 48 47 255 62 52 52 255 62 52 52 255 57 49 49 255 48 43 43 255 41 38 38 255 36 35 35 255 36 35 35 255 41 38 38 255 43 40 40 255 43 40 40 255 43 40 40 255 
55 48 46 255 55 48 46 255 55 48 46 255 55 48 46 255 55 48 46 255 49 44 43 255 39 37 37 255 41 38 38 255 55 48 47 255 64 54 53 255 69 57 56 255 62 52 52 255 43 40 40 255 53 78 76 255 93 168 162 255 107 198 205 255 93 167 204 255 73 122 161 255 47 63 76 255 43 40 40 255 62 52 52 255 69 57 56 255 64 54 53 255 55 48 47 255 41 38 38 255 34 34 34 255 34 34 34 255 39 37 37 255 49 44 43 255 55 48 46 255 55 48 46 255 55 48 46 255 
97 77 72 255 97 77 72 255 97 77 72 255 97 77 72 255 97 77 72 255 81 66 62 255 49 44 43 255 36 35 35 255 41 38 38 255 50 44 44 255 64 54 53 255 62 52 52 255 43 40 40 255 53 78 76 255 93 168 162 255 107 198 205 255 93 167 204 255 73 122 161 255 47 63 76 255 43 40 40 255 62 52 52 255 64 54 53 255 50 44 44 255 41 38 38 255 36 35 35 255 34 34 34 255 34 34 34 255 49 44 43 255 81 66 62 255 97 77 72 255 97 77 72 255 97 77 72 255 
107 83 78 255 107 83 78 255 107 83 78 255 107 83 78 255 107 83 78 255 88 71 67 255 52 46 45 255 34 34 34 255 34 34 34 255 41 38 38 255 55 48 47 255 55 48 47 255 41 38 38 255 53 78 76 255 93 168 162 255 105 196 201 255 89 160 191 255 69 114 148 255 45 61 72 255 41 38 38 255 55 48 47 255 55 48 47 255 41 38 38 255 34 34 34 255 34 34 34 255 36 35 35 255 41 38 38 255 59 51 49 255 91 72 68 255 107 83 78 255 107 83 78 255 107 83 78 255 
83 67 64 255 83 67 64 255 83 67 64 255 83 67 64 255 83 67 64 255 71 58 57 255 46 42 41 255 34 34 34 255 34 34 34 255 36 35 35 255 41 38 38 255 41 38 38 255 36 35 35 255 53 78 76 255 93 168 162 255 103 191 192 255 81 145 166 255 61 99 123 255 43 56 63 255 36 35 35 255 41 38 38 255 41 38 38 255 36 35 35 255 34 34 34 255 34 34 34 255 41 38 38 255 55 48 47 255 67 56 55 255 78 63 61 255 83 67 64 255 83 67 64 255 83 67 64 255 
72 59 57 255 72 59 58 255 72 59 57 255 72 59 58 255 72 59 57 255 62 52 52 255 43 40 40 255 34 34 34 255 34 34 34 255 34 34 34 255 34 34 34 255 34 34 34 255 34 34 34 255 53 78 76 255 93 168 162 255 101 188 188 255 77 137 154 255 57 92 111 255 41 53 59 255 34 34 34 255 34 34 34 255 34 34 34 255 34 34 34 255 34 34 34 255 34 34 34 255 43 40 40 255 62 52 52 255 72 59 58 255 72 59 58 255 72 59 58 255 72 59 58 255 72 59 58 255 
72 59 57 255 72 59 58 255 72 59 57 255 72 59 58 255 72 59 57 255 62 52 52 255 43 40 40 255 34 34 34 255 34 34 34 255 34 34 34 255 34 34 34 255 34 34 34 255 34 34 34 255 53 78 76 255 93 168 162 255 101 188 188 255 77 137 154 255 57 92 111 255 41 53 59 255 34 34 34 255 34 34 34 255 34 34 34 255 34 34 34 255 34 34 34 255 34 34 34 255 43 40 40 255 62 52 52 255 72 59 58 255 72 59 58 255 72 59 58 255 72 59 58 255 72 59 58 255 
62 52 51 255 62 52 52 255 62 52 51 255 62 52 52 255 62 52 51 255 60 51 50 255 57 49 48 255 55 48 46 255 55 48 46 255 49 44 43 255 39 37 37 255 34 34 34 255 34 34 34 255 52 75 76 255 88 157 162 255 96 176 188 255 75 133 154 255 57 92 111 255 41 53 59 255 34 34 34 255 34 34 34 255 39 37 37 255 49 44 43 255 55 48 46 255 55 48 46 255 57 49 48 255 60 51 50 255 62 52 52 255 62 52 52 255 62 52 52 255 62 52 52 255 62 52 52 255 
43 40 40 255 43 40 40 255 43 40 40 255 43 40 40 255 43 40 40 255 57 49 48 255 84 68 64 255 97 77 72 255 97 77 72 255 81 66 62 255 49 44 43 255 34 34 34 255 34 34 34 255 48 67 76 255 78 134 161 255 86 153 187 255 72 125 153 255 57 92 111 255 41 53 59 255 34 34 34 255 34 34 34 255 49 44 43 255 81 66 62 255 97 77 72 255 97 77 72 255 84 68 64 255 57 49 48 255 43 40 40 255 43 40 40 255 43 40 40 255 43 40 40 255 43 40 40 255 
49 44 43 255 49 44 43 255 39 37 37 255 39 37 37 255 49 44 43 255 68 57 54 255 94 74 70 255 107 83 78 255 107 83 78 255 94 74 70 255 68 57 54 255 49 44 43 255 39 37 37 255 46 63 76 255 72 122 161 255 83 148 191 255 79 141 166 255 66 111 124 255 44 59 64 255 39 37 37 255 49 44 43 255 68 57 54 255 94 74 70 255 107 83 78 255 107 83 78 255 94 74 70 255 68 57 54 255 49 44 43 255 39 37 37 255 39 37 37 255 49 44 43 255 49 44 43 255 
81 66 62 255 81 66 62 255 49 44 43 255 49 44 43 255 81 66 62 255 94 74 70 255 87 69 66 255 83 67 64 255 83 67 64 255 87 69 66 255 94 74 70 255 81 66 62 255 49 44 43 255 46 63 76 255 72 122 161 255 89 161 200 255 97 179 192 255 84 149 150 255 50 72 72 255 49 44 43 255 81 66 62 255 94 74 70 255 87 69 66 255 83 67 64 255 83 67 64 255 87 69 66 255 94 74 70 255 81 66 62 255 49 44 43 255 49 44 43 255 81 66 62 255 81 66 62 255 
97 77 72 255 97 77 72 255 55 48 46 255 52 46 45 255 88 71 67 255 98 77 73 255 80 65 63 255 72 59 58 255 72 59 57 255 80 65 63 255 98 77 73 255 92 78 77 255 62 68 76 255 56 85 108 255 76 129 172 255 92 167 204 255 106 198 205 255 98 180 173 255 69 112 109 255 67 80 77 255 93 82 77 255 98 77 73 255 80 65 63 255 72 59 58 255 72 59 58 255 80 65 63 255 98 77 73 255 88 71 67 255 52 46 45 255 55 48 46 255 97 77 72 255 97 77 72 255 
97 77 72 255 97 77 72 255 55 48 46 255 46 42 41 255 71 58 57 255 80 65 63 255 74 61 59 255 72 59 58 255 72 59 57 255 74 61 59 255 80 65 63 255 81 81 88 255 75 108 137 255 76 129 172 255 82 144 193 255 92 167 204 255 106 198 205 255 109 202 195 255 98 180 173 255 91 143 138 255 86 92 89 255 80 65 63 255 74 61 59 255 72 59 58 255 72 59 58 255 74 61 59 255 80 65 63 255 71 58 57 255 46 42 41 255 55 48 46 255 97 77 72 255 97 77 72 255 
97 77 72 255 97 77 72 255 55 48 46 255 44 46 49 255 65 70 79 255 72 74 83 255 65 60 62 255 65 60 62 255 72 74 83 255 77 86 94 255 80 93 94 255 83 111 122 255 85 138 176 255 87 155 204 255 91 163 204 255 98 179 204 255 108 202 205 255 113 214 206 255 113 214 206 255 106 184 178 255 90 126 122 255 80 93 94 255 77 86 94 255 72 74 83 255 65 60 62 255 65 60 62 255 72 74 83 255 65 70 79 255 44 46 49 255 55 48 46 255 97 77 72 255 97 77 72 255 
97 77 72 255 97 77 72 255 55 48 46 255 46 57 67 255 70 105 134 255 72 106 135 255 53 62 71 255 53 62 71 255 72 106 135 255 87 140 167 255 98 163 168 255 99 169 177 255 90 157 195 255 91 163 204 255 101 186 205 255 108 202 205 255 112 210 205 255 113 214 206 255 113 214 206 255 111 204 196 255 106 184 178 255 98 163 168 255 87 140 167 255 72 106 135 255 53 62 71 255 53 62 71 255 72 106 135 255 70 105 134 255 46 57 67 255 55 48 46 255 97 77 72 255 97 77 72 255 
97 77 72 255 97 77 72 255 55 48 46 255 46 63 76 255 72 122 161 255 76 129 172 255 56 85 108 255 56 85 108 255 76 129 172 255 91 163 204 255 101 186 205 255 103 190 205 255 96 175 204 255 98 179 204 255 108 202 205 255 113 214 206 255 113 214 206 255 113 214 206 255 113 214 206 255 112 210 205 255 108 202 205 255 101 186 205 255 91 163 204 255 76 129 172 255 56 85 108 255 56 85 108 255 76 129 172 255 73 122 161 255 47 63 76 255 55 48 46 255 97 77 72 255 97 77 72 255 
97 77 72 255 97 77 72 255 55 48 46 255 46 63 76 255 72 122 161 255 82 144 193 255 76 129 172 255 76 129 172 255 82 144 193 255 87 155 204 255 91 163 204 255 96 175 204 255 103 190 205 255 108 202 205 255 112 210 205 255 113 214 206 255 113 214 206 255 113 214 206 255 113 214 206 255 108 202 205 255 98 179 204 255 91 163 204 255 87 155 204 255 82 144 193 255 76 129 172 255 76 129 172 255 82 144 193 255 73 122 161 255 47 63 76 255 55 48 46 255 97 77 72 255 97 77 72 255 
97 77 72 255 97 77 72 255 55 48 46 255 46 63 76 255 72 122 161 255 82 144 193 255 76 129 172 255 76 129 172 255 82 144 193 255 87 155 204 255 91 163 204 255 96 175 204 255 103 190 205 255 108 202 205 255 112 210 205 255 113 214 206 255 113 214 206 255 113 214 206 255 113 214 206 255 108 202 205 255 98 179 204 255 91 163 204 255 87 155 204 255 82 144 193 255 76 129 172 255 76 129 172 255 82 144 193 255 73 122 161 255 47 63 76 255 55 48 46 255 97 77 72 255 97 77 72 255 
