52 46 45 255 52 46 45 255 88 71 67 255 107 83 78 255 107 83 78 255 107 83 78 255 107 83 78 255 88 71 67 255 52 46 45 255 25 25 25 191 8 8 8 63 0 0 0 0 0 0 0 0 0 0 0 0 0 0 0 0 0 0 0 0 0 0 0 0 0 0 0 0 0 0 0 0 0 0 0 0 0 0 0 0 0 0 0 0 0 0 0 0 0 0 0 0 0 0 0 0 0 0 0 0 0 0 0 0 0 0 0 0 0 0 0 0 0 0 0 0 0 0 0 0 0 0 0 0 
52 46 45 255 52 46 45 255 88 71 67 255 107 83 78 255 107 83 78 255 107 83 78 255 107 83 78 255 88 71 67 255 52 46 45 255 25 25 25 191 8 8 8 63 0 0 0 0 0 0 0 0 0 0 0 0 0 0 0 0 0 0 0 0 0 0 0 0 0 0 0 0 0 0 0 0 0 0 0 0 0 0 0 0 0 0 0 0 0 0 0 0 0 0 0 0 0 0 0 0 0 0 0 0 0 0 0 0 0 0 0 0 0 0 0 0 0 0 0 0 0 0 0 0 0 0 0 0 
46 42 41 255 46 42 41 255 71 58 57 255 83 67 64 255 83 67 64 255 83 67 64 255 83 67 64 255 71 58 57 255 46 42 41 255 25 25 25 191 8 8 8 63 0 0 0 0 0 0 0 0 0 0 0 0 0 0 0 0 0 0 0 0 0 0 0 0 0 0 0 0 0 0 0 0 0 0 0 0 0 0 0 0 0 0 0 0 0 0 0 0 0 0 0 0 0 0 0 0 0 0 0 0 0 0 0 0 0 0 0 0 0 0 0 0 0 0 0 0 0 0 0 0 0 0 0 0 
43 40 40 255 43 40 39 255 62 52 51 255 72 59 58 255 72 59 57 255 72 59 58 255 72 59 57 255 62 52 52 255 43 40 40 255 25 25 25 191 8 8 8 63 0 0 0 0 0 0 0 0 0 0 0 0 0 0 0 0 0 0 0 0 0 0 0 0 0 0 0 0 0 0 0 0 0 0 0 0 0 0 0 0 0 0 0 0 0 0 0 0 0 0 0 0 0 0 0 0 0 0 0 0 0 0 0 0 0 0 0 0 0 0 0 0 0 0 0 0 0 0 0 0 0 0 0 0 
43 40 40 255 43 40 39 255 62 52 51 255 72 59 58 255 72 59 57 255 72 59 58 255 72 59 57 255 62 52 52 255 43 40 40 255 25 25 25 191 8 8 8 63 0 0 0 0 0 0 0 0 0 0 0 0 0 0 0 0 0 0 0 0 0 0 0 0 0 0 0 0 0 0 0 0 0 0 0 0 0 0 0 0 0 0 0 0 0 0 0 0 0 0 0 0 0 0 0 0 0 0 0 0 0 0 0 0 0 0 0 0 0 0 0 0 0 0 0 0 0 0 0 0 0 0 0 0 
41 38 38 255 41 38 38 255 55 48 47 255 62 52 52 255 62 52 51 255 62 52 52 255 62 52 51 255 55 48 47 255 41 38 38 255 25 25 25 191 8 8 8 63 0 0 0 0 0 0 0 0 0 0 0 0 0 0 0 0 0 0 0 0 0 0 0 0 0 0 0 0 0 0 0 0 0 0 0 0 0 0 0 0 0 0 0 0 0 0 0 0 0 0 0 0 0 0 0 0 0 0 0 0 0 0 0 0 0 0 0 0 0 0 0 0 0 0 0 0 0 0 0 0 0 0 0 0 
36 35 35 255 36 35 35 255 41 38 38 255 43 40 40 255 43 40 40 255 43 40 40 255 43 40 40 255 41 38 38 255 36 35 35 255 25 25 25 191 8 8 8 63 0 0 0 0 0 0 0 0 0 0 0 0 0 0 0 0 0 0 0 0 0 0 0 0 0 0 0 0 0 0 0 0 0 0 0 0 0 0 0 0 0 0 0 0 0 0 0 0 0 0 0 0 0 0 0 0 0 0 0 0 0 0 0 0 0 0 0 0 0 0 0 0 0 0 0 0 0 0 0 0 0 0 0 0 
55 48 46 255 55 48 46 255 55 48 46 255 55 48 46 255 55 48 46 255 55 48 46 255 55 48 46 255 49 44 43 255 39 37 37 255 25 25 25 191 8 8 8 63 0 0 0 0 0 0 0 0 0 0 0 0 0 0 0 0 0 0 0 0 0 0 0 0 0 0 0 0 0 0 0 0 0 0 0 0 0 0 0 0 0 0 0 0 0 0 0 0 0 0 0 0 0 0 0 0 0 0 0 0 0 0 0 0 0 0 0 0 0 0 0 0 0 0 0 0 0 0 0 0 0 0 0 0 
97 77 72 255 97 77 72 255 97 77 72 255 97 77 72 255 97 77 72 255 97 77 72 255 97 77 72 255 81 66 62 255 49 44 43 255 25 25 25 191 8 8 8 63 0 0 0 0 0 0 0 0 0 0 0 0 0 0 0 0 0 0 0 0 0 0 0 0 0 0 0 0 0 0 0 0 0 0 0 0 0 0 0 0 0 0 0 0 0 0 0 0 0 0 0 0 0 0 0 0 0 0 0 0 0 0 0 0 0 0 0 0 0 0 0 0 0 0 0 0 0 0 0 0 0 0 0 0 
107 83 78 255 107 83 78 255 107 83 78 255 107 83 78 255 107 83 78 255 107 83 78 255 107 83 78 255 88 71 67 255 52 46 45 255 25 25 25 191 8 8 8 63 0 0 0 0 0 0 0 0 0 0 0 0 0 0 0 0 0 0 0 0 0 0 0 0 0 0 0 0 0 0 0 0 0 0 0 0 0 0 0 0 0 0 0 0 0 0 0 0 0 0 0 0 0 0 0 0 0 0 0 0 0 0 0 0 0 0 0 0 0 0 0 0 0 0 0 0 0 0 0 0 0 0 0 0 
83 67 64 255 83 67 64 255 83 67 64 255 83 67 64 255 83 67 64 255 83 67 64 255 83 67 64 255 71 58 57 255 46 42 41 255 25 25 25 191 8 8 8 63 0 0 0 0 0 0 0 0 0 0 0 0 0 0 0 0 0 0 0 0 0 0 0 0 0 0 0 0 0 0 0 0 0 0 0 0 0 0 0 0 0 0 0 0 0 0 0 0 0 0 0 0 0 0 0 0 0 0 0 0 0 0 0 0 0 0 0 0 0 0 0 0 0 0 0 0 0 0 0 0 0 0 0 0 
72 59 57 255 72 59 58 255 72 59 57 255 72 59 58 255 72 59 57 255 72 59 58 255 72 59 57 255 62 52 52 255 43 40 40 255 25 25 25 191 8 8 8 63 0 0 0 0 0 0 0 0 0 0 0 0 0 0 0 0 0 0 0 0 0 0 0 0 0 0 0 0 0 0 0 0 0 0 0 0 0 0 0 0 0 0 0 0 0 0 0 0 0 0 0 0 0 0 0 0 0 0 0 0 0 0 0 0 0 0 0 0 0 0 0 0 0 0 0 0 0 0 0 0 0 0 0 0 
72 59 57 255 72 59 58 255 72 59 57 255 72 59 58 255 72 59 57 255 72 59 58 255 72 59 57 255 62 52 52 255 43 40 40 255 25 25 25 191 8 8 8 63 0 0 0 0 0 0 0 0 0 0 0 0 0 0 0 0 0 0 0 0 0 0 0 0 0 0 0 0 0 0 0 0 0 0 0 0 0 0 0 0 0 0 0 0 0 0 0 0 0 0 0 0 0 0 0 0 0 0 0 0 0 0 0 0 0 0 0 0 0 0 0 0 0 0 0 0 0 0 0 0 0 0 0 0 
62 52 51 255 62 52 52 255 62 52 51 255 62 52 52 255 62 52 51 255 62 52 52 255 62 52 51 255 55 48 47 255 41 38 38 255 25 25 25 191 8 8 8 63 0 0 0 0 0 0 0 0 0 0 0 0 0 0 0 0 0 0 0 0 0 0 0 0 0 0 0 0 0 0 0 0 0 0 0 0 0 0 0 0 0 0 0 0 0 0 0 0 0 0 0 0 0 0 0 0 0 0 0 0 0 0 0 0 0 0 0 0 0 0 0 0 0 0 0 0 0 0 0 0 0 0 0 0 
43 40 40 255 43 40 40 255 43 40 40 255 43 40 40 255 43 40 40 255 43 40 40 255 43 40 40 255 41 38 38 255 36 35 35 255 25 25 25 191 8 8 8 63 0 0 0 0 0 0 0 0 0 0 0 0 0 0 0 0 0 0 0 0 0 0 0 0 0 0 0 0 0 0 0 0 0 0 0 0 0 0 0 0 0 0 0 0 0 0 0 0 0 0 0 0 0 0 0 0 0 0 0 0 0 0 0 0 0 0 0 0 0 0 0 0 0 0 0 0 0 0 0 0 0 0 0 0 
49 44 43 255 49 44 43 255 39 37 37 255 39 37 37 255 49 44 43 255 55 48 46 255 55 48 46 255 49 44 43 255 39 37 37 255 25 25 25 191 8 8 8 63 0 0 0 0 0 0 0 0 0 0 0 0 0 0 0 0 0 0 0 0 0 0 0 0 0 0 0 0 0 0 0 0 0 0 0 0 0 0 0 0 0 0 0 0 0 0 0 0 0 0 0 0 0 0 0 0 0 0 0 0 0 0 0 0 0 0 0 0 0 0 0 0 0 0 0 0 0 0 0 0 0 0 0 0 
81 66 62 255 81 66 62 255 49 44 43 255 49 44 43 255 81 66 62 255 97 77 72 255 97 77 72 255 81 66 62 255 49 44 43 255 25 25 25 191 8 8 8 63 0 0 0 0 0 0 0 0 0 0 0 0 0 0 0 0 0 0 0 0 0 0 0 0 0 0 0 0 0 0 0 0 0 0 0 0 0 0 0 0 0 0 0 0 0 0 0 0 0 0 0 0 0 0 0 0 0 0 0 0 0 0 0 0 0 0 0 0 0 0 0 0 0 0 0 0 0 0 0 0 0 0 0 0 
88 71 67 255 88 71 67 255 52 46 45 255 52 46 45 255 88 71 67 255 107 83 78 255 107 83 78 255 88 71 67 255 52 46 45 255 25 25 25 191 8 8 8 63 0 0 0 0 0 0 0 0 0 0 0 0 0 0 0 0 0 0 0 0 0 0 0 0 0 0 0 0 0 0 0 0 0 0 0 0 0 0 0 0 0 0 0 0 0 0 0 0 0 0 0 0 0 0 0 0 0 0 0 0 0 0 0 0 0 0 0 0 0 0 0 0 0 0 0 0 0 0 0 0 0 0 0 0 
71 58 57 255 71 58 57 255 46 42 41 255 46 42 41 255 71 58 57 255 83 67 64 255 83 67 64 255 71 58 57 255 46 42 41 255 25 25 25 191 8 8 8 63 0 0 0 0 0 0 0 0 0 0 0 0 0 0 0 0 0 0 0 0 0 0 0 0 0 0 0 0 0 0 0 0 0 0 0 0 0 0 0 0 0 0 0 0 0 0 0 0 0 0 0 0 0 0 0 0 0 0 0 0 0 0 0 0 0 0 0 0 0 0 0 0 0 0 0 0 0 0 0 0 0 0 0 0 
62 52 51 255 62 52 52 255 43 40 40 255 43 40 39 255 62 52 51 255 72 59 58 255 72 59 57 255 62 52 52 255 43 40 40 255 25 25 25 191 8 8 8 63 0 0 0 0 0 0 0 0 0 0 0 0 0 0 0 0 0 0 0 0 0 0 0 0 0 0 0 0 0 0 0 0 0 0 0 0 0 0 0 0 0 0 0 0 0 0 0 0 0 0 0 0 0 0 0 0 0 0 0 0 0 0 0 0 0 0 0 0 0 0 0 0 0 0 0 0 0 0 0 0 0 0 0 0 
62 52 51 255 62 52 52 255 43 40 40 255 43 40 39 255 62 52 51 255 72 59 58 255 72 59 57 255 62 52 52 255 43 40 40 255 25 25 25 191 8 8 8 63 0 0 0 0 0 0 0 0 0 0 0 0 0 0 0 0 0 0 0 0 0 0 0 0 0 0 0 0 0 0 0 0 0 0 0 0 0 0 0 0 0 0 0 0 0 0 0 0 0 0 0 0 0 0 0 0 0 0 0 0 0 0 0 0 0 0 0 0 0 0 0 0 0 0 0 0 0 0 0 0 0 0 0 0 
55 48 47 255 55 48 47 255 41 38 38 255 41 38 38 255 55 48 47 255 62 52 52 255 62 52 51 255 55 48 47 255 41 38 38 255 25 25 25 191 8 8 8 63 0 0 0 0 0 0 0 0 0 0 0 0 0 0 0 0 0 0 0 0 0 0 0 0 0 0 0 0 0 0 0 0 0 0 0 0 0 0 0 0 0 0 0 0 0 0 0 0 0 0 0 0 0 0 0 0 0 0 0 0 0 0 0 0 0 0 0 0 0 0 0 0 0 0 0 0 0 0 0 0 0 0 0 0 
41 38 38 255 41 38 38 255 36 35 35 255 36 35 35 255 41 38 38 255 43 40 40 255 43 40 40 255 41 38 38 255 36 35 35 255 25 25 25 191 8 8 8 63 0 0 0 0 0 0 0 0 0 0 0 0 0 0 0 0 0 0 0 0 0 0 0 0 0 0 0 0 0 0 0 0 0 0 0 0 0 0 0 0 0 0 0 0 0 0 0 0 0 0 0 0 0 0 0 0 0 0 0 0 0 0 0 0 0 0 0 0 0 0 0 0 0 0 0 0 0 0 0 0 0 0 0 0 
55 48 46 255 55 48 46 255 55 48 46 255 55 48 46 255 55 48 46 255 55 48 46 255 55 48 46 255 49 44 43 255 39 37 37 255 25 25 25 191 8 8 8 63 0 0 0 0 0 0 0 0 0 0 0 0 0 0 0 0 0 0 0 0 0 0 0 0 0 0 0 0 0 0 0 0 0 0 0 0 0 0 0 0 0 0 0 0 0 0 0 0 0 0 0 0 0 0 0 0 0 0 0 0 0 0 0 0 0 0 0 0 0 0 0 0 0 0 0 0 0 0 0 0 0 0 0 0 
97 77 72 255 97 77 72 255 97 77 72 255 97 77 72 255 97 77 72 255 97 77 72 255 97 77 72 255 81 66 62 255 49 44 43 255 25 25 25 191 8 8 8 63 0 0 0 0 0 0 0 0 0 0 0 0 0 0 0 0 0 0 0 0 0 0 0 0 0 0 0 0 0 0 0 0 0 0 0 0 0 0 0 0 0 0 0 0 0 0 0 0 0 0 0 0 0 0 0 0 0 0 0 0 0 0 0 0 0 0 0 0 0 0 0 0 0 0 0 0 0 0 0 0 0 0 0 0 
107 83 78 255 107 83 78 255 107 83 78 255 107 83 78 255 107 83 78 255 107 83 78 255 107 83 78 255 88 71 67 255 52 46 45 255 25 25 25 191 8 8 8 63 0 0 0 0 0 0 0 0 0 0 0 0 0 0 0 0 0 0 0 0 0 0 0 0 0 0 0 0 0 0 0 0 0 0 0 0 0 0 0 0 0 0 0 0 0 0 0 0 0 0 0 0 0 0 0 0 0 0 0 0 0 0 0 0 0 0 0 0 0 0 0 0 0 0 0 0 0 0 0 0 0 0 0 0 
83 67 64 255 83 67 64 255 83 67 64 255 83 67 64 255 83 67 64 255 83 67 64 255 83 67 64 255 71 58 57 255 46 42 41 255 25 25 25 191 8 8 8 63 0 0 0 0 0 0 0 0 0 0 0 0 0 0 0 0 0 0 0 0 0 0 0 0 0 0 0 0 0 0 0 0 0 0 0 0 0 0 0 0 0 0 0 0 0 0 0 0 0 0 0 0 0 0 0 0 0 0 0 0 0 0 0 0 0 0 0 0 0 0 0 0 0 0 0 0 0 0 0 0 0 0 0 0 
69 57 56 255 69 57 56 255 64 54 53 255 64 54 53 255 69 57 56 255 72 59 58 255 72 59 57 255 62 52 52 255 43 40 40 255 25 25 25 191 8 8 8 63 0 0 0 0 0 0 0 0 0 0 0 0 0 0 0 0 0 0 0 0 0 0 0 0 0 0 0 0 0 0 0 0 0 0 0 0 0 0 0 0 0 0 0 0 0 0 0 0 0 0 0 0 0 0 0 0 0 0 0 0 0 0 0 0 0 0 0 0 0 0 0 0 0 0 0 0 0 0 0 0 0 0 0 0 
64 54 53 255 64 54 53 255 50 44 44 255 50 44 44 255 64 54 53 255 72 59 58 255 72 59 57 255 62 52 52 255 43 40 40 255 25 25 25 191 8 8 8 63 0 0 0 0 0 0 0 0 0 0 0 0 0 0 0 0 0 0 0 0 0 0 0 0 0 0 0 0 0 0 0 0 0 0 0 0 0 0 0 0 0 0 0 0 0 0 0 0 0 0 0 0 0 0 0 0 0 0 0 0 0 0 0 0 0 0 0 0 0 0 0 0 0 0 0 0 0 0 0 0 0 0 0 0 
55 48 47 255 55 48 47 255 41 38 38 255 41 38 38 255 55 48 47 255 62 52 52 255 62 52 51 255 55 48 47 255 41 38 38 255 25 25 25 191 8 8 8 63 0 0 0 0 0 0 0 0 0 0 0 0 0 0 0 0 0 0 0 0 0 0 0 0 0 0 0 0 0 0 0 0 0 0 0 0 0 0 0 0 0 0 0 0 0 0 0 0 0 0 0 0 0 0 0 0 0 0 0 0 0 0 0 0 0 0 0 0 0 0 0 0 0 0 0 0 0 0 0 0 0 0 0 0 
41 38 38 255 41 38 38 255 36 35 35 255 36 35 35 255 41 38 38 255 43 40 40 255 43 40 40 255 41 38 38 255 36 35 35 255 25 25 25 191 8 8 8 63 0 0 0 0 0 0 0 0 0 0 0 0 0 0 0 0 0 0 0 0 0 0 0 0 0 0 0 0 0 0 0 0 0 0 0 0 0 0 0 0 0 0 0 0 0 0 0 0 0 0 0 0 0 0 0 0 0 0 0 0 0 0 0 0 0 0 0 0 0 0 0 0 0 0 0 0 0 0 0 0 0 0 0 0 
41 38 38 255 41 38 38 255 36 35 35 255 36 35 35 255 41 38 38 255 43 40 40 255 43 40 40 255 41 38 38 255 36 35 35 255 25 25 25 191 8 8 8 63 0 0 0 0 0 0 0 0 0 0 0 0 0 0 0 0 0 0 0 0 0 0 0 0 0 0 0 0 0 0 0 0 0 0 0 0 0 0 0 0 0 0 0 0 0 0 0 0 0 0 0 0 0 0 0 0 0 0 0 0 0 0 0 0 0 0 0 0 0 0 0 0 0 0 0 0 0 0 0 0 0 0 0 0 
