68 60 56 255 67 60 55 255 135 114 99 255 170 141 121 255 170 141 121 255 170 141 121 255 170 141 121 255 136 114 100 255 68 60 56 255 52 46 45 255 88 71 67 255 107 83 78 255 107 83 78 255 107 83 78 255 107 83 78 255 107 83 78 255 107 83 78 255 107 83 78 255 107 83 78 255 88 71 67 255 52 46 45 255 52 46 45 255 88 71 67 255 107 83 78 255 107 83 78 255 107 83 78 255 107 83 78 255 107 83 78 255 107 83 78 255 107 83 78 255 107 83 78 255 107 83 78 255 
68 60 56 255 67 60 55 255 135 114 99 255 170 141 121 255 170 141 121 255 170 141 121 255 170 141 121 255 136 114 100 255 68 60 56 255 52 46 45 255 88 71 67 255 107 83 78 255 107 83 78 255 107 83 78 255 107 83 78 255 107 83 78 255 107 83 78 255 107 83 78 255 107 83 78 255 88 71 67 255 52 46 45 255 52 46 45 255 88 71 67 255 107 83 78 255 107 83 78 255 107 83 78 255 107 83 78 255 107 83 78 255 107 83 78 255 107 83 78 255 107 83 78 255 107 83 78 255 
68 60 56 255 67 60 55 255 135 114 99 255 170 141 121 255 170 141 121 255 170 141 121 255 170 141 121 255 136 114 100 255 68 60 56 255 46 42 41 255 71 58 57 255 83 67 64 255 83 67 64 255 83 67 64 255 83 67 64 255 83 67 64 255 83 67 64 255 83 67 64 255 83 67 64 255 71 58 57 255 46 42 41 255 46 42 41 255 71 58 57 255 83 67 64 255 83 67 64 255 83 67 64 255 83 67 64 255 83 67 64 255 83 67 64 255 83 67 64 255 83 67 64 255 83 67 64 255 
70 63 58 255 70 63 58 255 143 123 108 255 180 153 133 255 180 153 133 255 180 153 133 255 180 153 133 255 143 123 108 255 70 63 58 255 43 40 39 255 62 52 51 255 72 59 58 255 72 59 57 255 69 57 56 255 64 54 53 255 64 54 53 255 69 57 56 255 72 59 58 255 72 59 58 255 62 52 52 255 43 40 40 255 43 40 40 255 62 52 52 255 72 59 58 255 72 59 58 255 72 59 58 255 72 59 58 255 72 59 58 255 72 59 58 255 72 59 58 255 72 59 58 255 72 59 58 255 
75 70 64 255 75 70 64 255 159 142 126 255 200 178 157 255 200 178 157 255 200 178 157 255 200 178 157 255 159 142 126 255 75 70 64 255 43 40 39 255 62 52 51 255 72 59 58 255 72 59 57 255 64 54 53 255 50 44 44 255 50 44 44 255 64 54 53 255 72 59 58 255 72 59 58 255 62 52 52 255 43 40 40 255 43 40 40 255 62 52 52 255 72 59 58 255 72 59 58 255 72 59 58 255 72 59 58 255 72 59 58 255 72 59 58 255 72 59 58 255 72 59 58 255 72 59 58 255 
67 63 59 255 67 63 59 255 133 122 109 255 166 151 135 255 166 151 135 255 166 151 135 255 166 151 135 255 133 122 109 255 67 63 59 255 41 38 38 255 55 48 47 255 62 52 52 255 62 52 51 255 55 48 47 255 41 38 38 255 41 38 38 255 55 48 47 255 62 52 52 255 62 52 52 255 55 48 47 255 41 38 38 255 41 38 38 255 55 48 47 255 62 52 52 255 62 52 52 255 62 52 52 255 62 52 52 255 62 52 52 255 62 52 52 255 62 52 52 255 62 52 52 255 62 52 52 255 
45 43 42 255 45 43 42 255 67 63 59 255 78 73 67 255 78 73 67 255 78 73 67 255 78 73 67 255 67 63 59 255 45 43 42 255 36 35 35 255 41 38 38 255 43 40 40 255 43 40 40 255 41 38 38 255 36 35 35 255 36 35 35 255 41 38 38 255 43 40 40 255 43 40 40 255 41 38 38 255 36 35 35 255 36 35 35 255 41 38 38 255 43 40 40 255 43 40 40 255 43 40 40 255 43 40 40 255 43 40 40 255 43 40 40 255 43 40 40 255 43 40 40 255 43 40 40 255 
42 40 39 255 42 40 39 255 59 54 50 255 68 60 56 255 68 60 56 255 68 60 56 255 68 60 56 255 59 54 50 255 42 40 39 255 39 37 37 255 49 44 43 255 55 48 46 255 55 48 46 255 55 48 46 255 55 48 46 255 55 48 46 255 55 48 46 255 49 44 43 255 39 37 37 255 39 37 37 255 49 44 43 255 49 44 43 255 39 37 37 255 39 37 37 255 49 44 43 255 55 48 46 255 55 48 46 255 49 44 43 255 39 37 37 255 39 37 37 255 49 44 43 255 49 44 43 255 
59 54 50 255 59 54 50 255 110 94 83 255 136 114 99 255 136 114 99 255 136 114 99 255 136 114 99 255 110 94 83 255 59 54 50 255 49 44 43 255 81 66 62 255 97 77 72 255 97 77 72 255 97 77 72 255 97 77 72 255 97 77 72 255 97 77 72 255 81 66 62 255 49 44 43 255 49 44 43 255 81 66 62 255 81 66 62 255 49 44 43 255 49 44 43 255 81 66 62 255 97 77 72 255 97 77 72 255 81 66 62 255 49 44 43 255 49 44 43 255 81 66 62 255 81 66 62 255 
68 60 56 255 67 60 55 255 135 114 99 255 170 141 121 255 170 141 121 255 170 141 121 255 170 141 121 255 136 114 100 255 68 60 56 255 52 46 45 255 88 71 67 255 107 83 78 255 107 83 78 255 107 83 78 255 107 83 78 255 104 82 76 255 100 79 73 255 84 68 64 255 57 49 48 255 59 51 49 255 91 72 68 255 88 71 67 255 52 46 45 255 52 46 45 255 88 71 67 255 107 83 78 255 107 83 78 255 91 72 68 255 59 51 49 255 59 51 49 255 91 72 68 255 91 72 68 255 
68 60 56 255 67 60 55 255 135 114 99 255 170 141 121 255 170 141 121 255 170 141 121 255 170 141 121 255 136 114 100 255 68 60 56 255 46 42 41 255 71 58 57 255 83 67 64 255 83 67 64 255 83 67 64 255 83 67 64 255 76 62 60 255 62 53 51 255 57 49 48 255 60 51 50 255 67 56 55 255 78 63 61 255 71 58 57 255 46 42 41 255 46 42 41 255 71 58 57 255 83 67 64 255 83 67 64 255 78 63 61 255 67 56 55 255 67 56 55 255 78 63 61 255 78 63 61 255 
68 60 56 255 67 60 55 255 135 114 99 255 170 141 121 255 170 141 121 255 170 141 121 255 170 141 121 255 136 114 100 255 68 60 56 255 43 40 39 255 62 52 51 255 72 59 58 255 72 59 57 255 72 59 58 255 72 59 57 255 62 52 52 255 43 40 40 255 43 40 40 255 62 52 52 255 72 59 58 255 72 59 58 255 62 52 52 255 43 40 40 255 43 40 40 255 62 52 52 255 72 59 58 255 72 59 58 255 72 59 58 255 72 59 58 255 72 59 58 255 72 59 58 255 72 59 58 255 
68 60 56 255 67 60 55 255 135 114 99 255 170 141 121 255 170 141 121 255 170 141 121 255 170 141 121 255 136 114 100 255 68 60 56 255 43 40 39 255 62 52 51 255 72 59 58 255 72 59 57 255 72 59 58 255 72 59 57 255 62 52 52 255 43 40 40 255 43 40 40 255 62 52 52 255 72 59 58 255 72 59 58 255 62 52 52 255 43 40 40 255 43 40 40 255 62 52 52 255 72 59 58 255 72 59 58 255 72 59 58 255 72 59 58 255 72 59 58 255 72 59 58 255 72 59 58 255 
68 60 56 255 67 60 55 255 135 114 99 255 170 141 121 255 170 141 121 255 170 141 121 255 170 141 121 255 136 114 100 255 68 60 56 255 41 38 38 255 55 48 47 255 62 52 52 255 62 52 51 255 62 52 52 255 62 52 51 255 55 48 47 255 41 38 38 255 41 38 38 255 55 48 47 255 62 52 52 255 62 52 52 255 55 48 47 255 41 38 38 255 41 38 38 255 55 48 47 255 62 52 52 255 62 52 52 255 62 52 52 255 62 52 52 255 62 52 52 255 62 52 52 255 62 52 52 255 
68 60 56 255 67 60 55 255 135 114 99 255 170 141 121 255 170 141 121 255 170 141 121 255 170 141 121 255 136 114 100 255 68 60 56 255 36 35 35 255 41 38 38 255 43 40 40 255 43 40 40 255 43 40 40 255 43 40 40 255 41 38 38 255 36 35 35 255 36 35 35 255 41 38 38 255 43 40 40 255 43 40 40 255 41 38 38 255 36 35 35 255 36 35 35 255 41 38 38 255 43 40 40 255 43 40 40 255 43 40 40 255 43 40 40 255 43 40 40 255 43 40 40 255 43 40 40 255 
68 60 56 255 67 60 55 255 135 114 99 255 170 141 121 255 170 141 121 255 170 141 121 255 170 141 121 255 136 114 100 255 68 60 56 255 34 34 34 255 34 34 34 255 39 37 37 255 49 44 43 255 55 48 46 255 55 48 46 255 49 44 43 255 39 37 37 255 39 37 37 255 49 44 43 255 55 48 46 255 55 48 46 255 55 48 46 255 55 48 46 255 55 48 46 255 55 48 46 255 49 44 43 255 39 37 37 255 39 37 37 255 49 44 43 255 55 48 46 255 55 48 46 255 55 48 46 255 
68 60 56 255 67 60 55 255 135 114 99 255 170 141 121 255 170 141 121 255 170 141 121 255 170 141 121 255 136 114 100 255 68 60 56 255 34 34 34 255 34 34 34 255 49 44 43 255 81 66 62 255 97 77 72 255 97 77 72 255 81 66 62 255 49 44 43 255 49 44 43 255 81 66 62 255 97 77 72 255 97 77 72 255 97 77 72 255 97 77 72 255 97 77 72 255 97 77 72 255 81 66 62 255 49 44 43 255 49 44 43 255 81 66 62 255 97 77 72 255 97 77 72 255 97 77 72 255 
70 63 58 255 70 63 58 255 143 123 108 255 180 153 133 255 180 153 133 255 180 153 133 255 180 153 133 255 143 123 108 255 70 63 58 255 34 34 34 255 34 34 34 255 52 46 45 255 88 71 67 255 107 83 78 255 107 83 78 255 88 71 67 255 52 46 45 255 52 46 45 255 88 71 67 255 107 83 78 255 107 83 78 255 107 83 78 255 107 83 78 255 107 83 78 255 107 83 78 255 88 71 67 255 52 46 45 255 52 46 45 255 88 71 67 255 107 83 78 255 107 83 78 255 107 83 78 255 
75 70 64 255 75 70 64 255 159 142 126 255 200 178 157 255 200 178 157 255 200 178 157 255 200 178 157 255 159 142 126 255 75 70 64 255 34 34 34 255 34 34 34 255 46 42 41 255 71 58 57 255 83 67 64 255 83 67 64 255 71 58 57 255 46 42 41 255 46 42 41 255 71 58 57 255 83 67 64 255 83 67 64 255 83 67 64 255 83 67 64 255 83 67 64 255 83 67 64 255 71 58 57 255 46 42 41 255 46 42 41 255 71 58 57 255 83 67 64 255 83 67 64 255 83 67 64 255 
67 63 59 255 67 63 59 255 133 122 109 255 166 151 135 255 166 151 135 255 166 151 135 255 166 151 135 255 133 122 109 255 67 63 59 255 36 35 35 255 41 38 38 255 50 44 44 255 64 54 53 255 72 59 58 255 72 59 57 255 62 52 52 255 43 40 40 255 43 40 40 255 62 52 52 255 72 59 58 255 72 59 58 255 72 59 58 255 72 59 58 255 69 57 56 255 64 54 53 255 57 49 49 255 48 43 43 255 50 44 44 255 64 54 53 255 72 59 58 255 72 59 58 255 72 59 58 255 
45 43 42 255 45 43 42 255 67 63 59 255 78 73 67 255 78 73 67 255 78 73 67 255 78 73 67 255 67 63 59 255 45 43 42 255 41 38 38 255 55 48 47 255 64 54 53 255 69 57 56 255 72 59 58 255 72 59 57 255 62 52 52 255 43 40 40 255 43 40 40 255 62 52 52 255 72 59 58 255 72 59 58 255 72 59 58 255 72 59 58 255 64 54 53 255 50 44 44 255 48 43 43 255 57 49 49 255 64 54 53 255 69 57 56 255 72 59 58 255 72 59 58 255 72 59 58 255 
42 40 39 255 42 40 39 255 59 54 50 255 68 60 56 255 68 60 56 255 68 60 56 255 68 60 56 255 59 54 50 255 42 40 39 255 41 38 38 255 55 48 47 255 62 52 52 255 62 52 51 255 62 52 52 255 62 52 51 255 55 48 47 255 41 38 38 255 41 38 38 255 55 48 47 255 62 52 52 255 62 52 52 255 62 52 52 255 62 52 52 255 55 48 47 255 41 38 38 255 41 38 38 255 55 48 47 255 62 52 52 255 62 52 52 255 62 52 52 255 62 52 52 255 62 52 52 255 
59 54 50 255 59 54 50 255 110 94 83 255 136 114 99 255 136 114 99 255 136 114 99 255 136 114 99 255 110 94 83 255 59 54 50 255 36 35 35 255 41 38 38 255 43 40 40 255 43 40 40 255 43 40 40 255 43 40 40 255 41 38 38 255 36 35 35 255 36 35 35 255 41 38 38 255 43 40 40 255 43 40 40 255 43 40 40 255 43 40 40 255 41 38 38 255 36 35 35 255 36 35 35 255 41 38 38 255 43 40 40 255 43 40 40 255 43 40 40 255 43 40 40 255 43 40 40 255 
68 60 56 255 67 60 55 255 135 114 99 255 170 141 121 255 170 141 121 255 170 141 121 255 170 141 121 255 136 114 100 255 68 60 56 255 34 34 34 255 34 34 34 255 39 37 37 255 49 44 43 255 55 48 46 255 55 48 46 255 55 48 46 255 55 48 46 255 55 48 46 255 55 48 46 255 49 44 43 255 39 37 37 255 39 37 37 255 49 44 43 255 55 48 46 255 55 48 46 255 49 44 43 255 39 37 37 255 39 37 37 255 49 44 43 255 55 48 46 255 55 48 46 255 55 48 46 255 
68 60 56 255 67 60 55 255 135 114 99 255 170 141 121 255 170 141 121 255 170 141 121 255 170 141 121 255 136 114 100 255 68 60 56 255 34 34 34 255 34 34 34 255 49 44 43 255 81 66 62 255 97 77 72 255 97 77 72 255 97 77 72 255 97 77 72 255 97 77 72 255 97 77 72 255 81 66 62 255 49 44 43 255 49 44 43 255 81 66 62 255 97 77 72 255 97 77 72 255 81 66 62 255 49 44 43 255 49 44 43 255 81 66 62 255 97 77 72 255 97 77 72 255 97 77 72 255 
68 60 56 255 67 60 55 255 135 114 99 255 170 141 121 255 170 141 121 255 170 141 121 255 170 141 121 255 136 114 100 255 68 60 56 255 34 34 34 255 34 34 34 255 52 46 45 255 88 71 67 255 107 83 78 255 107 83 78 255 107 83 78 255 107 83 78 255 107 83 78 255 107 83 78 255 88 71 67 255 52 46 45 255 52 46 45 255 88 71 67 255 107 83 78 255 107 83 78 255 88 71 67 255 52 46 45 255 49 44 43 255 81 66 62 255 100 79 73 255 104 82 76 255 104 82 76 255 
68 60 56 255 67 60 55 255 135 114 99 255 170 141 121 255 170 141 121 255 170 141 121 255 170 141 121 255 136 114 100 255 68 60 56 255 34 34 34 255 34 34 34 255 46 42 41 255 71 58 57 255 83 67 64 255 83 67 64 255 83 67 64 255 83 67 64 255 83 67 64 255 83 67 64 255 71 58 57 255 46 42 41 255 46 42 41 255 71 58 57 255 83 67 64 255 83 67 64 255 71 58 57 255 46 42 41 255 39 37 37 255 49 44 43 255 62 53 51 255 76 62 60 255 76 62 60 255 
68 60 56 255 67 60 55 255 135 114 99 255 170 141 121 255 170 141 121 255 170 141 121 255 170 141 121 255 136 114 100 255 68 60 56 255 34 34 34 255 34 34 34 255 43 40 39 255 62 52 51 255 69 57 56 255 64 54 53 255 64 54 53 255 69 57 56 255 72 59 58 255 72 59 58 255 64 54 53 255 50 44 44 255 50 44 44 255 64 54 53 255 72 59 58 255 72 59 58 255 62 52 52 255 43 40 40 255 36 35 35 255 41 38 38 255 50 44 44 255 64 54 53 255 64 54 53 255 
68 60 56 255 67 60 55 255 135 114 99 255 170 141 121 255 170 141 121 255 170 141 121 255 170 141 121 255 136 114 100 255 68 60 56 255 34 34 34 255 34 34 34 255 43 40 39 255 62 52 51 255 64 54 53 255 50 44 44 255 50 44 44 255 64 54 53 255 72 59 58 255 72 59 58 255 69 57 56 255 64 54 53 255 64 54 53 255 69 57 56 255 72 59 58 255 72 59 58 255 62 52 52 255 43 40 40 255 41 38 38 255 55 48 47 255 64 54 53 255 69 57 56 255 69 57 56 255 
68 60 56 255 67 60 55 255 135 114 99 255 170 141 121 255 170 141 121 255 170 141 121 255 170 141 121 255 136 114 100 255 68 60 56 255 34 34 34 255 34 34 34 255 41 38 38 255 55 48 47 255 55 48 47 255 41 38 38 255 41 38 38 255 55 48 47 255 62 52 52 255 62 52 52 255 62 52 52 255 62 52 52 255 62 52 52 255 62 52 52 255 62 52 52 255 62 52 52 255 55 48 47 255 41 38 38 255 41 38 38 255 55 48 47 255 62 52 52 255 62 52 52 255 62 52 52 255 
68 60 56 255 67 60 55 255 135 114 99 255 170 141 121 255 170 141 121 255 170 141 121 255 170 141 121 255 136 114 100 255 68 60 56 255 34 34 34 255 34 34 34 255 36 35 35 255 41 38 38 255 41 38 38 255 36 35 35 255 36 35 35 255 41 38 38 255 43 40 40 255 43 40 40 255 43 40 40 255 43 40 40 255 43 40 40 255 43 40 40 255 43 40 40 255 43 40 40 255 41 38 38 255 36 35 35 255 36 35 35 255 41 38 38 255 43 40 40 255 43 40 40 255 43 40 40 255 
68 60 56 255 67 60 55 255 135 114 99 255 170 141 121 255 170 141 121 255 170 141 121 255 170 141 121 255 136 114 100 255 68 60 56 255 34 34 34 255 34 34 34 255 36 35 35 255 41 38 38 255 41 38 38 255 36 35 35 255 36 35 35 255 41 38 38 255 43 40 40 255 43 40 40 255 43 40 40 255 43 40 40 255 43 40 40 255 43 40 40 255 43 40 40 255 43 40 40 255 41 38 38 255 36 35 35 255 36 35 35 255 41 38 38 255 43 40 40 255 43 40 40 255 43 40 40 255 
