2 2 2 15 2 2 2 15 6 6 6 47 22 26 16 111 49 62 33 207 110 121 90 255 205 205 188 255 253 247 237 255 253 247 237 255 211 207 198 255 129 127 122 255 68 67 65 207 28 28 27 111 6 6 6 47 2 2 2 15 2 2 2 15 
2 2 2 15 2 2 2 15 6 6 6 47 22 26 16 111 49 62 33 207 110 121 90 255 205 205 188 255 253 247 237 255 253 247 237 255 211 207 198 255 129 127 122 255 68 67 65 207 28 28 27 111 6 6 6 47 2 2 2 15 2 2 2 15 
6 6 6 47 6 6 6 47 19 19 19 143 49 62 33 207 97 135 48 239 154 190 101 255 220 228 191 255 253 247 237 255 253 247 237 255 239 233 224 255 211 207 198 255 155 151 146 239 68 67 65 207 19 19 19 143 6 6 6 47 6 6 6 47 
17 16 16 111 17 16 16 111 34 32 32 207 70 84 45 255 124 173 57 255 170 223 95 255 208 234 160 255 233 241 204 255 246 245 226 255 253 247 237 255 253 247 237 255 200 195 187 255 95 91 89 255 34 32 32 207 17 16 16 111 17 16 16 111 
34 32 32 207 34 32 32 207 53 45 45 239 84 94 54 255 128 176 60 255 157 219 73 255 170 223 95 255 195 230 139 255 233 241 204 255 253 247 237 255 253 247 237 255 205 198 190 255 110 101 98 255 53 45 45 239 34 32 32 207 34 32 32 207 
43 40 40 255 43 40 39 255 62 52 51 255 91 98 59 255 131 178 61 255 151 218 63 255 151 218 63 255 170 223 95 255 208 234 160 255 233 241 204 255 246 245 226 255 207 200 192 255 117 106 102 255 62 52 52 255 43 40 40 255 43 40 39 255 
43 40 40 255 43 40 39 255 62 52 51 255 91 98 59 255 131 178 61 255 151 218 63 255 151 218 63 255 157 219 73 255 170 223 95 255 195 230 139 255 233 241 204 255 207 200 192 255 117 106 102 255 62 52 52 255 43 40 40 255 43 40 39 255 
47 40 38 255 47 40 38 255 75 53 48 255 100 89 55 255 120 148 59 255 136 188 62 255 146 208 62 255 151 218 63 255 151 218 63 255 165 213 95 255 193 204 159 255 181 167 157 255 129 101 87 255 85 59 48 255 51 42 38 255 51 42 38 255 
56 41 36 255 56 41 36 255 102 55 42 255 116 71 48 255 100 89 55 255 106 128 60 255 136 188 62 255 151 218 63 255 151 218 63 255 142 190 72 255 125 134 92 255 129 101 87 255 153 91 57 255 132 73 40 255 66 47 36 255 66 47 36 255 
48 33 28 207 48 33 28 207 93 48 35 239 109 57 42 255 96 59 50 255 100 89 55 255 120 148 59 255 131 178 61 255 131 178 61 255 124 150 59 255 110 95 55 255 116 71 48 255 142 77 40 255 123 66 33 239 58 39 28 207 58 39 28 207 
21 16 15 111 21 16 15 111 48 33 28 207 77 46 38 255 109 57 42 255 116 71 48 255 100 89 55 255 91 98 59 255 91 98 59 255 110 95 55 255 147 89 46 255 143 77 40 255 97 58 36 255 58 39 28 207 25 18 15 111 25 18 15 111 
8 8 8 63 8 8 8 63 25 25 25 191 61 41 35 255 115 56 39 255 129 63 44 255 103 61 50 255 93 62 53 255 99 66 53 255 126 75 48 255 173 89 40 255 156 80 36 255 74 49 34 255 25 25 25 191 8 8 8 63 8 8 8 63 
8 8 8 63 8 8 8 63 25 25 25 191 61 41 35 255 115 56 39 255 138 63 42 255 129 63 44 255 135 68 44 255 155 80 43 255 173 89 40 255 189 93 38 255 156 80 36 255 74 49 34 255 25 25 25 191 8 8 8 63 8 8 8 63 
6 6 6 47 6 6 6 47 19 19 19 143 48 33 28 207 93 48 35 239 122 58 39 255 136 62 40 255 156 71 40 255 183 87 38 255 186 92 36 255 166 84 36 255 123 66 33 239 58 39 28 207 19 19 19 143 6 6 6 47 6 6 6 47 
2 2 2 15 2 2 2 15 6 6 6 47 21 16 15 111 48 33 28 207 81 47 37 255 122 58 39 255 156 71 40 255 183 87 38 255 166 84 36 255 105 61 35 255 58 39 28 207 25 18 15 111 6 6 6 47 2 2 2 15 2 2 2 15 
0 0 0 0 0 0 0 0 0 0 0 0 8 8 8 63 25 25 25 191 61 41 35 255 115 56 39 255 156 71 40 255 183 87 38 255 156 80 36 255 74 49 34 255 25 25 25 191 8 8 8 63 0 0 0 0 0 0 0 0 0 0 0 0 
0 0 0 0 0 0 0 0 0 0 0 0 8 8 8 63 25 25 25 191 61 41 35 255 115 56 39 255 156 71 40 255 183 87 38 255 156 80 36 255 74 49 34 255 25 25 25 191 8 8 8 63 0 0 0 0 0 0 0 0 0 0 0 0 
0 0 0 0 0 0 0 0 0 0 0 0 8 8 8 63 25 25 25 191 61 41 35 255 115 56 39 255 156 71 40 255 183 87 38 255 156 80 36 255 74 49 34 255 25 25 25 191 8 8 8 63 0 0 0 0 0 0 0 0 0 0 0 0 
0 0 0 0 0 0 0 0 0 0 0 0 8 8 8 63 25 25 25 191 61 41 35 255 115 56 39 255 156 71 40 255 183 87 38 255 156 80 36 255 74 49 34 255 25 25 25 191 8 8 8 63 0 0 0 0 0 0 0 0 0 0 0 0 
0 0 0 0 0 0 0 0 0 0 0 0 8 8 8 63 25 25 25 191 61 41 35 255 115 56 39 255 156 71 40 255 183 87 38 255 156 80 36 255 74 49 34 255 25 25 25 191 8 8 8 63 0 0 0 0 0 0 0 0 0 0 0 0 
0 0 0 0 0 0 0 0 0 0 0 0 8 8 8 63 25 25 25 191 61 41 35 255 115 56 39 255 156 71 40 255 183 87 38 255 156 80 36 255 74 49 34 255 25 25 25 191 8 8 8 63 0 0 0 0 0 0 0 0 0 0 0 0 
0 0 0 0 0 0 0 0 0 0 0 0 8 8 8 63 25 25 25 191 61 41 35 255 115 56 39 255 156 71 40 255 183 87 38 255 156 80 36 255 74 49 34 255 25 25 25 191 8 8 8 63 0 0 0 0 0 0 0 0 0 0 0 0 
0 0 0 0 0 0 0 0 0 0 0 0 8 8 8 63 25 25 25 191 61 41 35 255 115 56 39 255 156 71 40 255 183 87 38 255 156 80 36 255 74 49 34 255 25 25 25 191 8 8 8 63 0 0 0 0 0 0 0 0 0 0 0 0 
0 0 0 0 0 0 0 0 0 0 0 0 8 8 8 63 25 25 25 191 61 41 35 255 115 56 39 255 156 71 40 255 183 87 38 255 156 80 36 255 74 49 34 255 25 25 25 191 8 8 8 63 0 0 0 0 0 0 0 0 0 0 0 0 
0 0 0 0 0 0 0 0 0 0 0 0 8 8 8 63 25 25 25 191 61 41 35 255 115 56 39 255 156 71 40 255 183 87 38 255 156 80 36 255 74 49 34 255 25 25 25 191 8 8 8 63 0 0 0 0 0 0 0 0 0 0 0 0 
0 0 0 0 0 0 0 0 0 0 0 0 8 8 8 63 25 25 25 191 61 41 35 255 115 56 39 255 156 71 40 255 183 87 38 255 156 80 36 255 74 49 34 255 25 25 25 191 8 8 8 63 0 0 0 0 0 0 0 0 0 0 0 0 
0 0 0 0 0 0 0 0 0 0 0 0 8 8 8 63 25 25 25 191 61 41 35 255 115 56 39 255 156 71 40 255 183 87 38 255 156 80 36 255 74 49 34 255 25 25 25 191 8 8 8 63 0 0 0 0 0 0 0 0 0 0 0 0 
0 0 0 0 0 0 0 0 0 0 0 0 8 8 8 63 25 25 25 191 61 41 35 255 115 56 39 255 156 71 40 255 183 87 38 255 156 80 36 255 74 49 34 255 25 25 25 191 8 8 8 63 0 0 0 0 0 0 0 0 0 0 0 0 
0 0 0 0 0 0 0 0 0 0 0 0 8 8 8 63 25 25 25 191 61 41 35 255 115 56 39 255 156 71 40 255 183 87 38 255 156 80 36 255 74 49 34 255 25 25 25 191 8 8 8 63 0 0 0 0 0 0 0 0 0 0 0 0 
0 0 0 0 0 0 0 0 0 0 0 0 8 8 8 63 25 25 25 191 61 41 35 255 115 56 39 255 156 71 40 255 183 87 38 255 156 80 36 255 74 49 34 255 25 25 25 191 8 8 8 63 0 0 0 0 0 0 0 0 0 0 0 0 
0 0 0 0 0 0 0 0 0 0 0 0 8 8 8 63 25 25 25 191 61 41 35 255 115 56 39 255 156 71 40 255 183 87 38 255 156 80 36 255 74 49 34 255 25 25 25 191 8 8 8 63 0 0 0 0 0 0 0 0 0 0 0 0 
0 0 0 0 0 0 0 0 0 0 0 0 8 8 8 63 25 25 25 191 61 41 35 255 115 56 39 255 156 71 40 255 183 87 38 255 156 80 36 255 74 49 34 255 25 25 25 191 8 8 8 63 0 0 0 0 0 0 0 0 0 0 0 0 
0 0 0 0 0 0 0 0 0 0 0 0 8 8 8 63 25 25 25 191 61 41 35 255 115 56 39 255 156 71 40 255 183 87 38 255 156 80 36 255 74 49 34 255 25 25 25 191 8 8 8 63 0 0 0 0 0 0 0 0 0 0 0 0 
0 0 0 0 0 0 0 0 0 0 0 0 8 8 8 63 25 25 25 191 61 41 35 255 115 56 39 255 156 71 40 255 183 87 38 255 156 80 36 255 74 49 34 255 25 25 25 191 8 8 8 63 0 0 0 0 0 0 0 0 0 0 0 0 
0 0 0 0 0 0 0 0 0 0 0 0 8 8 8 63 25 25 25 191 61 41 35 255 115 56 39 255 156 71 40 255 183 87 38 255 156 80 36 255 74 49 34 255 25 25 25 191 8 8 8 63 0 0 0 0 0 0 0 0 0 0 0 0 
0 0 0 0 0 0 0 0 0 0 0 0 8 8 8 63 25 25 25 191 61 41 35 255 115 56 39 255 156 71 40 255 183 87 38 255 156 80 36 255 74 49 34 255 25 25 25 191 8 8 8 63 0 0 0 0 0 0 0 0 0 0 0 0 
0 0 0 0 0 0 0 0 0 0 0 0 8 8 8 63 25 25 25 191 61 41 35 255 115 56 39 255 156 71 40 255 183 87 38 255 156 80 36 255 74 49 34 255 25 25 25 191 8 8 8 63 0 0 0 0 0 0 0 0 0 0 0 0 
0 0 0 0 0 0 0 0 0 0 0 0 8 8 8 63 25 25 25 191 61 41 35 255 115 56 39 255 156 71 40 255 183 87 38 255 156 80 36 255 74 49 34 255 25 25 25 191 8 8 8 63 0 0 0 0 0 0 0 0 0 0 0 0 
0 0 0 0 0 0 0 0 0 0 0 0 8 8 8 63 25 25 25 191 61 41 35 255 115 56 39 255 156 71 40 255 183 87 38 255 156 80 36 255 74 49 34 255 25 25 25 191 8 8 8 63 0 0 0 0 0 0 0 0 0 0 0 0 
0 0 0 0 0 0 0 0 0 0 0 0 8 8 8 63 25 25 25 191 61 41 35 255 115 56 39 255 156 71 40 255 183 87 38 255 156 80 36 255 74 49 34 255 25 25 25 191 8 8 8 63 0 0 0 0 0 0 0 0 0 0 0 0 
0 0 0 0 0 0 0 0 0 0 0 0 8 8 8 63 25 25 25 191 61 41 35 255 115 56 39 255 156 71 40 255 183 87 38 255 156 80 36 255 74 49 34 255 25 25 25 191 8 8 8 63 0 0 0 0 0 0 0 0 0 0 0 0 
0 0 0 0 0 0 0 0 0 0 0 0 8 8 8 63 25 25 25 191 61 41 35 255 115 56 39 255 156 71 40 255 183 87 38 255 156 80 36 255 74 49 34 255 25 25 25 191 8 8 8 63 0 0 0 0 0 0 0 0 0 0 0 0 
0 0 0 0 0 0 0 0 0 0 0 0 8 8 8 63 25 25 25 191 61 41 35 255 115 56 39 255 156 71 40 255 183 87 38 255 156 80 36 255 74 49 34 255 25 25 25 191 8 8 8 63 0 0 0 0 0 0 0 0 0 0 0 0 
0 0 0 0 0 0 0 0 0 0 0 0 8 8 8 63 25 25 25 191 61 41 35 255 115 56 39 255 156 71 40 255 183 87 38 255 156 80 36 255 74 49 34 255 25 25 25 191 8 8 8 63 0 0 0 0 0 0 0 0 0 0 0 0 
0 0 0 0 0 0 0 0 0 0 0 0 8 8 8 63 25 25 25 191 61 41 35 255 115 56 39 255 156 71 40 255 183 87 38 255 156 80 36 255 74 49 34 255 25 25 25 191 8 8 8 63 0 0 0 0 0 0 0 0 0 0 0 0 
0 0 0 0 0 0 0 0 0 0 0 0 8 8 8 63 25 25 25 191 61 41 35 255 115 56 39 255 156 71 40 255 183 87 38 255 156 80 36 255 74 49 34 255 25 25 25 191 8 8 8 63 0 0 0 0 0 0 0 0 0 0 0 0 
0 0 0 0 0 0 0 0 0 0 0 0 8 8 8 63 25 25 25 191 61 41 35 255 115 56 39 255 156 71 40 255 183 87 38 255 156 80 36 255 74 49 34 255 25 25 25 191 8 8 8 63 0 0 0 0 0 0 0 0 0 0 0 0 
0 0 0 0 0 0 0 0 0 0 0 0 8 8 8 63 25 25 25 191 61 41 35 255 115 56 39 255 156 71 40 255 183 87 38 255 156 80 36 255 74 49 34 255 25 25 25 191 8 8 8 63 0 0 0 0 0 0 0 0 0 0 0 0 
0 0 0 0 0 0 0 0 0 0 0 0 8 8 8 63 25 25 25 191 61 41 35 255 115 56 39 255 156 71 40 255 183 87 38 255 156 80 36 255 74 49 34 255 25 25 25 191 8 8 8 63 0 0 0 0 0 0 0 0 0 0 0 0 
0 0 0 0 0 0 0 0 0 0 0 0 8 8 8 63 25 25 25 191 61 41 35 255 115 56 39 255 156 71 40 255 183 87 38 255 156 80 36 255 74 49 34 255 25 25 25 191 8 8 8 63 0 0 0 0 0 0 0 0 0 0 0 0 
0 0 0 0 0 0 0 0 0 0 0 0 8 8 8 63 25 25 25 191 61 41 35 255 115 56 39 255 156 71 40 255 183 87 38 255 156 80 36 255 74 49 34 255 25 25 25 191 8 8 8 63 0 0 0 0 0 0 0 0 0 0 0 0 
0 0 0 0 0 0 0 0 0 0 0 0 8 8 8 63 25 25 25 191 61 41 35 255 115 56 39 255 156 71 40 255 183 87 38 255 156 80 36 255 74 49 34 255 25 25 25 191 8 8 8 63 0 0 0 0 0 0 0 0 0 0 0 0 
0 0 0 0 0 0 0 0 0 0 0 0 8 8 8 63 25 25 25 191 61 41 35 255 115 56 39 255 156 71 40 255 183 87 38 255 156 80 36 255 74 49 34 255 25 25 25 191 8 8 8 63 0 0 0 0 0 0 0 0 0 0 0 0 
0 0 0 0 0 0 0 0 0 0 0 0 8 8 8 63 25 25 25 191 61 41 35 255 115 56 39 255 156 71 40 255 183 87 38 255 156 80 36 255 74 49 34 255 25 25 25 191 8 8 8 63 0 0 0 0 0 0 0 0 0 0 0 0 
0 0 0 0 0 0 0 0 0 0 0 0 8 8 8 63 25 25 25 191 61 41 35 255 115 56 39 255 156 71 40 255 183 87 38 255 156 80 36 255 74 49 34 255 25 25 25 191 8 8 8 63 0 0 0 0 0 0 0 0 0 0 0 0 
0 0 0 0 0 0 0 0 0 0 0 0 8 8 8 63 25 25 25 191 61 41 35 255 115 56 39 255 156 71 40 255 183 87 38 255 156 80 36 255 74 49 34 255 25 25 25 191 8 8 8 63 0 0 0 0 0 0 0 0 0 0 0 0 
0 0 0 0 0 0 0 0 0 0 0 0 8 8 8 63 25 25 25 191 61 41 35 255 115 56 39 255 156 71 40 255 183 87 38 255 156 80 36 255 74 49 34 255 25 25 25 191 8 8 8 63 0 0 0 0 0 0 0 0 0 0 0 0 
0 0 0 0 0 0 0 0 0 0 0 0 8 8 8 63 25 25 25 191 54 39 35 255 95 50 37 255 125 62 38 255 146 74 37 255 125 68 35 255 64 45 34 255 25 25 25 191 8 8 8 63 0 0 0 0 0 0 0 0 0 0 0 0 
0 0 0 0 0 0 0 0 0 0 0 0 8 8 8 63 25 25 25 191 40 35 34 255 54 39 35 255 64 43 35 255 71 47 35 255 64 45 34 255 44 37 34 255 25 25 25 191 8 8 8 63 0 0 0 0 0 0 0 0 0 0 0 0 
0 0 0 0 0 0 0 0 0 0 0 0 8 8 8 63 25 25 25 191 40 35 34 255 54 39 35 255 64 43 35 255 71 47 35 255 64 45 34 255 44 37 34 255 25 25 25 191 8 8 8 63 0 0 0 0 0 0 0 0 0 0 0 0 
