0 0 0 0 0 0 0 0 0 0 0 0 0 0 0 0 0 0 0 0 8 8 8 63 25 25 25 191 44 37 34 255 64 45 34 255 71 47 35 255 64 43 35 255 54 39 35 255 40 35 34 255 25 25 25 191 8 8 8 63 0 0 0 0 0 0 0 0 0 0 0 0 0 0 0 0 0 0 0 0 
0 0 0 0 0 0 0 0 0 0 0 0 0 0 0 0 0 0 0 0 8 8 8 63 25 25 25 191 44 37 34 255 64 45 34 255 71 47 34 255 64 43 35 255 54 39 35 255 40 35 34 255 25 25 25 191 8 8 8 63 0 0 0 0 0 0 0 0 0 0 0 0 0 0 0 0 0 0 0 0 
0 0 0 0 0 0 0 0 0 0 0 0 0 0 0 0 0 0 0 0 8 8 8 63 25 25 25 191 64 45 34 255 125 68 35 255 146 74 36 255 125 62 38 255 95 50 37 255 54 39 35 255 25 25 25 191 8 8 8 63 0 0 0 0 0 0 0 0 0 0 0 0 0 0 0 0 0 0 0 0 
0 0 0 0 0 0 0 0 0 0 0 0 2 2 2 15 6 6 6 47 14 14 14 111 27 27 27 207 64 45 34 255 125 68 35 255 146 74 36 255 125 62 38 255 95 50 37 255 54 39 35 255 27 27 27 207 14 14 14 111 6 6 6 47 2 2 2 15 0 0 0 0 0 0 0 0 0 0 0 0 
0 0 0 0 0 0 0 0 0 0 0 0 6 6 6 47 19 19 19 143 27 27 27 207 31 31 31 239 44 37 34 255 64 45 34 255 71 47 35 255 64 43 35 255 54 39 35 255 40 35 34 255 31 31 31 239 27 27 27 207 19 19 19 143 6 6 6 47 0 0 0 0 0 0 0 0 0 0 0 0 
2 2 2 15 2 2 2 15 6 6 6 47 28 28 27 111 68 67 65 207 88 87 84 255 88 87 84 255 88 87 84 255 88 87 84 255 80 85 82 255 62 81 78 255 53 78 76 255 53 78 76 255 53 78 76 255 53 78 76 255 42 61 59 207 19 26 25 111 6 6 6 47 2 2 2 15 2 2 2 15 
6 6 6 47 6 6 6 47 19 19 19 143 68 67 65 207 155 151 146 239 198 193 186 255 198 193 186 255 198 193 186 255 198 193 186 255 172 187 180 255 120 175 168 255 93 168 162 255 93 168 162 255 93 168 162 255 93 168 162 255 76 133 128 239 42 61 59 207 19 19 19 143 6 6 6 47 6 6 6 47 
19 26 25 111 19 26 25 111 42 61 59 207 95 118 115 255 177 198 191 255 226 240 231 255 244 244 235 255 244 244 235 255 226 240 231 255 190 229 219 255 134 211 200 255 108 205 195 255 112 211 202 255 112 211 202 255 108 205 195 255 91 168 159 255 61 101 94 255 37 52 49 207 18 23 22 111 18 23 21 111 
42 61 59 207 42 61 59 207 76 133 128 239 107 182 175 255 135 208 201 255 174 228 219 255 226 240 231 255 226 240 231 255 174 228 219 255 134 211 200 255 106 190 175 255 97 188 173 255 108 205 195 255 108 205 195 255 97 188 173 255 87 168 151 255 77 145 130 255 60 107 96 239 37 52 49 207 37 52 48 207 
42 61 59 207 42 61 59 207 76 133 128 239 107 182 175 255 135 208 201 255 174 228 219 255 226 240 231 255 226 240 231 255 174 228 219 255 134 211 200 255 106 190 175 255 97 188 173 255 108 205 195 255 108 205 195 255 97 188 173 255 87 168 151 255 77 145 130 255 60 107 96 239 37 52 49 207 37 52 48 207 
19 26 25 111 19 26 25 111 42 61 59 207 95 118 115 255 177 198 191 255 226 240 231 255 244 244 235 255 244 244 235 255 226 240 231 255 190 229 219 255 134 211 200 255 108 205 195 255 112 211 202 255 112 211 202 255 108 205 195 255 91 168 159 255 61 101 94 255 37 52 49 207 18 23 22 111 18 23 21 111 
19 26 25 111 19 26 25 111 42 61 59 207 95 118 115 255 177 198 191 255 226 240 231 255 244 244 235 255 244 244 235 255 226 240 231 255 190 229 219 255 134 211 200 255 108 205 195 255 112 211 202 255 112 211 202 255 108 205 195 255 91 168 159 255 61 101 94 255 37 52 49 207 18 23 22 111 18 23 21 111 
42 61 59 207 42 61 59 207 76 133 128 239 107 182 175 255 135 208 201 255 174 228 219 255 226 240 231 255 226 240 231 255 174 228 219 255 134 211 200 255 106 190 175 255 97 188 173 255 108 205 195 255 108 205 195 255 97 188 173 255 87 168 151 255 77 145 130 255 60 107 96 239 37 52 49 207 37 52 48 207 
42 61 59 207 42 61 59 207 76 133 128 239 107 182 175 255 135 208 201 255 174 228 219 255 226 240 231 255 226 240 231 255 174 228 219 255 134 211 200 255 106 190 175 255 97 188 173 255 108 205 195 255 108 205 195 255 97 188 173 255 87 168 151 255 77 145 130 255 60 107 96 239 37 52 49 207 37 52 48 207 
19 26 25 111 19 26 25 111 42 61 59 207 95 118 115 255 177 198 191 255 226 240 231 255 244 244 235 255 244 244 235 255 226 240 231 255 190 229 219 255 134 211 200 255 108 205 195 255 112 211 202 255 112 211 202 255 108 205 195 255 91 168 159 255 61 101 94 255 37 52 49 207 18 23 22 111 18 23 21 111 
19 26 25 111 19 26 25 111 42 61 59 207 95 118 115 255 177 198 191 255 226 240 231 255 244 244 235 255 244 244 235 255 226 240 231 255 190 229 219 255 134 211 200 255 108 205 195 255 112 211 202 255 112 211 202 255 108 205 195 255 91 168 159 255 61 101 94 255 37 52 49 207 18 23 22 111 18 23 21 111 
42 61 59 207 42 61 59 207 76 133 128 239 107 182 175 255 135 208 201 255 174 228 219 255 226 240 231 255 226 240 231 255 174 228 219 255 134 211 200 255 106 190 175 255 97 188 173 255 108 205 195 255 108 205 195 255 97 188 173 255 87 168 151 255 77 145 130 255 60 107 96 239 37 52 49 207 37 52 48 207 
42 61 59 207 42 61 59 207 76 133 128 239 107 182 175 255 135 208 201 255 174 228 219 255 226 240 231 255 226 240 231 255 174 228 219 255 134 211 200 255 106 190 175 255 97 188 173 255 108 205 195 255 108 205 195 255 97 188 173 255 87 168 151 255 77 145 130 255 60 107 96 239 37 52 49 207 37 52 48 207 
19 26 25 111 19 26 25 111 42 61 59 207 95 118 115 255 177 198 191 255 226 240 231 255 244 244 235 255 244 244 235 255 226 240 231 255 190 229 219 255 134 211 200 255 108 205 195 255 112 211 202 255 112 211 202 255 108 205 195 255 91 168 159 255 61 101 94 255 37 52 49 207 18 23 22 111 18 23 21 111 
19 26 25 111 19 26 25 111 42 61 59 207 95 118 115 255 177 198 191 255 226 240 231 255 244 244 235 255 244 244 235 255 226 240 231 255 190 229 219 255 134 211 200 255 108 205 195 255 112 211 202 255 112 211 202 255 108 205 195 255 91 168 159 255 61 101 94 255 37 52 49 207 18 23 22 111 18 23 21 111 
42 61 59 207 42 61 59 207 76 133 128 239 107 182 175 255 135 208 201 255 174 228 219 255 226 240 231 255 226 240 231 255 174 228 219 255 134 211 200 255 106 190 175 255 97 188 173 255 108 205 195 255 108 205 195 255 97 188 173 255 87 168 151 255 77 145 130 255 60 107 96 239 37 52 49 207 37 52 48 207 
42 61 59 207 42 61 59 207 76 133 128 239 94 169 163 255 94 169 163 255 133 188 181 255 213 227 218 255 226 240 231 255 174 228 219 255 134 211 200 255 106 190 175 255 97 188 173 255 108 205 195 255 103 194 184 255 82 154 141 255 72 134 119 255 72 134 119 255 60 107 96 239 37 52 49 207 37 52 48 207 
19 26 25 111 19 26 25 111 42 61 59 207 54 79 77 255 54 79 77 255 103 120 116 255 203 204 196 255 244 244 235 255 226 240 231 255 190 229 219 255 134 211 200 255 108 205 195 255 112 211 202 255 97 177 170 255 63 104 98 255 46 67 62 255 46 67 62 255 37 52 49 207 18 23 22 111 18 23 21 111 
6 6 6 47 6 6 6 47 19 19 19 143 25 25 25 191 25 25 25 191 68 67 65 207 155 151 146 239 198 193 186 255 198 193 186 255 172 187 180 255 120 175 168 255 94 169 163 255 94 169 163 255 76 133 128 239 42 61 59 207 25 25 25 191 25 25 25 191 19 19 19 143 6 6 6 47 6 6 6 47 
2 2 2 15 2 2 2 15 6 6 6 47 8 8 8 63 8 8 8 63 28 28 27 111 68 67 65 207 88 87 84 255 88 87 84 255 80 85 82 255 62 81 78 255 54 79 77 255 54 79 77 255 42 61 59 207 19 26 25 111 8 8 8 63 8 8 8 63 6 6 6 47 2 2 2 15 2 2 2 15 
0 0 0 0 0 0 0 0 0 0 0 0 0 0 0 0 0 0 0 0 8 8 8 63 25 25 25 191 44 37 34 255 64 45 34 255 71 47 34 255 64 43 35 255 54 39 35 255 40 35 34 255 25 25 25 191 8 8 8 63 0 0 0 0 0 0 0 0 0 0 0 0 0 0 0 0 0 0 0 0 
0 0 0 0 0 0 0 0 0 0 0 0 0 0 0 0 0 0 0 0 8 8 8 63 25 25 25 191 64 45 34 255 125 68 35 255 146 74 36 255 125 62 38 255 95 50 37 255 54 39 35 255 25 25 25 191 8 8 8 63 0 0 0 0 0 0 0 0 0 0 0 0 0 0 0 0 0 0 0 0 
0 0 0 0 0 0 0 0 0 0 0 0 0 0 0 0 0 0 0 0 8 8 8 63 25 25 25 191 74 49 34 255 156 80 36 255 183 88 37 255 156 72 39 255 115 56 39 255 61 41 35 255 25 25 25 191 8 8 8 63 0 0 0 0 0 0 0 0 0 0 0 0 0 0 0 0 0 0 0 0 
0 0 0 0 0 0 0 0 0 0 0 0 0 0 0 0 0 0 0 0 8 8 8 63 25 25 25 191 74 49 34 255 156 80 36 255 183 88 37 255 156 72 39 255 115 56 39 255 61 41 35 255 25 25 25 191 8 8 8 63 0 0 0 0 0 0 0 0 0 0 0 0 0 0 0 0 0 0 0 0 
0 0 0 0 0 0 0 0 0 0 0 0 0 0 0 0 0 0 0 0 8 8 8 63 25 25 25 191 74 49 34 255 156 80 36 255 183 88 37 255 156 72 39 255 115 56 39 255 61 41 35 255 25 25 25 191 8 8 8 63 0 0 0 0 0 0 0 0 0 0 0 0 0 0 0 0 0 0 0 0 
0 0 0 0 0 0 0 0 0 0 0 0 0 0 0 0 0 0 0 0 8 8 8 63 25 25 25 191 74 49 34 255 156 80 36 255 183 88 37 255 156 72 39 255 115 56 39 255 61 41 35 255 25 25 25 191 8 8 8 63 0 0 0 0 0 0 0 0 0 0 0 0 0 0 0 0 0 0 0 0 
0 0 0 0 0 0 0 0 0 0 0 0 0 0 0 0 0 0 0 0 8 8 8 63 25 25 25 191 74 49 34 255 156 80 36 255 183 88 37 255 156 72 39 255 115 56 39 255 61 41 35 255 25 25 25 191 8 8 8 63 0 0 0 0 0 0 0 0 0 0 0 0 0 0 0 0 0 0 0 0 
0 0 0 0 0 0 0 0 0 0 0 0 0 0 0 0 0 0 0 0 8 8 8 63 25 25 25 191 74 49 34 255 156 80 36 255 183 88 37 255 156 72 39 255 115 56 39 255 61 41 35 255 25 25 25 191 8 8 8 63 0 0 0 0 0 0 0 0 0 0 0 0 0 0 0 0 0 0 0 0 
0 0 0 0 0 0 0 0 0 0 0 0 0 0 0 0 0 0 0 0 8 8 8 63 25 25 25 191 74 49 34 255 156 80 36 255 183 88 37 255 156 72 39 255 115 56 39 255 61 41 35 255 25 25 25 191 8 8 8 63 0 0 0 0 0 0 0 0 0 0 0 0 0 0 0 0 0 0 0 0 
0 0 0 0 0 0 0 0 0 0 0 0 0 0 0 0 0 0 0 0 8 8 8 63 25 25 25 191 74 49 34 255 156 80 36 255 183 88 37 255 156 72 39 255 115 56 39 255 61 41 35 255 25 25 25 191 8 8 8 63 0 0 0 0 0 0 0 0 0 0 0 0 0 0 0 0 0 0 0 0 
0 0 0 0 0 0 0 0 0 0 0 0 0 0 0 0 0 0 0 0 8 8 8 63 25 25 25 191 74 49 34 255 156 80 36 255 183 88 37 255 156 72 39 255 115 56 39 255 61 41 35 255 25 25 25 191 8 8 8 63 0 0 0 0 0 0 0 0 0 0 0 0 0 0 0 0 0 0 0 0 
0 0 0 0 0 0 0 0 0 0 0 0 0 0 0 0 0 0 0 0 8 8 8 63 25 25 25 191 74 49 34 255 156 80 36 255 183 88 37 255 156 72 39 255 115 56 39 255 61 41 35 255 25 25 25 191 8 8 8 63 0 0 0 0 0 0 0 0 0 0 0 0 0 0 0 0 0 0 0 0 
0 0 0 0 0 0 0 0 0 0 0 0 0 0 0 0 0 0 0 0 8 8 8 63 25 25 25 191 74 49 34 255 156 80 36 255 183 88 37 255 156 72 39 255 115 56 39 255 61 41 35 255 25 25 25 191 8 8 8 63 0 0 0 0 0 0 0 0 0 0 0 0 0 0 0 0 0 0 0 0 
0 0 0 0 0 0 0 0 0 0 0 0 0 0 0 0 0 0 0 0 8 8 8 63 25 25 25 191 74 49 34 255 156 80 36 255 183 88 37 255 156 72 39 255 115 56 39 255 61 41 35 255 25 25 25 191 8 8 8 63 0 0 0 0 0 0 0 0 0 0 0 0 0 0 0 0 0 0 0 0 
0 0 0 0 0 0 0 0 0 0 0 0 0 0 0 0 0 0 0 0 8 8 8 63 25 25 25 191 74 49 34 255 156 80 36 255 183 88 37 255 156 72 39 255 115 56 39 255 61 41 35 255 25 25 25 191 8 8 8 63 0 0 0 0 0 0 0 0 0 0 0 0 0 0 0 0 0 0 0 0 
0 0 0 0 0 0 0 0 0 0 0 0 0 0 0 0 0 0 0 0 8 8 8 63 25 25 25 191 74 49 34 255 156 80 36 255 183 88 37 255 156 72 39 255 115 56 39 255 61 41 35 255 25 25 25 191 8 8 8 63 0 0 0 0 0 0 0 0 0 0 0 0 0 0 0 0 0 0 0 0 
0 0 0 0 0 0 0 0 0 0 0 0 0 0 0 0 0 0 0 0 8 8 8 63 25 25 25 191 74 49 34 255 156 80 36 255 183 88 37 255 156 72 39 255 115 56 39 255 61 41 35 255 25 25 25 191 8 8 8 63 0 0 0 0 0 0 0 0 0 0 0 0 0 0 0 0 0 0 0 0 
0 0 0 0 0 0 0 0 0 0 0 0 0 0 0 0 0 0 0 0 8 8 8 63 25 25 25 191 74 49 34 255 156 80 36 255 183 88 37 255 156 72 39 255 115 56 39 255 61 41 35 255 25 25 25 191 8 8 8 63 0 0 0 0 0 0 0 0 0 0 0 0 0 0 0 0 0 0 0 0 
0 0 0 0 0 0 0 0 0 0 0 0 0 0 0 0 0 0 0 0 8 8 8 63 25 25 25 191 74 49 34 255 156 80 36 255 183 88 37 255 156 72 39 255 115 56 39 255 61 41 35 255 25 25 25 191 8 8 8 63 0 0 0 0 0 0 0 0 0 0 0 0 0 0 0 0 0 0 0 0 
0 0 0 0 0 0 0 0 0 0 0 0 0 0 0 0 0 0 0 0 8 8 8 63 25 25 25 191 74 49 34 255 156 80 36 255 183 88 37 255 156 72 39 255 115 56 39 255 61 41 35 255 25 25 25 191 8 8 8 63 0 0 0 0 0 0 0 0 0 0 0 0 0 0 0 0 0 0 0 0 
0 0 0 0 0 0 0 0 0 0 0 0 0 0 0 0 0 0 0 0 8 8 8 63 25 25 25 191 64 45 34 255 125 68 35 255 146 74 37 255 125 62 38 255 95 50 37 255 54 39 35 255 25 25 25 191 8 8 8 63 0 0 0 0 0 0 0 0 0 0 0 0 0 0 0 0 0 0 0 0 
0 0 0 0 0 0 0 0 0 0 0 0 0 0 0 0 0 0 0 0 8 8 8 63 25 25 25 191 44 37 34 255 64 45 34 255 71 47 35 255 64 43 35 255 54 39 35 255 40 35 34 255 25 25 25 191 8 8 8 63 0 0 0 0 0 0 0 0 0 0 0 0 0 0 0 0 0 0 0 0 
0 0 0 0 0 0 0 0 0 0 0 0 0 0 0 0 0 0 0 0 8 8 8 63 25 25 25 191 44 37 34 255 64 45 34 255 71 47 34 255 64 43 35 255 54 39 35 255 40 35 34 255 25 25 25 191 8 8 8 63 0 0 0 0 0 0 0 0 0 0 0 0 0 0 0 0 0 0 0 0 
