8 8 8 63 8 8 8 63 25 25 25 191 44 37 34 255 64 45 34 255 71 47 34 255 64 43 35 255 54 39 35 255 40 35 34 255 25 25 25 191 8 8 8 63 0 0 0 0 0 0 0 0 0 0 0 0 0 0 0 0 0 0 0 0 0 0 0 0 0 0 0 0 
8 8 8 63 8 8 8 63 25 25 25 191 44 37 34 255 64 45 34 255 71 47 35 255 64 43 35 255 54 39 35 255 40 35 34 255 25 25 25 191 8 8 8 63 0 0 0 0 0 0 0 0 0 0 0 0 0 0 0 0 0 0 0 0 0 0 0 0 0 0 0 0 
8 8 8 63 8 8 8 63 25 25 25 191 64 45 34 255 125 68 35 255 146 74 37 255 125 62 38 255 95 50 37 255 54 39 35 255 25 25 25 191 8 8 8 63 0 0 0 0 0 0 0 0 0 0 0 0 0 0 0 0 0 0 0 0 0 0 0 0 0 0 0 0 
14 14 14 111 14 14 14 111 27 27 27 207 64 45 34 255 125 68 35 255 146 74 36 255 125 62 38 255 95 50 37 255 54 39 35 255 27 27 27 207 14 14 14 111 8 8 8 63 8 8 8 63 8 8 8 63 8 8 8 63 8 8 8 63 8 8 8 63 8 8 8 63 
27 27 27 207 27 27 27 207 31 31 31 239 44 37 34 255 64 45 34 255 71 47 34 255 64 43 35 255 54 39 35 255 40 35 34 255 31 31 31 239 27 27 27 207 25 25 25 191 25 25 25 191 25 25 25 191 25 25 25 191 25 25 25 191 25 25 25 191 25 25 25 191 
39 45 44 255 38 45 44 255 49 67 66 255 54 79 77 255 54 79 77 255 54 79 77 255 54 79 77 255 54 79 77 255 54 79 77 255 54 79 77 255 54 79 77 255 62 81 78 255 80 85 82 255 88 87 84 255 88 87 84 255 75 73 72 255 47 47 46 255 47 47 46 255 
49 67 66 255 48 67 66 255 78 135 130 255 94 169 163 255 94 169 163 255 94 169 163 255 94 169 163 255 94 169 163 255 94 169 163 255 94 169 163 255 94 169 163 255 120 175 168 255 172 187 180 255 198 193 186 255 198 193 186 255 157 153 148 255 75 73 72 255 75 73 72 255 
54 79 77 255 53 78 76 255 93 168 162 255 113 214 206 255 113 214 206 255 113 214 206 255 113 214 206 255 113 214 206 255 113 214 206 255 113 214 206 255 113 214 206 255 148 222 213 255 218 238 229 255 253 247 237 255 253 247 237 255 198 193 186 255 88 87 84 255 88 87 84 255 
54 79 77 255 53 78 76 255 93 168 162 255 113 214 206 255 113 214 206 255 113 214 206 255 113 214 206 255 113 214 206 255 113 214 206 255 113 214 206 255 113 214 206 255 148 222 213 255 218 238 229 255 253 247 237 255 253 247 237 255 198 193 186 255 88 87 84 255 88 87 84 255 
54 79 77 255 53 78 76 255 93 168 162 255 113 214 206 255 113 214 206 255 113 214 206 255 113 214 206 255 113 214 206 255 113 214 206 255 113 214 206 255 113 214 206 255 148 222 213 255 218 238 229 255 253 247 237 255 253 247 237 255 198 193 186 255 88 87 84 255 88 87 84 255 
54 79 77 255 53 78 76 255 93 168 162 255 113 214 206 255 113 214 206 255 113 214 206 255 113 214 206 255 113 214 206 255 113 214 206 255 113 214 206 255 113 214 206 255 148 222 213 255 218 238 229 255 253 247 237 255 253 247 237 255 198 193 186 255 88 87 84 255 88 87 84 255 
49 67 66 255 48 67 66 255 78 135 130 255 93 168 162 255 93 168 162 255 93 168 162 255 93 168 162 255 93 168 162 255 93 168 162 255 98 180 173 255 108 202 195 255 148 222 213 255 218 238 229 255 253 247 237 255 253 247 237 255 198 193 186 255 88 87 84 255 88 87 84 255 
39 45 44 255 38 45 44 255 48 67 66 255 53 78 76 255 53 78 76 255 53 78 76 255 53 78 76 255 53 78 76 255 53 78 76 255 68 112 109 255 98 180 173 255 148 222 213 255 218 238 229 255 253 247 237 255 253 247 237 255 198 193 186 255 88 87 84 255 88 87 84 255 
27 27 27 207 27 27 27 207 31 31 31 239 44 37 34 255 64 45 34 255 71 47 35 255 64 43 35 255 54 39 35 255 40 35 34 255 48 67 66 255 78 135 130 255 133 188 181 255 213 227 218 255 253 247 237 255 253 247 237 255 198 193 186 255 88 87 84 255 88 87 84 255 
14 14 14 111 14 14 14 111 27 27 27 207 64 45 34 255 125 68 35 255 146 74 36 255 125 62 38 255 95 50 37 255 54 39 35 255 39 45 44 255 48 67 66 255 103 121 117 255 203 205 196 255 253 247 237 255 253 247 237 255 198 193 186 255 88 87 84 255 88 87 84 255 
8 8 8 63 8 8 8 63 25 25 25 191 74 49 34 255 156 80 36 255 183 88 37 255 156 72 39 255 115 56 39 255 61 41 35 255 31 31 31 239 27 27 27 207 68 67 65 207 155 151 146 239 211 207 198 255 239 233 224 255 198 193 186 255 88 87 84 255 88 87 84 255 
8 8 8 63 8 8 8 63 25 25 25 191 74 49 34 255 156 80 36 255 183 88 37 255 156 72 39 255 115 56 39 255 61 41 35 255 27 27 27 207 14 14 14 111 28 28 27 111 68 67 65 207 129 127 122 255 211 207 198 255 198 193 186 255 88 87 84 255 88 87 84 255 
8 8 8 63 8 8 8 63 25 25 25 191 74 49 34 255 156 80 36 255 183 88 37 255 156 72 39 255 115 56 39 255 61 41 35 255 25 25 25 191 8 8 8 63 6 6 6 47 19 19 19 143 68 67 65 207 155 151 146 239 157 153 148 255 75 73 72 255 75 73 72 255 
8 8 8 63 8 8 8 63 25 25 25 191 74 49 34 255 156 80 36 255 183 88 37 255 156 72 39 255 115 56 39 255 61 41 35 255 25 25 25 191 8 8 8 63 2 2 2 15 6 6 6 47 28 28 27 111 68 67 65 207 75 73 72 255 47 47 46 255 47 47 46 255 
8 8 8 63 8 8 8 63 25 25 25 191 74 49 34 255 156 80 36 255 183 88 37 255 156 72 39 255 115 56 39 255 61 41 35 255 25 25 25 191 8 8 8 63 0 0 0 0 0 0 0 0 6 6 6 47 19 19 19 143 27 27 27 207 31 31 31 239 31 31 31 239 
8 8 8 63 8 8 8 63 25 25 25 191 74 49 34 255 156 80 36 255 183 88 37 255 156 72 39 255 115 56 39 255 61 41 35 255 25 25 25 191 8 8 8 63 0 0 0 0 0 0 0 0 2 2 2 15 6 6 6 47 14 14 14 111 27 27 27 207 27 27 27 207 
8 8 8 63 8 8 8 63 25 25 25 191 74 49 34 255 156 80 36 255 183 88 37 255 156 72 39 255 115 56 39 255 61 41 35 255 25 25 25 191 8 8 8 63 0 0 0 0 0 0 0 0 0 0 0 0 0 0 0 0 6 6 6 47 19 19 19 143 19 19 19 143 
8 8 8 63 8 8 8 63 25 25 25 191 74 49 34 255 156 80 36 255 183 88 37 255 156 72 39 255 115 56 39 255 61 41 35 255 25 25 25 191 8 8 8 63 0 0 0 0 0 0 0 0 0 0 0 0 0 0 0 0 2 2 2 15 6 6 6 47 6 6 6 47 
8 8 8 63 8 8 8 63 25 25 25 191 74 49 34 255 156 80 36 255 183 88 37 255 156 72 39 255 115 56 39 255 61 41 35 255 25 25 25 191 8 8 8 63 0 0 0 0 0 0 0 0 0 0 0 0 0 0 0 0 0 0 0 0 0 0 0 0 0 0 0 0 
8 8 8 63 8 8 8 63 25 25 25 191 74 49 34 255 156 80 36 255 183 88 37 255 156 72 39 255 115 56 39 255 61 41 35 255 25 25 25 191 8 8 8 63 0 0 0 0 0 0 0 0 0 0 0 0 0 0 0 0 0 0 0 0 0 0 0 0 0 0 0 0 
8 8 8 63 8 8 8 63 25 25 25 191 74 49 34 255 156 80 36 255 183 88 37 255 156 72 39 255 115 56 39 255 61 41 35 255 25 25 25 191 8 8 8 63 0 0 0 0 0 0 0 0 0 0 0 0 0 0 0 0 0 0 0 0 0 0 0 0 0 0 0 0 
8 8 8 63 8 8 8 63 25 25 25 191 74 49 34 255 156 80 36 255 183 88 37 255 156 72 39 255 115 56 39 255 61 41 35 255 25 25 25 191 8 8 8 63 0 0 0 0 0 0 0 0 0 0 0 0 0 0 0 0 0 0 0 0 0 0 0 0 0 0 0 0 
8 8 8 63 8 8 8 63 25 25 25 191 74 49 34 255 156 80 36 255 183 88 37 255 156 72 39 255 115 56 39 255 61 41 35 255 25 25 25 191 8 8 8 63 0 0 0 0 0 0 0 0 0 0 0 0 0 0 0 0 0 0 0 0 0 0 0 0 0 0 0 0 
8 8 8 63 8 8 8 63 25 25 25 191 74 49 34 255 156 80 36 255 183 88 37 255 156 72 39 255 115 56 39 255 61 41 35 255 25 25 25 191 8 8 8 63 0 0 0 0 0 0 0 0 0 0 0 0 0 0 0 0 0 0 0 0 0 0 0 0 0 0 0 0 
8 8 8 63 8 8 8 63 25 25 25 191 74 49 34 255 156 80 36 255 183 88 37 255 156 72 39 255 115 56 39 255 61 41 35 255 25 25 25 191 8 8 8 63 0 0 0 0 0 0 0 0 0 0 0 0 0 0 0 0 0 0 0 0 0 0 0 0 0 0 0 0 
8 8 8 63 8 8 8 63 25 25 25 191 74 49 34 255 156 80 36 255 183 88 37 255 156 72 39 255 115 56 39 255 61 41 35 255 25 25 25 191 8 8 8 63 0 0 0 0 0 0 0 0 0 0 0 0 0 0 0 0 0 0 0 0 0 0 0 0 0 0 0 0 
8 8 8 63 8 8 8 63 25 25 25 191 74 49 34 255 156 80 36 255 183 88 37 255 156 72 39 255 115 56 39 255 61 41 35 255 25 25 25 191 8 8 8 63 0 0 0 0 0 0 0 0 0 0 0 0 0 0 0 0 0 0 0 0 0 0 0 0 0 0 0 0 
8 8 8 63 8 8 8 63 25 25 25 191 74 49 34 255 156 80 36 255 183 88 37 255 156 72 39 255 115 56 39 255 61 41 35 255 25 25 25 191 8 8 8 63 0 0 0 0 0 0 0 0 0 0 0 0 0 0 0 0 0 0 0 0 0 0 0 0 0 0 0 0 
8 8 8 63 8 8 8 63 25 25 25 191 74 49 34 255 156 80 36 255 183 88 37 255 156 72 39 255 115 56 39 255 61 41 35 255 25 25 25 191 8 8 8 63 0 0 0 0 0 0 0 0 0 0 0 0 0 0 0 0 0 0 0 0 0 0 0 0 0 0 0 0 
8 8 8 63 8 8 8 63 25 25 25 191 74 49 34 255 156 80 36 255 183 88 37 255 156 72 39 255 115 56 39 255 61 41 35 255 25 25 25 191 8 8 8 63 0 0 0 0 0 0 0 0 0 0 0 0 0 0 0 0 0 0 0 0 0 0 0 0 0 0 0 0 
8 8 8 63 8 8 8 63 25 25 25 191 74 49 34 255 156 80 36 255 183 88 37 255 156 72 39 255 115 56 39 255 61 41 35 255 25 25 25 191 8 8 8 63 0 0 0 0 0 0 0 0 0 0 0 0 0 0 0 0 0 0 0 0 0 0 0 0 0 0 0 0 
8 8 8 63 8 8 8 63 25 25 25 191 74 49 34 255 156 80 36 255 183 88 37 255 156 72 39 255 115 56 39 255 61 41 35 255 25 25 25 191 8 8 8 63 0 0 0 0 0 0 0 0 0 0 0 0 0 0 0 0 0 0 0 0 0 0 0 0 0 0 0 0 
8 8 8 63 8 8 8 63 25 25 25 191 74 49 34 255 156 80 36 255 183 88 37 255 156 72 39 255 115 56 39 255 61 41 35 255 25 25 25 191 8 8 8 63 0 0 0 0 0 0 0 0 0 0 0 0 0 0 0 0 0 0 0 0 0 0 0 0 0 0 0 0 
8 8 8 63 8 8 8 63 25 25 25 191 74 49 34 255 156 80 36 255 183 88 37 255 156 72 39 255 115 56 39 255 61 41 35 255 25 25 25 191 8 8 8 63 0 0 0 0 0 0 0 0 0 0 0 0 0 0 0 0 0 0 0 0 0 0 0 0 0 0 0 0 
8 8 8 63 8 8 8 63 25 25 25 191 64 45 34 255 125 68 35 255 146 74 37 255 125 62 38 255 95 50 37 255 54 39 35 255 25 25 25 191 8 8 8 63 0 0 0 0 0 0 0 0 0 0 0 0 0 0 0 0 0 0 0 0 0 0 0 0 0 0 0 0 
8 8 8 63 8 8 8 63 25 25 25 191 44 37 34 255 64 45 34 255 71 47 35 255 64 43 35 255 54 39 35 255 40 35 34 255 25 25 25 191 8 8 8 63 0 0 0 0 0 0 0 0 0 0 0 0 0 0 0 0 0 0 0 0 0 0 0 0 0 0 0 0 
8 8 8 63 8 8 8 63 25 25 25 191 44 37 34 255 64 45 34 255 71 47 34 255 64 43 35 255 54 39 35 255 40 35 34 255 25 25 25 191 8 8 8 63 0 0 0 0 0 0 0 0 0 0 0 0 0 0 0 0 0 0 0 0 0 0 0 0 0 0 0 0 
