0 0 0 0 0 0 0 0 0 0 0 0 0 0 0 0 0 0 0 0 2 2 2 15 6 6 6 47 28 25 16 111 68 59 32 207 87 72 39 255 85 64 37 255 65 47 29 207 27 21 15 111 6 6 6 47 2 2 2 15 0 0 0 0 0 0 0 0 0 0 0 0 0 0 0 0 0 0 0 0 
0 0 0 0 0 0 0 0 0 0 0 0 0 0 0 0 0 0 0 0 2 2 2 15 6 6 6 47 28 25 16 111 68 59 32 207 87 72 40 255 85 64 38 255 65 47 29 207 27 21 15 111 6 6 6 47 2 2 2 15 0 0 0 0 0 0 0 0 0 0 0 0 0 0 0 0 0 0 0 0 
0 0 0 0 0 0 0 0 0 0 0 0 0 0 0 0 0 0 0 0 6 6 6 47 19 19 19 143 68 59 32 207 153 126 47 239 193 149 52 255 189 126 46 255 146 92 38 239 65 47 29 207 19 19 19 143 6 6 6 47 0 0 0 0 0 0 0 0 0 0 0 0 0 0 0 0 0 0 0 0 
0 0 0 0 0 0 0 0 0 0 0 0 2 2 2 15 6 6 6 47 28 25 16 111 68 59 32 207 128 107 46 255 209 171 56 255 247 187 58 255 241 157 50 255 199 121 43 255 123 81 39 255 65 47 29 207 27 21 15 111 6 6 6 47 2 2 2 15 0 0 0 0 0 0 0 0 0 0 0 0 
0 0 0 0 0 0 0 0 0 0 0 0 6 6 6 47 19 19 19 143 68 59 32 207 153 126 47 239 209 171 56 255 236 192 60 255 247 187 58 255 241 157 50 255 225 135 45 255 199 121 43 255 146 92 38 239 65 47 29 207 19 19 19 143 6 6 6 47 0 0 0 0 0 0 0 0 0 0 0 0 
0 0 0 0 0 0 0 0 0 0 0 0 8 8 8 63 25 25 25 191 87 76 40 255 195 160 54 255 249 203 62 255 249 203 62 255 247 187 58 255 241 157 50 255 238 142 46 255 238 142 46 255 187 115 43 255 85 61 37 255 25 25 25 191 8 8 8 63 0 0 0 0 0 0 0 0 0 0 0 0 
0 0 0 0 0 0 0 0 0 0 0 0 8 8 8 63 25 25 25 191 87 76 40 255 195 160 54 255 250 203 62 255 250 203 62 255 247 187 58 255 241 157 50 255 238 142 46 255 238 142 46 255 187 115 43 255 85 61 37 255 25 25 25 191 8 8 8 63 0 0 0 0 0 0 0 0 0 0 0 0 
0 0 0 0 0 0 0 0 0 0 0 0 8 8 8 63 25 25 25 191 87 76 40 255 195 160 54 255 249 203 62 255 249 203 62 255 247 187 58 255 241 157 50 255 238 142 46 255 238 142 46 255 187 115 43 255 85 61 37 255 25 25 25 191 8 8 8 63 0 0 0 0 0 0 0 0 0 0 0 0 
0 0 0 0 0 0 0 0 0 0 0 0 8 8 8 63 25 25 25 191 87 76 40 255 195 160 54 255 250 203 62 255 250 203 62 255 247 187 58 255 241 157 50 255 238 142 46 255 238 142 46 255 187 115 43 255 85 61 37 255 25 25 25 191 8 8 8 63 0 0 0 0 0 0 0 0 0 0 0 0 
0 0 0 0 0 0 0 0 0 0 0 0 8 8 8 63 25 25 25 191 87 76 40 255 195 160 54 255 250 203 62 255 250 203 62 255 247 187 58 255 241 157 50 255 238 142 46 255 238 142 46 255 187 115 43 255 85 61 37 255 25 25 25 191 8 8 8 63 0 0 0 0 0 0 0 0 0 0 0 0 
0 0 0 0 0 0 0 0 0 0 0 0 8 8 8 63 25 25 25 191 87 76 40 255 195 160 54 255 250 203 62 255 250 203 62 255 247 187 58 255 241 157 50 255 238 142 46 255 238 142 46 255 187 115 43 255 85 61 37 255 25 25 25 191 8 8 8 63 0 0 0 0 0 0 0 0 0 0 0 0 
0 0 0 0 0 0 0 0 0 0 0 0 8 8 8 63 25 25 25 191 87 76 40 255 195 160 54 255 250 203 62 255 250 203 62 255 247 187 58 255 241 157 50 255 238 142 46 255 238 142 46 255 187 115 43 255 85 61 37 255 25 25 25 191 8 8 8 63 0 0 0 0 0 0 0 0 0 0 0 0 
0 0 0 0 0 0 0 0 0 0 0 0 8 8 8 63 25 25 25 191 87 76 40 255 195 160 54 255 250 203 62 255 250 203 62 255 247 187 58 255 241 157 50 255 238 142 46 255 238 142 46 255 187 115 43 255 85 61 37 255 25 25 25 191 8 8 8 63 0 0 0 0 0 0 0 0 0 0 0 0 
0 0 0 0 0 0 0 0 0 0 0 0 8 8 8 63 25 25 25 191 87 76 40 255 195 160 54 255 250 203 62 255 250 203 62 255 247 187 58 255 241 157 50 255 238 142 46 255 238 142 46 255 187 115 43 255 85 61 37 255 25 25 25 191 8 8 8 63 0 0 0 0 0 0 0 0 0 0 0 0 
0 0 0 0 0 0 0 0 0 0 0 0 8 8 8 63 25 25 25 191 87 76 40 255 195 160 54 255 250 203 62 255 250 203 62 255 247 187 58 255 241 157 50 255 238 142 46 255 238 142 46 255 187 115 43 255 85 61 37 255 25 25 25 191 8 8 8 63 0 0 0 0 0 0 0 0 0 0 0 0 
0 0 0 0 0 0 0 0 0 0 0 0 8 8 8 63 25 25 25 191 87 76 40 255 195 160 54 255 250 203 62 255 250 203 62 255 247 187 58 255 241 157 50 255 238 142 46 255 238 142 46 255 187 115 43 255 85 61 37 255 25 25 25 191 8 8 8 63 0 0 0 0 0 0 0 0 0 0 0 0 
0 0 0 0 0 0 0 0 0 0 0 0 8 8 8 63 25 25 25 191 87 76 40 255 195 160 54 255 250 203 62 255 250 203 62 255 247 187 58 255 241 157 50 255 238 142 46 255 238 142 46 255 187 115 43 255 85 61 37 255 25 25 25 191 8 8 8 63 0 0 0 0 0 0 0 0 0 0 0 0 
0 0 0 0 0 0 0 0 0 0 0 0 8 8 8 63 25 25 25 191 87 76 40 255 195 160 54 255 250 203 62 255 250 203 62 255 247 187 58 255 241 157 50 255 238 142 46 255 238 142 46 255 187 115 43 255 85 61 37 255 25 25 25 191 8 8 8 63 0 0 0 0 0 0 0 0 0 0 0 0 
0 0 0 0 0 0 0 0 0 0 0 0 8 8 8 63 25 25 25 191 87 76 40 255 195 160 54 255 250 203 62 255 250 203 62 255 247 187 58 255 241 157 50 255 238 142 46 255 238 142 46 255 187 115 43 255 85 61 37 255 25 25 25 191 8 8 8 63 0 0 0 0 0 0 0 0 0 0 0 0 
0 0 0 0 0 0 0 0 0 0 0 0 8 8 8 63 25 25 25 191 87 76 40 255 195 160 54 255 250 203 62 255 250 203 62 255 247 187 58 255 241 157 50 255 238 142 46 255 238 142 46 255 187 115 43 255 85 61 37 255 25 25 25 191 8 8 8 63 0 0 0 0 0 0 0 0 0 0 0 0 
0 0 0 0 0 0 0 0 0 0 0 0 8 8 8 63 25 25 25 191 87 76 40 255 195 160 54 255 250 203 62 255 250 203 62 255 247 187 58 255 241 157 50 255 238 142 46 255 238 142 46 255 187 115 43 255 85 61 37 255 25 25 25 191 8 8 8 63 0 0 0 0 0 0 0 0 0 0 0 0 
0 0 0 0 0 0 0 0 0 0 0 0 8 8 8 63 25 25 25 191 87 76 40 255 195 160 54 255 250 203 62 255 250 203 62 255 247 187 58 255 241 157 50 255 238 142 46 255 238 142 46 255 187 115 43 255 85 61 37 255 25 25 25 191 8 8 8 63 0 0 0 0 0 0 0 0 0 0 0 0 
0 0 0 0 0 0 0 0 0 0 0 0 8 8 8 63 25 25 25 191 87 76 40 255 195 160 54 255 250 203 62 255 250 203 62 255 247 187 58 255 241 157 50 255 238 142 46 255 238 142 46 255 187 115 43 255 85 61 37 255 25 25 25 191 8 8 8 63 0 0 0 0 0 0 0 0 0 0 0 0 
0 0 0 0 0 0 0 0 0 0 0 0 8 8 8 63 25 25 25 191 87 76 40 255 195 160 54 255 250 203 62 255 250 203 62 255 247 187 58 255 241 157 50 255 238 142 46 255 238 142 46 255 187 115 43 255 85 61 37 255 25 25 25 191 8 8 8 63 0 0 0 0 0 0 0 0 0 0 0 0 
0 0 0 0 0 0 0 0 0 0 0 0 8 8 8 63 25 25 25 191 87 76 40 255 195 160 54 255 250 203 62 255 250 203 62 255 247 187 58 255 241 157 50 255 238 142 46 255 238 142 46 255 187 115 43 255 85 61 37 255 25 25 25 191 8 8 8 63 0 0 0 0 0 0 0 0 0 0 0 0 
0 0 0 0 0 0 0 0 0 0 0 0 8 8 8 63 25 25 25 191 87 76 40 255 195 160 54 255 250 203 62 255 250 203 62 255 247 187 58 255 241 157 50 255 238 142 46 255 238 142 46 255 187 115 43 255 85 61 37 255 25 25 25 191 8 8 8 63 0 0 0 0 0 0 0 0 0 0 0 0 
0 0 0 0 0 0 0 0 0 0 0 0 8 8 8 63 25 25 25 191 87 76 40 255 195 160 54 255 250 203 62 255 250 203 62 255 247 187 58 255 241 157 50 255 238 142 46 255 238 142 46 255 187 115 43 255 85 61 37 255 25 25 25 191 8 8 8 63 0 0 0 0 0 0 0 0 0 0 0 0 
0 0 0 0 0 0 0 0 0 0 0 0 8 8 8 63 25 25 25 191 87 76 40 255 195 160 54 255 250 203 62 255 250 203 62 255 247 187 58 255 241 157 50 255 238 142 46 255 238 142 46 255 187 115 43 255 85 61 37 255 25 25 25 191 8 8 8 63 0 0 0 0 0 0 0 0 0 0 0 0 
0 0 0 0 0 0 0 0 0 0 0 0 8 8 8 63 25 25 25 191 87 76 40 255 195 160 54 255 250 203 62 255 250 203 62 255 247 187 58 255 241 157 50 255 238 142 46 255 238 142 46 255 187 115 43 255 85 61 37 255 25 25 25 191 8 8 8 63 0 0 0 0 0 0 0 0 0 0 0 0 
0 0 0 0 0 0 0 0 0 0 0 0 8 8 8 63 25 25 25 191 74 65 39 255 155 129 49 255 209 171 56 255 236 192 60 255 247 187 58 255 241 157 50 255 225 135 45 255 199 121 43 255 148 94 40 255 72 54 36 255 25 25 25 191 8 8 8 63 0 0 0 0 0 0 0 0 0 0 0 0 
0 0 0 0 0 0 0 0 0 0 0 0 8 8 8 63 25 25 25 191 47 44 35 255 74 65 39 255 128 107 46 255 209 171 56 255 247 187 58 255 241 157 50 255 199 121 43 255 123 81 39 255 72 54 36 255 46 40 34 255 25 25 25 191 8 8 8 63 0 0 0 0 0 0 0 0 0 0 0 0 
0 0 0 0 0 0 0 0 0 0 0 0 6 6 6 47 19 19 19 143 27 27 27 207 31 31 31 239 87 76 40 255 195 160 54 255 247 187 58 255 241 157 50 255 187 115 43 255 85 61 37 255 31 31 31 239 27 27 27 207 19 19 19 143 6 6 6 47 0 0 0 0 0 0 0 0 0 0 0 0 
0 0 0 0 0 0 0 0 0 0 0 0 2 2 2 15 6 6 6 47 14 14 14 111 27 27 27 207 87 76 40 255 195 160 54 255 247 187 58 255 241 157 50 255 187 115 43 255 85 61 37 255 27 27 27 207 14 14 14 111 6 6 6 47 2 2 2 15 0 0 0 0 0 0 0 0 0 0 0 0 
8 8 8 63 8 8 8 63 8 8 8 63 8 8 8 63 8 8 8 63 28 25 16 111 68 59 32 207 128 107 46 255 209 171 56 255 247 187 58 255 241 157 50 255 199 121 43 255 123 81 39 255 65 47 29 207 27 21 15 111 8 8 8 63 8 8 8 63 8 8 8 63 8 8 8 63 8 8 8 63 
25 25 25 191 25 25 25 191 25 25 25 191 25 25 25 191 25 25 25 191 68 59 32 207 153 126 47 239 209 171 56 255 236 192 60 255 247 187 58 255 241 157 50 255 225 135 45 255 199 121 43 255 146 92 38 239 65 47 29 207 25 25 25 191 25 25 25 191 25 25 25 191 25 25 25 191 25 25 25 191 
46 40 34 255 46 40 34 255 72 54 36 255 72 54 36 255 46 40 34 255 74 65 39 255 155 129 49 255 195 160 54 255 195 160 54 255 193 149 51 255 189 126 45 255 186 114 42 255 186 114 42 255 148 94 40 255 72 54 36 255 46 40 34 255 72 54 36 255 72 54 36 255 46 40 34 255 46 40 34 255 
72 54 36 255 72 54 36 255 148 94 40 255 148 94 40 255 72 54 36 255 47 44 35 255 74 65 39 255 87 76 40 255 87 76 40 255 87 72 39 255 85 64 37 255 84 60 36 255 84 60 36 255 72 54 36 255 46 40 34 255 72 54 36 255 148 94 40 255 148 94 40 255 72 54 36 255 72 54 36 255 
85 61 37 255 84 60 36 255 186 114 42 255 199 121 43 255 123 81 39 255 72 54 36 255 46 40 34 255 47 44 35 255 74 65 39 255 88 76 41 255 88 76 41 255 74 65 39 255 47 44 35 255 46 40 34 255 72 54 36 255 123 81 39 255 199 121 43 255 187 115 43 255 85 61 37 255 84 60 36 255 
85 61 37 255 84 60 36 255 186 114 42 255 225 135 45 255 199 121 43 255 148 94 40 255 72 54 36 255 74 65 39 255 155 129 49 255 196 160 55 255 196 160 55 255 155 129 49 255 74 65 39 255 72 54 36 255 148 94 40 255 199 121 43 255 225 135 45 255 187 115 43 255 85 61 37 255 84 60 36 255 
65 47 29 207 65 47 29 207 146 92 38 239 186 114 42 255 186 114 42 255 148 94 40 255 72 54 36 255 87 76 40 255 195 160 54 255 250 203 62 255 250 203 62 255 196 160 55 255 88 76 41 255 72 54 36 255 148 94 40 255 186 114 42 255 186 114 42 255 146 92 38 239 65 47 29 207 65 47 29 207 
27 21 15 111 27 21 15 111 65 47 29 207 84 60 36 255 84 60 36 255 72 54 36 255 46 40 34 255 87 76 40 255 195 160 54 255 250 203 62 255 250 203 62 255 196 160 55 255 88 76 41 255 46 40 34 255 72 54 36 255 84 60 36 255 84 60 36 255 65 47 29 207 27 21 15 111 27 21 15 111 
6 6 6 47 6 6 6 47 19 19 19 143 25 25 25 191 25 25 25 191 27 27 27 207 31 31 31 239 74 65 39 255 155 129 49 255 195 160 54 255 195 160 54 255 155 129 49 255 74 65 39 255 31 31 31 239 27 27 27 207 25 25 25 191 25 25 25 191 19 19 19 143 6 6 6 47 6 6 6 47 
2 2 2 15 2 2 2 15 6 6 6 47 8 8 8 63 8 8 8 63 14 14 14 111 27 27 27 207 47 44 35 255 74 65 39 255 87 76 40 255 87 76 40 255 74 65 39 255 47 44 35 255 27 27 27 207 14 14 14 111 8 8 8 63 8 8 8 63 6 6 6 47 2 2 2 15 2 2 2 15 
0 0 0 0 0 0 0 0 0 0 0 0 0 0 0 0 0 0 0 0 8 8 8 63 25 25 25 191 47 44 35 255 74 65 39 255 87 72 40 255 85 64 38 255 72 54 36 255 46 40 34 255 25 25 25 191 8 8 8 63 0 0 0 0 0 0 0 0 0 0 0 0 0 0 0 0 0 0 0 0 
0 0 0 0 0 0 0 0 0 0 0 0 0 0 0 0 0 0 0 0 8 8 8 63 25 25 25 191 74 65 39 255 155 129 49 255 193 149 52 255 189 126 46 255 148 94 40 255 72 54 36 255 25 25 25 191 8 8 8 63 0 0 0 0 0 0 0 0 0 0 0 0 0 0 0 0 0 0 0 0 
0 0 0 0 0 0 0 0 0 0 0 0 0 0 0 0 0 0 0 0 8 8 8 63 25 25 25 191 87 72 39 255 193 149 51 255 245 180 56 255 242 164 52 255 189 126 46 255 85 64 38 255 25 25 25 191 8 8 8 63 0 0 0 0 0 0 0 0 0 0 0 0 0 0 0 0 0 0 0 0 
0 0 0 0 0 0 0 0 0 0 0 0 0 0 0 0 0 0 0 0 8 8 8 63 25 25 25 191 85 64 37 255 189 126 45 255 242 164 51 255 245 180 56 255 193 149 52 255 87 72 40 255 25 25 25 191 8 8 8 63 0 0 0 0 0 0 0 0 0 0 0 0 0 0 0 0 0 0 0 0 
0 0 0 0 0 0 0 0 0 0 0 0 2 2 2 15 6 6 6 47 14 14 14 111 27 27 27 207 85 64 37 255 189 126 46 255 242 164 52 255 245 180 55 255 193 149 52 255 87 72 40 255 27 27 27 207 14 14 14 111 6 6 6 47 2 2 2 15 0 0 0 0 0 0 0 0 0 0 0 0 
0 0 0 0 0 0 0 0 0 0 0 0 6 6 6 47 19 19 19 143 27 27 27 207 31 31 31 239 87 72 39 255 193 149 51 255 245 180 56 255 242 164 51 255 189 126 46 255 85 64 38 255 31 31 31 239 27 27 27 207 19 19 19 143 6 6 6 47 0 0 0 0 0 0 0 0 0 0 0 0 
0 0 0 0 0 0 0 0 0 0 0 0 8 8 8 63 25 25 25 191 46 40 34 255 72 54 36 255 112 85 41 255 168 135 50 255 193 149 51 255 189 126 45 255 161 101 41 255 110 74 38 255 72 54 36 255 46 40 34 255 25 25 25 191 8 8 8 63 0 0 0 0 0 0 0 0 0 0 0 0 
0 0 0 0 0 0 0 0 0 0 0 0 8 8 8 63 25 25 25 191 72 54 36 255 148 94 40 255 162 105 42 255 112 85 41 255 87 72 39 255 85 64 37 255 110 74 38 255 161 101 41 255 148 94 40 255 72 54 36 255 25 25 25 191 8 8 8 63 0 0 0 0 0 0 0 0 0 0 0 0 
0 0 0 0 0 0 0 0 0 0 0 0 6 6 6 47 19 19 19 143 65 47 29 207 146 92 38 239 156 106 42 255 94 88 41 255 58 76 41 255 49 70 42 255 79 79 43 255 151 103 43 255 146 92 38 239 65 47 29 207 19 19 19 143 6 6 6 47 0 0 0 0 0 0 0 0 0 0 0 0 
0 0 0 0 0 0 0 0 0 0 0 0 2 2 2 15 6 6 6 47 27 21 15 111 65 47 29 207 94 88 41 255 112 144 51 255 107 162 57 255 79 143 60 255 69 115 55 255 79 79 43 255 65 47 29 207 27 21 15 111 6 6 6 47 2 2 2 15 0 0 0 0 0 0 0 0 0 0 0 0 
0 0 0 0 0 0 0 0 0 0 0 0 0 0 0 0 0 0 0 0 8 8 8 63 25 25 25 191 63 79 41 255 121 171 55 255 132 205 64 255 94 179 68 255 64 133 61 255 44 67 43 255 25 25 25 191 8 8 8 63 0 0 0 0 0 0 0 0 0 0 0 0 0 0 0 0 0 0 0 0 
0 0 0 0 0 0 0 0 0 0 0 0 0 0 0 0 0 0 0 0 8 8 8 63 25 25 25 191 63 79 41 255 121 171 55 255 132 205 64 255 94 179 68 255 64 133 61 255 44 67 43 255 25 25 25 191 8 8 8 63 0 0 0 0 0 0 0 0 0 0 0 0 0 0 0 0 0 0 0 0 
0 0 0 0 0 0 0 0 0 0 0 0 2 2 2 15 6 6 6 47 27 21 15 111 65 47 29 207 94 88 41 255 112 144 51 255 107 162 57 255 78 143 60 255 69 115 55 255 79 79 43 255 65 47 29 207 27 21 15 111 6 6 6 47 2 2 2 15 0 0 0 0 0 0 0 0 0 0 0 0 
0 0 0 0 0 0 0 0 0 0 0 0 6 6 6 47 19 19 19 143 65 47 29 207 146 92 38 239 156 106 42 255 94 88 41 255 58 76 41 255 48 70 42 255 79 79 43 255 151 103 43 255 146 92 38 239 65 47 29 207 19 19 19 143 6 6 6 47 0 0 0 0 0 0 0 0 0 0 0 0 
0 0 0 0 0 0 0 0 0 0 0 0 8 8 8 63 25 25 25 191 72 54 36 255 148 94 40 255 146 92 38 239 65 47 29 207 25 25 25 191 25 25 25 191 65 47 29 207 146 92 38 239 148 94 40 255 72 54 36 255 25 25 25 191 8 8 8 63 0 0 0 0 0 0 0 0 0 0 0 0 
0 0 0 0 0 0 0 0 0 0 0 0 8 8 8 63 25 25 25 191 46 40 34 255 72 54 36 255 65 47 29 207 27 21 15 111 8 8 8 63 8 8 8 63 27 21 15 111 65 47 29 207 72 54 36 255 46 40 34 255 25 25 25 191 8 8 8 63 0 0 0 0 0 0 0 0 0 0 0 0 
0 0 0 0 0 0 0 0 0 0 0 0 8 8 8 63 25 25 25 191 46 40 34 255 72 54 36 255 65 47 29 207 27 21 15 111 8 8 8 63 8 8 8 63 27 21 15 111 65 47 29 207 72 54 36 255 46 40 34 255 25 25 25 191 8 8 8 63 0 0 0 0 0 0 0 0 0 0 0 0 
