43 44 44 255 43 44 44 255 61 65 66 255 61 65 66 255 43 44 44 255 43 44 44 255 61 65 66 255 71 76 77 255 71 76 77 255 75 79 79 255 84 84 82 255 88 87 84 255 88 87 84 255 68 67 65 207 28 28 27 111 28 28 27 111 
43 44 44 255 43 44 44 255 61 65 66 255 61 65 66 255 43 44 44 255 43 44 44 255 61 65 66 255 70 76 77 255 70 76 77 255 75 78 79 255 84 84 82 255 88 87 84 255 88 87 84 255 68 67 65 207 28 28 27 111 28 28 27 111 
61 65 66 255 61 65 66 255 117 129 131 255 117 129 131 255 61 65 66 255 61 65 66 255 117 129 131 255 144 160 163 255 144 160 163 255 158 168 169 255 184 185 180 255 198 193 186 255 198 193 186 255 155 151 146 239 68 67 65 207 68 67 65 207 
61 65 66 255 61 65 66 255 117 129 131 255 115 126 129 239 55 59 60 207 55 59 60 207 115 126 129 239 154 171 174 255 172 192 196 255 199 214 214 255 235 236 229 255 253 247 237 255 253 247 237 255 198 193 186 255 88 87 84 255 88 87 84 255 
43 44 44 255 43 44 44 255 61 65 66 255 55 59 60 207 24 25 25 111 24 25 25 111 55 59 60 207 98 107 109 255 154 171 174 255 199 214 214 255 235 236 229 255 253 247 237 255 253 247 237 255 198 193 186 255 88 87 84 255 88 87 84 255 
43 44 44 255 43 44 44 255 61 65 66 255 55 59 60 207 24 25 25 111 24 25 25 111 55 59 60 207 98 107 109 255 154 171 174 255 199 214 214 255 235 236 229 255 253 247 237 255 253 247 237 255 198 193 186 255 88 87 84 255 88 87 84 255 
61 65 66 255 61 65 66 255 117 129 131 255 115 126 129 239 55 59 60 207 55 59 60 207 115 126 129 239 154 171 174 255 172 192 196 255 199 214 214 255 235 236 229 255 253 247 237 255 253 247 237 255 198 193 186 255 88 87 84 255 88 87 84 255 
70 76 77 255 71 76 77 255 145 160 163 255 154 171 174 255 98 107 109 255 98 107 109 255 154 171 174 255 182 203 207 255 182 203 207 255 199 214 214 255 235 236 229 255 253 247 237 255 253 247 237 255 198 193 186 255 88 87 84 255 88 87 84 255 
70 76 77 255 71 76 77 255 145 160 163 255 172 192 196 255 154 171 174 255 154 171 174 255 172 192 196 255 182 202 207 255 182 202 207 255 199 214 214 255 235 236 229 255 253 247 237 255 253 247 237 255 198 193 186 255 88 87 84 255 88 87 84 255 
70 76 77 255 71 76 77 255 145 160 163 255 182 203 207 255 182 202 207 255 182 203 207 255 182 203 207 255 182 203 207 255 182 203 207 255 199 214 214 255 235 236 229 255 253 247 237 255 253 247 237 255 198 193 186 255 88 87 84 255 88 87 84 255 
70 76 77 255 71 76 77 255 145 160 163 255 182 202 207 255 182 202 207 255 182 202 207 255 182 202 207 255 182 202 207 255 182 202 207 255 199 214 214 255 235 236 229 255 253 247 237 255 253 247 237 255 198 193 186 255 88 87 84 255 88 87 84 255 
70 76 77 255 71 76 77 255 145 160 163 255 182 203 207 255 182 202 207 255 182 203 207 255 182 203 207 255 182 203 207 255 182 203 207 255 199 214 214 255 235 236 229 255 253 247 237 255 253 247 237 255 198 193 186 255 88 87 84 255 88 87 84 255 
70 76 77 255 71 76 77 255 145 160 163 255 182 203 207 255 182 202 207 255 182 203 207 255 182 203 207 255 182 203 207 255 182 203 207 255 199 214 214 255 235 236 229 255 253 247 237 255 253 247 237 255 198 193 186 255 88 87 84 255 88 87 84 255 
70 76 77 255 71 76 77 255 145 160 163 255 182 203 207 255 182 202 207 255 182 203 207 255 182 203 207 255 182 203 207 255 182 203 207 255 199 214 214 255 235 236 229 255 253 247 237 255 253 247 237 255 198 193 186 255 88 87 84 255 88 87 84 255 
70 76 77 255 71 76 77 255 145 160 163 255 182 203 207 255 182 202 207 255 182 203 207 255 182 203 207 255 182 203 207 255 182 203 207 255 199 214 214 255 235 236 229 255 253 247 237 255 253 247 237 255 198 193 186 255 88 87 84 255 88 87 84 255 
70 76 77 255 71 76 77 255 145 160 163 255 182 203 207 255 182 202 207 255 182 203 207 255 182 203 207 255 182 203 207 255 182 203 207 255 199 214 214 255 235 236 229 255 253 247 237 255 253 247 237 255 198 193 186 255 88 87 84 255 88 87 84 255 
70 76 77 255 71 76 77 255 145 160 163 255 182 203 207 255 182 202 207 255 182 203 207 255 182 203 207 255 182 203 207 255 182 203 207 255 199 214 214 255 235 236 229 255 253 247 237 255 253 247 237 255 198 193 186 255 88 87 84 255 88 87 84 255 
70 76 77 255 71 76 77 255 145 160 163 255 182 203 207 255 182 202 207 255 182 203 207 255 182 203 207 255 182 203 207 255 182 203 207 255 199 214 214 255 235 236 229 255 253 247 237 255 253 247 237 255 198 193 186 255 88 87 84 255 88 87 84 255 
70 76 77 255 71 76 77 255 145 160 163 255 182 203 207 255 182 202 207 255 182 203 207 255 182 203 207 255 182 203 207 255 182 203 207 255 199 214 214 255 235 236 229 255 253 247 237 255 253 247 237 255 198 193 186 255 88 87 84 255 88 87 84 255 
70 76 77 255 71 76 77 255 145 160 163 255 182 203 207 255 182 202 207 255 182 203 207 255 182 203 207 255 182 203 207 255 182 203 207 255 199 214 214 255 235 236 229 255 253 247 237 255 253 247 237 255 198 193 186 255 88 87 84 255 88 87 84 255 
70 76 77 255 71 76 77 255 145 160 163 255 182 203 207 255 182 202 207 255 182 203 207 255 182 203 207 255 182 203 207 255 182 203 207 255 199 214 214 255 235 236 229 255 253 247 237 255 253 247 237 255 198 193 186 255 88 87 84 255 88 87 84 255 
70 76 77 255 71 76 77 255 145 160 163 255 182 203 207 255 182 202 207 255 182 203 207 255 182 203 207 255 182 203 207 255 182 203 207 255 199 214 214 255 235 236 229 255 253 247 237 255 253 247 237 255 198 193 186 255 88 87 84 255 88 87 84 255 
70 76 77 255 71 76 77 255 145 160 163 255 182 203 207 255 182 202 207 255 182 203 207 255 182 203 207 255 182 203 207 255 182 203 207 255 199 214 214 255 235 236 229 255 253 247 237 255 253 247 237 255 198 193 186 255 88 87 84 255 88 87 84 255 
70 76 77 255 71 76 77 255 145 160 163 255 182 203 207 255 182 202 207 255 182 203 207 255 182 203 207 255 182 203 207 255 182 203 207 255 199 214 214 255 235 236 229 255 253 247 237 255 253 247 237 255 198 193 186 255 88 87 84 255 88 87 84 255 
70 76 77 255 71 76 77 255 145 160 163 255 182 202 207 255 182 202 207 255 182 202 207 255 182 202 207 255 182 202 207 255 182 202 207 255 199 214 214 255 235 236 229 255 253 247 237 255 253 247 237 255 198 193 186 255 88 87 84 255 88 87 84 255 
61 65 66 255 61 65 66 255 117 129 131 255 144 160 163 255 144 160 163 255 144 160 163 255 144 160 163 255 144 160 163 255 144 160 163 255 158 168 169 255 184 185 180 255 198 193 186 255 198 193 186 255 157 153 148 255 75 73 72 255 75 73 72 255 
43 44 44 255 43 44 44 255 61 65 66 255 70 76 77 255 70 76 77 255 70 76 77 255 70 76 77 255 70 76 77 255 70 76 77 255 75 78 79 255 84 84 82 255 88 87 84 255 88 87 84 255 75 73 72 255 47 47 46 255 47 47 46 255 
35 36 37 255 35 36 37 255 39 41 44 255 53 54 57 255 77 76 75 255 75 73 72 255 47 47 46 255 31 31 31 239 27 27 27 207 25 25 25 191 25 25 25 191 25 25 25 191 25 25 25 191 25 25 25 191 25 25 25 191 25 25 25 191 
39 41 44 255 39 41 44 255 51 55 64 255 92 95 103 255 163 160 158 255 157 153 148 255 75 73 72 255 27 27 27 207 14 14 14 111 8 8 8 63 8 8 8 63 8 8 8 63 8 8 8 63 8 8 8 63 8 8 8 63 8 8 8 63 
53 54 56 255 53 54 57 255 92 95 103 255 135 137 144 255 182 181 181 255 162 160 158 255 76 76 75 255 25 25 25 191 8 8 8 63 0 0 0 0 0 0 0 0 0 0 0 0 0 0 0 0 0 0 0 0 0 0 0 0 0 0 0 0 
76 76 75 255 77 76 75 255 163 160 158 255 182 181 181 255 135 137 144 255 92 95 102 255 53 54 56 255 25 25 25 191 8 8 8 63 0 0 0 0 0 0 0 0 0 0 0 0 0 0 0 0 0 0 0 0 0 0 0 0 0 0 0 0 
76 76 75 255 77 76 75 255 163 160 158 255 182 181 181 255 135 137 144 255 92 95 102 255 53 54 56 255 25 25 25 191 8 8 8 63 0 0 0 0 0 0 0 0 0 0 0 0 0 0 0 0 0 0 0 0 0 0 0 0 0 0 0 0 
53 54 56 255 53 54 57 255 92 95 103 255 135 137 144 255 182 181 181 255 162 160 158 255 76 76 75 255 25 25 25 191 8 8 8 63 0 0 0 0 0 0 0 0 0 0 0 0 0 0 0 0 0 0 0 0 0 0 0 0 0 0 0 0 
53 54 56 255 53 54 57 255 92 95 103 255 135 137 144 255 182 181 181 255 162 160 158 255 76 76 75 255 25 25 25 191 8 8 8 63 0 0 0 0 0 0 0 0 0 0 0 0 0 0 0 0 0 0 0 0 0 0 0 0 0 0 0 0 
76 76 75 255 77 76 75 255 163 160 158 255 182 181 181 255 135 137 144 255 92 95 102 255 53 54 56 255 25 25 25 191 8 8 8 63 0 0 0 0 0 0 0 0 0 0 0 0 0 0 0 0 0 0 0 0 0 0 0 0 0 0 0 0 
68 67 65 207 68 67 65 207 155 151 146 239 162 160 158 255 92 95 102 255 49 53 62 239 33 34 37 207 19 19 19 143 6 6 6 47 0 0 0 0 0 0 0 0 0 0 0 0 0 0 0 0 0 0 0 0 0 0 0 0 0 0 0 0 
28 28 27 111 28 28 27 111 68 67 65 207 76 76 75 255 53 54 56 255 33 34 37 207 16 17 18 111 6 6 6 47 2 2 2 15 0 0 0 0 0 0 0 0 0 0 0 0 0 0 0 0 0 0 0 0 0 0 0 0 0 0 0 0 
28 28 27 111 28 28 27 111 68 67 65 207 76 76 75 255 53 54 56 255 33 34 37 207 16 17 18 111 6 6 6 47 2 2 2 15 0 0 0 0 0 0 0 0 0 0 0 0 0 0 0 0 0 0 0 0 0 0 0 0 0 0 0 0 
