0 0 0 0 0 0 0 0 0 0 0 0 0 0 0 0 0 0 0 0 2 2 2 15 6 6 6 47 19 26 25 111 42 61 59 207 54 71 69 255 54 56 54 255 43 38 37 207 20 18 18 111 6 6 6 47 2 2 2 15 0 0 0 0 0 0 0 0 0 0 0 0 0 0 0 0 0 0 0 0 
0 0 0 0 0 0 0 0 0 0 0 0 0 0 0 0 0 0 0 0 2 2 2 15 6 6 6 47 19 26 25 111 42 61 59 207 54 71 69 255 54 56 54 255 43 38 37 207 20 18 18 111 6 6 6 47 2 2 2 15 0 0 0 0 0 0 0 0 0 0 0 0 0 0 0 0 0 0 0 0 
0 0 0 0 0 0 0 0 0 0 0 0 0 0 0 0 0 0 0 0 6 6 6 47 19 19 19 143 42 61 59 207 76 133 128 239 94 146 140 255 96 100 94 255 79 64 60 239 43 38 37 207 19 19 19 143 6 6 6 47 0 0 0 0 0 0 0 0 0 0 0 0 0 0 0 0 0 0 0 0 
0 0 0 0 0 0 0 0 0 0 0 0 2 2 2 15 6 6 6 47 19 26 25 111 42 61 59 207 68 112 109 255 98 180 173 255 123 193 185 255 142 151 143 255 128 110 103 255 79 69 65 255 43 38 37 207 20 18 18 111 6 6 6 47 2 2 2 15 0 0 0 0 0 0 0 0 0 0 0 0 
0 0 0 0 0 0 0 0 0 0 0 0 6 6 6 47 19 19 19 143 42 61 59 207 76 133 128 239 98 180 173 255 108 202 195 255 140 212 204 255 193 209 200 255 189 175 167 255 128 110 103 255 79 64 60 239 43 38 37 207 19 19 19 143 6 6 6 47 0 0 0 0 0 0 0 0 0 0 0 0 
0 0 0 0 0 0 0 0 0 0 0 0 8 8 8 63 25 25 25 191 51 69 67 255 86 139 135 255 106 184 178 255 111 204 196 255 148 222 213 255 218 238 229 255 219 208 198 255 152 130 123 255 97 77 72 255 55 48 46 255 25 25 25 191 8 8 8 63 0 0 0 0 0 0 0 0 0 0 0 0 
0 0 0 0 0 0 0 0 0 0 0 0 8 8 8 63 25 25 25 191 46 49 49 255 70 81 79 255 90 126 122 255 106 184 178 255 148 222 213 255 218 238 229 255 219 208 198 255 152 130 123 255 97 77 72 255 55 48 46 255 25 25 25 191 8 8 8 63 0 0 0 0 0 0 0 0 0 0 0 0 
0 0 0 0 0 0 0 0 0 0 0 0 8 8 8 63 25 25 25 191 46 49 49 255 70 81 79 255 90 126 122 255 106 184 178 255 148 222 213 255 218 238 229 255 219 208 198 255 152 130 123 255 97 77 72 255 55 48 46 255 25 25 25 191 8 8 8 63 0 0 0 0 0 0 0 0 0 0 0 0 
0 0 0 0 0 0 0 0 0 0 0 0 8 8 8 63 25 25 25 191 51 69 67 255 86 139 135 255 106 184 178 255 111 204 196 255 148 222 213 255 218 238 229 255 219 208 198 255 152 130 123 255 97 77 72 255 55 48 46 255 25 25 25 191 8 8 8 63 0 0 0 0 0 0 0 0 0 0 0 0 
0 0 0 0 0 0 0 0 0 0 0 0 8 8 8 63 25 25 25 191 51 69 67 255 86 139 135 255 106 184 178 255 111 204 196 255 140 212 204 255 193 209 200 255 194 179 170 255 144 121 113 255 97 77 72 255 55 48 46 255 25 25 25 191 8 8 8 63 0 0 0 0 0 0 0 0 0 0 0 0 
0 0 0 0 0 0 0 0 0 0 0 0 8 8 8 63 25 25 25 191 46 49 49 255 70 81 79 255 90 126 122 255 106 184 178 255 123 193 185 255 142 151 143 255 144 121 113 255 127 101 94 255 97 77 72 255 55 48 46 255 25 25 25 191 8 8 8 63 0 0 0 0 0 0 0 0 0 0 0 0 
0 0 0 0 0 0 0 0 0 0 0 0 8 8 8 63 25 25 25 191 43 40 40 255 62 52 52 255 82 97 95 255 103 175 169 255 123 193 185 255 142 151 143 255 152 130 122 255 152 130 122 255 122 106 100 255 63 58 56 255 25 25 25 191 8 8 8 63 0 0 0 0 0 0 0 0 0 0 0 0 
0 0 0 0 0 0 0 0 0 0 0 0 8 8 8 63 25 25 25 191 43 40 40 255 62 52 52 255 82 97 95 255 103 175 169 255 140 212 204 255 193 209 200 255 219 208 198 255 219 208 198 255 173 164 157 255 80 77 75 255 25 25 25 191 8 8 8 63 0 0 0 0 0 0 0 0 0 0 0 0 
0 0 0 0 0 0 0 0 0 0 0 0 8 8 8 63 25 25 25 191 46 49 49 255 70 81 79 255 90 126 122 255 106 184 178 255 148 222 213 255 218 238 229 255 244 237 227 255 227 217 208 255 173 164 157 255 80 77 75 255 25 25 25 191 8 8 8 63 0 0 0 0 0 0 0 0 0 0 0 0 
0 0 0 0 0 0 0 0 0 0 0 0 8 8 8 63 25 25 25 191 51 69 67 255 86 139 135 255 106 184 178 255 111 204 196 255 148 222 213 255 218 238 229 255 227 217 208 255 177 159 151 255 122 106 100 255 63 58 56 255 25 25 25 191 8 8 8 63 0 0 0 0 0 0 0 0 0 0 0 0 
0 0 0 0 0 0 0 0 0 0 0 0 8 8 8 63 25 25 25 191 54 79 77 255 94 169 163 255 113 214 206 255 113 214 206 255 140 212 204 255 193 209 200 255 194 179 170 255 144 121 113 255 97 77 72 255 55 48 46 255 25 25 25 191 8 8 8 63 0 0 0 0 0 0 0 0 0 0 0 0 
0 0 0 0 0 0 0 0 0 0 0 0 8 8 8 63 25 25 25 191 54 79 77 255 94 169 163 255 113 214 206 255 113 213 206 255 123 193 185 255 142 151 143 255 144 121 113 255 127 101 94 255 97 77 72 255 55 48 46 255 25 25 25 191 8 8 8 63 0 0 0 0 0 0 0 0 0 0 0 0 
0 0 0 0 0 0 0 0 0 0 0 0 8 8 8 63 25 25 25 191 51 69 67 255 86 139 135 255 106 184 178 255 111 204 196 255 123 193 185 255 142 151 143 255 152 130 122 255 152 130 122 255 122 106 100 255 63 58 56 255 25 25 25 191 8 8 8 63 0 0 0 0 0 0 0 0 0 0 0 0 
0 0 0 0 0 0 0 0 0 0 0 0 8 8 8 63 25 25 25 191 46 49 49 255 70 81 79 255 90 126 122 255 106 184 178 255 140 212 204 255 193 209 200 255 219 208 198 255 219 208 198 255 173 164 157 255 80 77 75 255 25 25 25 191 8 8 8 63 0 0 0 0 0 0 0 0 0 0 0 0 
0 0 0 0 0 0 0 0 0 0 0 0 8 8 8 63 25 25 25 191 46 49 49 255 70 81 79 255 90 126 122 255 106 184 178 255 148 222 213 255 218 238 229 255 244 237 227 255 227 217 208 255 173 164 157 255 80 77 75 255 25 25 25 191 8 8 8 63 0 0 0 0 0 0 0 0 0 0 0 0 
0 0 0 0 0 0 0 0 0 0 0 0 8 8 8 63 25 25 25 191 51 69 67 255 86 139 135 255 106 184 178 255 111 204 196 255 148 222 213 255 218 238 229 255 227 217 208 255 177 159 151 255 122 106 100 255 63 58 56 255 25 25 25 191 8 8 8 63 0 0 0 0 0 0 0 0 0 0 0 0 
0 0 0 0 0 0 0 0 0 0 0 0 8 8 8 63 25 25 25 191 54 79 77 255 94 169 163 255 113 214 206 255 113 214 206 255 148 222 213 255 218 238 229 255 227 217 208 255 177 159 151 255 122 106 100 255 63 58 56 255 25 25 25 191 8 8 8 63 0 0 0 0 0 0 0 0 0 0 0 0 
0 0 0 0 0 0 0 0 0 0 0 0 8 8 8 63 25 25 25 191 54 79 77 255 94 169 163 255 113 214 206 255 113 214 206 255 148 222 213 255 218 238 229 255 244 237 227 255 227 217 208 255 173 164 157 255 80 77 75 255 25 25 25 191 8 8 8 63 0 0 0 0 0 0 0 0 0 0 0 0 
0 0 0 0 0 0 0 0 0 0 0 0 8 8 8 63 25 25 25 191 51 69 67 255 86 139 135 255 103 175 169 255 103 175 169 255 132 183 176 255 190 200 191 255 219 208 199 255 219 208 199 255 173 164 157 255 80 77 75 255 25 25 25 191 8 8 8 63 0 0 0 0 0 0 0 0 0 0 0 0 
0 0 0 0 0 0 0 0 0 0 0 0 8 8 8 63 25 25 25 191 46 49 49 255 70 81 79 255 82 97 95 255 82 97 95 255 100 106 102 255 135 122 116 255 152 130 123 255 152 130 123 255 122 106 100 255 63 58 56 255 25 25 25 191 8 8 8 63 0 0 0 0 0 0 0 0 0 0 0 0 
8 8 8 63 8 8 8 63 8 8 8 63 14 14 14 111 27 27 27 207 41 38 38 255 55 48 47 255 62 52 52 255 62 52 52 255 71 58 57 255 88 71 67 255 97 77 72 255 97 77 72 255 81 66 62 255 49 44 43 255 27 27 27 207 14 14 14 111 8 8 8 63 8 8 8 63 8 8 8 63 
25 25 25 191 25 25 25 191 25 25 25 191 27 27 27 207 31 31 31 239 36 35 35 255 41 38 38 255 43 40 40 255 43 40 40 255 46 42 41 255 52 46 45 255 55 48 46 255 55 48 46 255 49 44 43 255 39 37 37 255 31 31 31 239 27 27 27 207 25 25 25 191 25 25 25 191 25 25 25 191 
37 42 41 255 37 42 41 255 43 59 55 255 46 67 62 255 46 67 62 255 46 67 62 255 46 67 62 255 45 60 56 255 44 47 45 255 44 47 45 255 45 60 56 255 46 67 62 255 46 67 62 255 45 60 56 255 44 47 45 255 43 40 39 255 43 40 39 255 41 38 38 255 36 35 35 255 36 35 35 255 
43 59 55 255 43 59 55 255 62 109 98 255 72 134 119 255 72 134 119 255 72 134 119 255 72 134 119 255 69 114 102 255 64 73 68 255 64 73 68 255 69 114 102 255 72 134 119 255 72 134 119 255 69 114 102 255 64 73 68 255 62 52 52 255 62 52 52 255 55 48 47 255 41 38 38 255 41 38 38 255 
37 52 48 207 37 52 49 207 60 107 96 239 72 134 119 255 72 134 119 255 72 134 119 255 72 134 119 255 69 114 102 255 64 73 68 255 64 73 68 255 69 114 102 255 72 134 119 255 72 134 119 255 69 114 102 255 64 73 68 255 62 52 52 255 62 52 52 255 53 45 45 239 34 32 32 207 34 32 32 207 
18 23 21 111 18 23 22 111 37 52 49 207 46 67 62 255 46 67 62 255 46 67 62 255 46 67 62 255 45 60 56 255 44 47 45 255 44 47 45 255 45 60 56 255 46 67 62 255 46 67 62 255 45 60 56 255 44 47 45 255 43 40 40 255 43 40 40 255 34 32 32 207 17 16 16 111 17 16 16 111 
6 6 6 47 6 6 6 47 19 19 19 143 25 25 25 191 25 25 25 191 27 27 27 207 31 31 31 239 37 42 41 255 43 59 55 255 45 60 56 255 44 47 45 255 41 38 38 255 36 35 35 255 31 31 31 239 27 27 27 207 25 25 25 191 25 25 25 191 19 19 19 143 6 6 6 47 6 6 6 47 
2 2 2 15 2 2 2 15 6 6 6 47 8 8 8 63 8 8 8 63 14 14 14 111 27 27 27 207 43 59 55 255 62 109 98 255 69 114 102 255 64 73 68 255 55 48 47 255 41 38 38 255 27 27 27 207 14 14 14 111 8 8 8 63 8 8 8 63 6 6 6 47 2 2 2 15 2 2 2 15 
0 0 0 0 0 0 0 0 0 0 0 0 0 0 0 0 0 0 0 0 8 8 8 63 25 25 25 191 48 70 66 255 77 143 130 255 87 156 141 255 79 109 100 255 64 73 68 255 44 47 45 255 25 25 25 191 8 8 8 63 0 0 0 0 0 0 0 0 0 0 0 0 0 0 0 0 0 0 0 0 
0 0 0 0 0 0 0 0 0 0 0 0 0 0 0 0 0 0 0 0 8 8 8 63 25 25 25 191 52 76 73 255 88 160 152 255 100 187 174 255 87 156 141 255 69 114 102 255 45 60 56 255 25 25 25 191 8 8 8 63 0 0 0 0 0 0 0 0 0 0 0 0 0 0 0 0 0 0 0 0 
0 0 0 0 0 0 0 0 0 0 0 0 0 0 0 0 0 0 0 0 8 8 8 63 25 25 25 191 52 76 73 255 88 160 152 255 103 196 184 255 95 185 169 255 77 143 130 255 48 70 66 255 25 25 25 191 8 8 8 63 0 0 0 0 0 0 0 0 0 0 0 0 0 0 0 0 0 0 0 0 
0 0 0 0 0 0 0 0 0 0 0 0 0 0 0 0 0 0 0 0 8 8 8 63 25 25 25 191 48 70 66 255 77 143 130 255 95 185 169 255 103 196 184 255 88 160 152 255 52 76 73 255 25 25 25 191 8 8 8 63 0 0 0 0 0 0 0 0 0 0 0 0 0 0 0 0 0 0 0 0 
0 0 0 0 0 0 0 0 0 0 0 0 0 0 0 0 0 0 0 0 8 8 8 63 25 25 25 191 48 70 66 255 77 143 130 255 95 185 169 255 103 196 184 255 88 160 152 255 52 76 73 255 25 25 25 191 8 8 8 63 0 0 0 0 0 0 0 0 0 0 0 0 0 0 0 0 0 0 0 0 
0 0 0 0 0 0 0 0 0 0 0 0 0 0 0 0 0 0 0 0 8 8 8 63 25 25 25 191 52 76 73 255 88 160 152 255 103 196 184 255 95 185 169 255 77 143 130 255 48 70 66 255 25 25 25 191 8 8 8 63 0 0 0 0 0 0 0 0 0 0 0 0 0 0 0 0 0 0 0 0 
0 0 0 0 0 0 0 0 0 0 0 0 0 0 0 0 0 0 0 0 6 6 6 47 19 19 19 143 42 61 59 207 76 133 128 239 88 160 152 255 77 143 130 255 60 107 95 239 37 52 48 207 19 19 19 143 6 6 6 47 0 0 0 0 0 0 0 0 0 0 0 0 0 0 0 0 0 0 0 0 
0 0 0 0 0 0 0 0 0 0 0 0 0 0 0 0 0 0 0 0 2 2 2 15 6 6 6 47 19 26 25 111 42 61 59 207 52 76 73 255 48 70 66 255 37 52 48 207 18 23 22 111 6 6 6 47 2 2 2 15 0 0 0 0 0 0 0 0 0 0 0 0 0 0 0 0 0 0 0 0 
0 0 0 0 0 0 0 0 0 0 0 0 0 0 0 0 0 0 0 0 2 2 2 15 6 6 6 47 19 26 25 111 42 61 59 207 52 76 73 255 48 70 66 255 37 52 49 207 18 23 22 111 6 6 6 47 2 2 2 15 0 0 0 0 0 0 0 0 0 0 0 0 0 0 0 0 0 0 0 0 
