0 0 0 0 0 0 0 0 0 0 0 0 8 8 8 63 25 25 25 191 39 45 44 255 49 67 66 255 54 79 77 255 54 79 77 255 62 81 78 255 80 85 82 255 68 67 65 207 28 28 27 111 6 6 6 47 2 2 2 15 0 0 0 0 0 0 0 0 0 0 0 0 0 0 0 0 0 0 0 0 
0 0 0 0 0 0 0 0 0 0 0 0 8 8 8 63 25 25 25 191 38 45 44 255 48 67 66 255 53 78 76 255 53 78 76 255 62 81 78 255 80 85 82 255 68 67 65 207 28 28 27 111 6 6 6 47 2 2 2 15 0 0 0 0 0 0 0 0 0 0 0 0 0 0 0 0 0 0 0 0 
0 0 0 0 0 0 0 0 0 0 0 0 8 8 8 63 25 25 25 191 49 67 66 255 78 135 130 255 93 168 162 255 93 168 162 255 120 175 168 255 172 187 180 255 155 151 146 239 68 67 65 207 19 19 19 143 6 6 6 47 0 0 0 0 0 0 0 0 0 0 0 0 0 0 0 0 0 0 0 0 
0 0 0 0 0 0 0 0 0 0 0 0 8 8 8 63 25 25 25 191 54 79 77 255 94 169 163 255 113 213 206 255 113 214 206 255 148 222 213 255 218 238 229 255 211 207 198 255 129 127 122 255 68 67 65 207 28 28 27 111 6 6 6 47 2 2 2 15 0 0 0 0 0 0 0 0 0 0 0 0 
0 0 0 0 0 0 0 0 0 0 0 0 8 8 8 63 25 25 25 191 54 79 77 255 94 169 163 255 113 213 206 255 113 214 206 255 148 222 213 255 218 238 229 255 239 233 224 255 211 207 198 255 155 151 146 239 68 67 65 207 19 19 19 143 6 6 6 47 0 0 0 0 0 0 0 0 0 0 0 0 
0 0 0 0 0 0 0 0 0 0 0 0 8 8 8 63 25 25 25 191 54 79 77 255 94 169 163 255 113 213 206 255 113 214 206 255 148 222 213 255 218 238 229 255 253 247 237 255 253 247 237 255 198 193 186 255 88 87 84 255 25 25 25 191 8 8 8 63 0 0 0 0 0 0 0 0 0 0 0 0 
0 0 0 0 0 0 0 0 0 0 0 0 8 8 8 63 25 25 25 191 54 79 77 255 94 169 163 255 113 213 206 255 113 214 206 255 148 222 213 255 218 238 229 255 253 247 237 255 253 247 237 255 198 193 186 255 88 87 84 255 25 25 25 191 8 8 8 63 0 0 0 0 0 0 0 0 0 0 0 0 
0 0 0 0 0 0 0 0 0 0 0 0 8 8 8 63 25 25 25 191 54 79 77 255 94 169 163 255 113 213 206 255 113 213 206 255 148 222 213 255 218 238 229 255 253 246 237 255 253 246 237 255 198 193 186 255 88 87 84 255 25 25 25 191 8 8 8 63 0 0 0 0 0 0 0 0 0 0 0 0 
0 0 0 0 0 0 0 0 0 0 0 0 8 8 8 63 25 25 25 191 54 79 77 255 94 169 163 255 113 213 206 255 113 214 206 255 148 222 213 255 218 238 229 255 253 247 237 255 253 247 237 255 198 193 186 255 88 87 84 255 25 25 25 191 8 8 8 63 0 0 0 0 0 0 0 0 0 0 0 0 
0 0 0 0 0 0 0 0 0 0 0 0 8 8 8 63 25 25 25 191 54 79 77 255 94 169 163 255 113 213 206 255 113 213 206 255 148 222 213 255 218 238 229 255 253 246 237 255 253 246 237 255 198 193 186 255 88 87 84 255 25 25 25 191 8 8 8 63 0 0 0 0 0 0 0 0 0 0 0 0 
0 0 0 0 0 0 0 0 0 0 0 0 8 8 8 63 25 25 25 191 54 79 77 255 94 169 163 255 113 213 206 255 113 214 206 255 148 222 213 255 218 238 229 255 253 247 237 255 253 247 237 255 198 193 186 255 88 87 84 255 25 25 25 191 8 8 8 63 0 0 0 0 0 0 0 0 0 0 0 0 
0 0 0 0 0 0 0 0 0 0 0 0 8 8 8 63 25 25 25 191 54 79 77 255 94 169 163 255 113 213 206 255 113 213 206 255 148 222 213 255 218 238 229 255 253 246 237 255 253 246 237 255 198 193 186 255 88 87 84 255 25 25 25 191 8 8 8 63 0 0 0 0 0 0 0 0 0 0 0 0 
0 0 0 0 0 0 0 0 0 0 0 0 8 8 8 63 25 25 25 191 54 79 77 255 94 169 163 255 113 213 206 255 113 214 206 255 148 222 213 255 218 238 229 255 253 247 237 255 253 247 237 255 198 193 186 255 88 87 84 255 25 25 25 191 8 8 8 63 0 0 0 0 0 0 0 0 0 0 0 0 
0 0 0 0 0 0 0 0 0 0 0 0 8 8 8 63 25 25 25 191 54 79 77 255 94 169 163 255 113 213 206 255 113 214 206 255 148 222 213 255 218 238 229 255 253 247 237 255 253 247 237 255 198 193 186 255 88 87 84 255 25 25 25 191 8 8 8 63 0 0 0 0 0 0 0 0 0 0 0 0 
0 0 0 0 0 0 0 0 0 0 0 0 8 8 8 63 25 25 25 191 54 79 77 255 94 169 163 255 113 213 206 255 113 214 206 255 148 222 213 255 218 238 229 255 253 247 237 255 253 247 237 255 198 193 186 255 88 87 84 255 25 25 25 191 8 8 8 63 0 0 0 0 0 0 0 0 0 0 0 0 
0 0 0 0 0 0 0 0 0 0 0 0 6 6 6 47 19 19 19 143 42 61 59 207 76 133 128 239 99 180 173 255 109 202 195 255 148 222 213 255 218 238 229 255 253 247 237 255 253 247 237 255 198 193 186 255 88 87 84 255 25 25 25 191 8 8 8 63 0 0 0 0 0 0 0 0 0 0 0 0 
0 0 0 0 0 0 0 0 0 0 0 0 2 2 2 15 6 6 6 47 19 26 25 111 42 61 59 207 69 112 109 255 99 180 173 255 148 222 213 255 218 238 229 255 253 247 237 255 253 247 237 255 198 193 186 255 88 87 84 255 25 25 25 191 8 8 8 63 0 0 0 0 0 0 0 0 0 0 0 0 
0 0 0 0 0 0 0 0 0 0 0 0 2 2 2 15 6 6 6 47 19 26 25 111 42 61 59 207 69 112 109 255 99 180 173 255 148 222 213 255 218 238 229 255 253 247 237 255 253 247 237 255 198 193 186 255 88 87 84 255 25 25 25 191 8 8 8 63 0 0 0 0 0 0 0 0 0 0 0 0 
0 0 0 0 0 0 0 0 0 0 0 0 6 6 6 47 19 19 19 143 42 61 59 207 76 133 128 239 98 180 173 255 109 202 195 255 148 222 213 255 218 238 229 255 253 247 237 255 253 247 237 255 198 193 186 255 88 87 84 255 25 25 25 191 8 8 8 63 0 0 0 0 0 0 0 0 0 0 0 0 
0 0 0 0 0 0 0 0 0 0 0 0 6 6 6 47 19 19 19 143 42 61 59 207 76 133 128 239 99 180 173 255 109 202 195 255 148 222 213 255 218 238 229 255 253 247 237 255 253 247 237 255 198 193 186 255 88 87 84 255 25 25 25 191 8 8 8 63 0 0 0 0 0 0 0 0 0 0 0 0 
0 0 0 0 0 0 0 0 0 0 0 0 2 2 2 15 6 6 6 47 19 26 25 111 42 61 59 207 69 112 109 255 99 180 173 255 148 222 213 255 218 238 229 255 253 247 237 255 253 247 237 255 198 193 186 255 88 87 84 255 25 25 25 191 8 8 8 63 0 0 0 0 0 0 0 0 0 0 0 0 
0 0 0 0 0 0 0 0 0 0 0 0 2 2 2 15 6 6 6 47 19 26 25 111 42 61 59 207 69 112 109 255 99 180 173 255 148 222 213 255 218 238 229 255 253 247 237 255 253 247 237 255 198 193 186 255 88 87 84 255 25 25 25 191 8 8 8 63 0 0 0 0 0 0 0 0 0 0 0 0 
0 0 0 0 0 0 0 0 0 0 0 0 6 6 6 47 19 19 19 143 42 61 59 207 76 133 128 239 98 180 173 255 109 202 195 255 148 222 213 255 218 238 229 255 253 247 237 255 253 247 237 255 198 193 186 255 88 87 84 255 25 25 25 191 8 8 8 63 0 0 0 0 0 0 0 0 0 0 0 0 
0 0 0 0 0 0 0 0 0 0 0 0 6 6 6 47 19 19 19 143 42 61 59 207 76 133 128 239 99 180 173 255 109 202 195 255 148 222 213 255 218 238 229 255 253 247 237 255 253 247 237 255 198 193 186 255 88 87 84 255 25 25 25 191 8 8 8 63 0 0 0 0 0 0 0 0 0 0 0 0 
0 0 0 0 0 0 0 0 0 0 0 0 2 2 2 15 6 6 6 47 19 26 25 111 42 61 59 207 69 112 109 255 99 180 173 255 148 222 213 255 218 238 229 255 253 247 237 255 253 247 237 255 198 193 186 255 88 87 84 255 25 25 25 191 8 8 8 63 0 0 0 0 0 0 0 0 0 0 0 0 
0 0 0 0 0 0 0 0 0 0 0 0 2 2 2 15 6 6 6 47 19 26 25 111 42 61 59 207 69 112 109 255 99 180 173 255 148 222 213 255 218 238 229 255 253 247 237 255 253 247 237 255 198 193 186 255 88 87 84 255 25 25 25 191 8 8 8 63 0 0 0 0 0 0 0 0 0 0 0 0 
0 0 0 0 0 0 0 0 0 0 0 0 6 6 6 47 19 19 19 143 42 61 59 207 76 133 128 239 99 180 173 255 109 202 195 255 148 222 213 255 218 238 229 255 253 247 237 255 253 247 237 255 198 193 186 255 88 87 84 255 25 25 25 191 8 8 8 63 0 0 0 0 0 0 0 0 0 0 0 0 
0 0 0 0 0 0 0 0 0 0 0 0 8 8 8 63 25 25 25 191 49 67 66 255 79 135 130 255 99 180 173 255 109 202 195 255 148 222 213 255 218 238 229 255 253 247 237 255 253 247 237 255 198 193 186 255 88 87 84 255 25 25 25 191 8 8 8 63 0 0 0 0 0 0 0 0 0 0 0 0 
0 0 0 0 0 0 0 0 0 0 0 0 8 8 8 63 25 25 25 191 39 45 44 255 49 67 66 255 69 112 109 255 99 180 173 255 148 222 213 255 218 238 229 255 253 247 237 255 253 247 237 255 198 193 186 255 88 87 84 255 25 25 25 191 8 8 8 63 0 0 0 0 0 0 0 0 0 0 0 0 
0 0 0 0 0 0 0 0 0 0 0 0 8 8 8 63 25 25 25 191 39 45 44 255 49 67 66 255 69 112 109 255 99 180 173 255 148 222 213 255 218 238 229 255 253 247 237 255 253 247 237 255 198 193 186 255 88 87 84 255 25 25 25 191 8 8 8 63 0 0 0 0 0 0 0 0 0 0 0 0 
0 0 0 0 0 0 0 0 0 0 0 0 8 8 8 63 25 25 25 191 49 67 66 255 79 135 130 255 99 180 173 255 109 202 195 255 148 222 213 255 218 238 229 255 253 247 237 255 253 247 237 255 198 193 186 255 88 87 84 255 25 25 25 191 8 8 8 63 0 0 0 0 0 0 0 0 0 0 0 0 
8 8 8 63 8 8 8 63 8 8 8 63 14 14 14 111 27 27 27 207 54 79 77 255 94 169 163 255 113 213 206 255 113 214 206 255 148 222 213 255 218 238 229 255 253 247 237 255 253 247 237 255 198 193 186 255 88 87 84 255 27 27 27 207 14 14 14 111 8 8 8 63 8 8 8 63 8 8 8 63 
25 25 25 191 25 25 25 191 25 25 25 191 27 27 27 207 31 31 31 239 54 79 77 255 94 169 163 255 113 213 206 255 113 214 206 255 148 222 213 255 218 238 229 255 253 247 237 255 253 247 237 255 198 193 186 255 88 87 84 255 31 31 31 239 27 27 27 207 25 25 25 191 25 25 25 191 25 25 25 191 
35 37 39 255 35 37 39 255 38 45 50 255 38 45 50 255 35 37 39 255 49 67 66 255 79 135 130 255 93 169 163 255 93 169 163 255 120 175 168 255 172 187 180 255 198 193 186 255 198 193 186 255 157 153 148 255 75 73 72 255 35 37 39 255 38 45 50 255 38 45 50 255 35 37 39 255 35 37 39 255 
38 45 50 255 38 45 50 255 46 68 84 255 46 68 84 255 38 45 50 255 39 45 44 255 49 67 66 255 54 79 77 255 54 79 77 255 62 81 78 255 80 85 82 255 88 87 84 255 88 87 84 255 75 73 72 255 47 47 46 255 38 45 50 255 46 68 84 255 46 68 84 255 38 45 50 255 38 45 50 255 
39 49 56 255 39 49 56 255 50 80 101 255 51 84 107 255 43 61 73 255 39 49 56 255 39 49 56 255 39 49 56 255 39 49 56 255 39 49 56 255 39 49 56 255 39 49 56 255 39 49 56 255 39 49 56 255 39 49 56 255 43 61 73 255 51 84 107 255 50 80 101 255 39 49 56 255 39 49 56 255 
39 49 56 255 39 49 56 255 50 80 101 255 54 92 118 255 51 84 107 255 50 80 101 255 50 80 101 255 50 80 101 255 50 80 101 255 50 80 101 255 50 80 101 255 50 80 101 255 50 80 101 255 50 80 101 255 50 80 101 255 51 84 107 255 54 92 118 255 50 80 101 255 39 49 56 255 39 49 56 255 
31 39 44 207 31 39 44 207 44 66 82 239 50 80 101 255 50 80 101 255 50 80 101 255 50 80 101 255 50 80 101 255 50 80 101 255 50 80 101 255 50 80 101 255 50 80 101 255 50 80 101 255 50 80 101 255 50 80 101 255 50 80 101 255 50 80 101 255 44 66 82 239 31 39 44 207 31 39 44 207 
16 18 20 111 16 18 20 111 31 39 44 207 39 49 56 255 39 49 56 255 39 49 56 255 39 49 56 255 39 49 56 255 39 49 56 255 39 49 56 255 39 49 56 255 39 49 56 255 39 49 56 255 39 49 56 255 39 49 56 255 39 49 56 255 39 49 56 255 31 39 44 207 16 18 20 111 16 18 20 111 
6 6 6 47 6 6 6 47 19 19 19 143 25 25 25 191 25 25 25 191 27 27 27 207 31 31 31 239 37 42 41 255 43 59 55 255 48 70 66 255 52 76 73 255 48 67 66 255 38 45 44 255 31 31 31 239 27 27 27 207 25 25 25 191 25 25 25 191 19 19 19 143 6 6 6 47 6 6 6 47 
2 2 2 15 2 2 2 15 6 6 6 47 8 8 8 63 8 8 8 63 14 14 14 111 27 27 27 207 43 59 55 255 62 109 98 255 77 143 130 255 88 160 152 255 78 135 130 255 48 67 66 255 27 27 27 207 14 14 14 111 8 8 8 63 8 8 8 63 6 6 6 47 2 2 2 15 2 2 2 15 
0 0 0 0 0 0 0 0 0 0 0 0 0 0 0 0 0 0 0 0 8 8 8 63 25 25 25 191 48 70 66 255 77 143 130 255 95 185 169 255 103 196 184 255 88 160 152 255 52 76 73 255 25 25 25 191 8 8 8 63 0 0 0 0 0 0 0 0 0 0 0 0 0 0 0 0 0 0 0 0 
0 0 0 0 0 0 0 0 0 0 0 0 0 0 0 0 0 0 0 0 8 8 8 63 25 25 25 191 52 76 73 255 88 160 152 255 103 196 184 255 95 185 169 255 77 143 130 255 48 70 66 255 25 25 25 191 8 8 8 63 0 0 0 0 0 0 0 0 0 0 0 0 0 0 0 0 0 0 0 0 
0 0 0 0 0 0 0 0 0 0 0 0 0 0 0 0 0 0 0 0 8 8 8 63 25 25 25 191 52 76 73 255 88 160 152 255 103 196 184 255 95 185 169 255 77 143 130 255 48 70 66 255 25 25 25 191 8 8 8 63 0 0 0 0 0 0 0 0 0 0 0 0 0 0 0 0 0 0 0 0 
0 0 0 0 0 0 0 0 0 0 0 0 0 0 0 0 0 0 0 0 8 8 8 63 25 25 25 191 48 70 66 255 77 143 130 255 95 185 169 255 103 196 184 255 88 160 152 255 52 76 73 255 25 25 25 191 8 8 8 63 0 0 0 0 0 0 0 0 0 0 0 0 0 0 0 0 0 0 0 0 
0 0 0 0 0 0 0 0 0 0 0 0 0 0 0 0 0 0 0 0 8 8 8 63 25 25 25 191 48 70 66 255 77 143 130 255 95 185 169 255 103 196 184 255 88 160 152 255 52 76 73 255 25 25 25 191 8 8 8 63 0 0 0 0 0 0 0 0 0 0 0 0 0 0 0 0 0 0 0 0 
0 0 0 0 0 0 0 0 0 0 0 0 0 0 0 0 0 0 0 0 8 8 8 63 25 25 25 191 52 76 73 255 88 160 152 255 103 196 184 255 95 185 169 255 77 143 130 255 48 70 66 255 25 25 25 191 8 8 8 63 0 0 0 0 0 0 0 0 0 0 0 0 0 0 0 0 0 0 0 0 
0 0 0 0 0 0 0 0 0 0 0 0 0 0 0 0 0 0 0 0 6 6 6 47 19 19 19 143 42 61 59 207 76 133 128 239 88 160 152 255 77 143 130 255 60 107 95 239 37 52 48 207 19 19 19 143 6 6 6 47 0 0 0 0 0 0 0 0 0 0 0 0 0 0 0 0 0 0 0 0 
0 0 0 0 0 0 0 0 0 0 0 0 0 0 0 0 0 0 0 0 2 2 2 15 6 6 6 47 19 26 25 111 42 61 59 207 52 76 73 255 48 70 66 255 37 52 48 207 18 23 21 111 6 6 6 47 2 2 2 15 0 0 0 0 0 0 0 0 0 0 0 0 0 0 0 0 0 0 0 0 
0 0 0 0 0 0 0 0 0 0 0 0 0 0 0 0 0 0 0 0 2 2 2 15 6 6 6 47 19 26 25 111 42 61 59 207 52 76 73 255 48 70 66 255 37 52 49 207 18 23 22 111 6 6 6 47 2 2 2 15 0 0 0 0 0 0 0 0 0 0 0 0 0 0 0 0 0 0 0 0 
