8 8 8 63 8 8 8 63 25 25 25 191 39 45 44 255 49 67 66 255 42 61 59 207 19 26 25 111 6 6 6 47 2 2 2 15 0 0 0 0 0 0 0 0 0 0 0 0 
8 8 8 63 8 8 8 63 25 25 25 191 39 45 44 255 48 67 66 255 42 61 59 207 19 26 25 111 6 6 6 47 2 2 2 15 0 0 0 0 0 0 0 0 0 0 0 0 
8 8 8 63 8 8 8 63 25 25 25 191 49 67 66 255 79 135 130 255 76 133 128 239 42 61 59 207 19 19 19 143 6 6 6 47 0 0 0 0 0 0 0 0 0 0 0 0 
8 8 8 63 8 8 8 63 25 25 25 191 54 79 77 255 94 169 163 255 107 182 175 255 95 118 115 255 68 67 65 207 28 28 27 111 6 6 6 47 2 2 2 15 2 2 2 15 
8 8 8 63 8 8 8 63 25 25 25 191 54 79 77 255 94 169 163 255 135 208 201 255 177 198 191 255 155 151 146 239 68 67 65 207 19 19 19 143 6 6 6 47 6 6 6 47 
8 8 8 63 8 8 8 63 25 25 25 191 54 79 77 255 94 169 163 255 148 222 213 255 218 238 229 255 198 193 186 255 88 87 84 255 25 25 25 191 8 8 8 63 8 8 8 63 
8 8 8 63 8 8 8 63 25 25 25 191 54 79 77 255 94 169 163 255 148 222 213 255 218 238 229 255 198 193 186 255 88 87 84 255 25 25 25 191 8 8 8 63 8 8 8 63 
8 8 8 63 8 8 8 63 25 25 25 191 54 79 77 255 94 169 163 255 148 222 213 255 218 238 229 255 198 193 186 255 88 87 84 255 25 25 25 191 8 8 8 63 8 8 8 63 
8 8 8 63 8 8 8 63 25 25 25 191 54 79 77 255 94 169 163 255 148 222 213 255 218 238 229 255 198 193 186 255 88 87 84 255 25 25 25 191 8 8 8 63 8 8 8 63 
8 8 8 63 8 8 8 63 25 25 25 191 54 79 77 255 94 169 163 255 148 222 213 255 218 238 229 255 198 193 186 255 88 87 84 255 25 25 25 191 8 8 8 63 8 8 8 63 
8 8 8 63 8 8 8 63 25 25 25 191 54 79 77 255 94 169 163 255 148 222 213 255 218 238 229 255 198 193 186 255 88 87 84 255 25 25 25 191 8 8 8 63 8 8 8 63 
8 8 8 63 8 8 8 63 25 25 25 191 54 79 77 255 94 169 163 255 148 222 213 255 218 238 229 255 198 193 186 255 88 87 84 255 25 25 25 191 8 8 8 63 8 8 8 63 
8 8 8 63 8 8 8 63 25 25 25 191 54 79 77 255 94 169 163 255 148 222 213 255 218 238 229 255 198 193 186 255 88 87 84 255 25 25 25 191 8 8 8 63 8 8 8 63 
8 8 8 63 8 8 8 63 25 25 25 191 54 79 77 255 94 169 163 255 148 222 213 255 218 238 229 255 198 193 186 255 88 87 84 255 25 25 25 191 8 8 8 63 8 8 8 63 
8 8 8 63 8 8 8 63 25 25 25 191 54 79 77 255 94 169 163 255 148 222 213 255 218 238 229 255 198 193 186 255 88 87 84 255 25 25 25 191 8 8 8 63 8 8 8 63 
14 14 14 111 14 14 14 111 27 27 27 207 49 67 66 255 79 135 130 255 120 175 168 255 172 187 180 255 157 153 148 255 75 73 72 255 27 27 27 207 14 14 14 111 14 14 14 111 
27 27 27 207 27 27 27 207 31 31 31 239 39 45 44 255 48 67 66 255 62 81 78 255 80 85 82 255 75 73 72 255 47 47 46 255 31 31 31 239 27 27 27 207 27 27 27 207 
35 38 40 255 35 38 40 255 39 48 53 255 41 53 59 255 41 53 59 255 41 53 59 255 41 53 59 255 41 53 59 255 41 53 59 255 39 48 53 255 35 38 40 255 35 38 40 255 
39 48 53 255 39 48 53 255 51 77 91 255 57 92 111 255 57 92 111 255 57 92 111 255 57 92 111 255 57 92 111 255 57 92 111 255 51 77 91 255 39 48 53 255 39 48 53 255 
39 48 53 255 39 48 53 255 51 77 91 255 57 92 111 255 57 92 111 255 57 92 111 255 57 92 111 255 57 92 111 255 57 92 111 255 51 77 91 255 39 48 53 255 39 48 53 255 
35 38 40 255 35 38 40 255 39 48 53 255 41 53 59 255 41 53 59 255 41 53 59 255 41 53 59 255 41 53 59 255 41 53 59 255 39 48 53 255 35 38 40 255 35 38 40 255 
27 27 27 207 27 27 27 207 31 31 31 239 40 36 35 255 53 42 39 255 60 45 41 255 60 45 41 255 53 42 39 255 40 36 35 255 31 31 31 239 27 27 27 207 27 27 27 207 
14 14 14 111 14 14 14 111 27 27 27 207 53 42 39 255 92 59 49 255 112 68 55 255 112 68 55 255 92 59 49 255 53 42 39 255 27 27 27 207 14 14 14 111 14 14 14 111 
8 8 8 63 8 8 8 63 25 25 25 191 53 42 39 255 92 59 49 255 111 68 54 255 111 68 54 255 92 59 49 255 53 42 39 255 25 25 25 191 8 8 8 63 8 8 8 63 
8 8 8 63 8 8 8 63 25 25 25 191 40 36 35 255 53 42 39 255 59 45 40 255 59 45 40 255 53 42 39 255 40 36 35 255 25 25 25 191 8 8 8 63 8 8 8 63 
8 8 8 63 8 8 8 63 25 25 25 191 40 36 35 255 53 42 39 255 60 45 41 255 60 45 41 255 53 42 39 255 40 36 35 255 25 25 25 191 8 8 8 63 8 8 8 63 
