43 44 44 255 43 44 44 255 61 65 66 255 71 76 77 255 71 76 77 255 55 59 60 207 24 25 25 111 6 6 6 47 2 2 2 15 2 2 2 15 
43 44 44 255 43 44 44 255 61 65 66 255 70 76 77 255 70 76 77 255 55 59 60 207 24 25 25 111 6 6 6 47 2 2 2 15 2 2 2 15 
61 65 66 255 61 65 66 255 117 129 131 255 144 160 163 255 144 160 163 255 115 126 129 239 55 59 60 207 19 19 19 143 6 6 6 47 6 6 6 47 
70 76 77 255 71 76 77 255 145 160 163 255 182 203 207 255 182 203 207 255 158 174 176 255 112 116 115 255 68 67 65 207 28 28 27 111 28 28 27 111 
70 76 77 255 71 76 77 255 145 160 163 255 182 203 207 255 182 203 207 255 186 200 201 255 194 196 191 255 155 151 146 239 68 67 65 207 68 67 65 207 
70 76 77 255 71 76 77 255 145 160 163 255 182 203 207 255 182 203 207 255 199 214 214 255 235 236 229 255 198 193 186 255 88 87 84 255 88 87 84 255 
70 76 77 255 71 76 77 255 145 160 163 255 182 203 207 255 182 203 207 255 199 214 214 255 235 236 229 255 198 193 186 255 88 87 84 255 88 87 84 255 
70 76 77 255 71 76 77 255 145 160 163 255 182 203 207 255 182 203 207 255 199 214 214 255 235 236 229 255 198 193 186 255 88 87 84 255 88 87 84 255 
70 76 77 255 71 76 77 255 145 160 163 255 181 203 207 255 181 203 207 255 199 214 214 255 235 236 229 255 198 193 186 255 88 87 84 255 88 87 84 255 
70 76 77 255 71 76 77 255 145 160 163 255 182 203 207 255 182 203 207 255 199 214 214 255 235 236 229 255 198 193 186 255 88 87 84 255 88 87 84 255 
70 76 77 255 71 76 77 255 145 160 163 255 181 203 207 255 181 203 207 255 199 214 214 255 235 236 229 255 198 193 186 255 88 87 84 255 88 87 84 255 
70 76 77 255 71 76 77 255 145 160 163 255 181 203 207 255 181 203 207 255 199 214 214 255 235 236 229 255 198 193 186 255 88 87 84 255 88 87 84 255 
70 76 77 255 71 76 77 255 145 160 163 255 182 203 207 255 182 203 207 255 199 214 214 255 235 236 229 255 198 193 186 255 88 87 84 255 88 87 84 255 
70 76 77 255 71 76 77 255 145 160 163 255 181 203 207 255 181 203 207 255 199 214 214 255 235 236 229 255 198 193 186 255 88 87 84 255 88 87 84 255 
70 76 77 255 71 76 77 255 145 160 163 255 182 203 207 255 182 203 207 255 199 214 214 255 235 236 229 255 198 193 186 255 88 87 84 255 88 87 84 255 
70 76 77 255 71 76 77 255 145 160 163 255 182 202 207 255 182 202 207 255 199 214 214 255 235 236 229 255 198 193 186 255 88 87 84 255 88 87 84 255 
70 76 77 255 71 76 77 255 145 160 163 255 182 203 207 255 182 203 207 255 199 214 214 255 235 236 229 255 198 193 186 255 88 87 84 255 88 87 84 255 
70 76 77 255 71 76 77 255 145 160 163 255 182 202 207 255 182 202 207 255 199 214 214 255 235 236 229 255 198 193 186 255 88 87 84 255 88 87 84 255 
70 76 77 255 71 76 77 255 145 160 163 255 182 203 207 255 182 203 207 255 199 214 214 255 235 236 229 255 198 193 186 255 88 87 84 255 88 87 84 255 
70 76 77 255 71 76 77 255 145 160 163 255 182 202 207 255 182 202 207 255 199 214 214 255 235 236 229 255 198 193 186 255 88 87 84 255 88 87 84 255 
70 76 77 255 71 76 77 255 145 160 163 255 182 203 207 255 182 203 207 255 199 214 214 255 235 236 229 255 198 193 186 255 88 87 84 255 88 87 84 255 
70 76 77 255 71 76 77 255 145 160 163 255 182 203 207 255 182 203 207 255 199 214 214 255 235 236 229 255 198 193 186 255 88 87 84 255 88 87 84 255 
70 76 77 255 71 76 77 255 145 160 163 255 182 203 207 255 182 203 207 255 199 214 214 255 235 236 229 255 198 193 186 255 88 87 84 255 88 87 84 255 
70 76 77 255 71 76 77 255 145 160 163 255 186 205 208 255 195 211 212 255 199 208 207 255 198 198 193 255 155 151 146 239 68 67 65 207 68 67 65 207 
70 76 77 255 71 76 77 255 145 160 163 255 195 211 212 255 221 227 223 255 198 198 193 255 125 124 120 255 68 67 65 207 28 28 27 111 28 28 27 111 
70 76 77 255 71 76 77 255 145 160 163 255 199 214 214 255 235 236 229 255 198 193 186 255 88 87 84 255 25 25 25 191 8 8 8 63 8 8 8 63 
70 76 77 255 71 76 77 255 145 160 163 255 199 214 214 255 235 236 229 255 198 193 186 255 88 87 84 255 25 25 25 191 8 8 8 63 8 8 8 63 
70 76 77 255 71 76 77 255 145 160 163 255 199 214 214 255 235 236 229 255 198 193 186 255 88 87 84 255 25 25 25 191 8 8 8 63 8 8 8 63 
70 76 77 255 71 76 77 255 145 160 163 255 199 214 214 255 235 236 229 255 198 193 186 255 88 87 84 255 25 25 25 191 8 8 8 63 8 8 8 63 
70 76 77 255 71 76 77 255 145 160 163 255 199 214 214 255 235 236 229 255 198 193 186 255 88 87 84 255 25 25 25 191 8 8 8 63 8 8 8 63 
70 76 77 255 71 76 77 255 145 160 163 255 199 214 214 255 235 236 229 255 198 193 186 255 88 87 84 255 25 25 25 191 8 8 8 63 8 8 8 63 
61 65 66 255 61 65 66 255 117 129 131 255 158 168 169 255 184 185 180 255 157 153 148 255 75 73 72 255 25 25 25 191 8 8 8 63 8 8 8 63 
43 44 44 255 43 44 44 255 61 65 66 255 75 78 79 255 84 84 82 255 75 73 72 255 47 47 46 255 25 25 25 191 8 8 8 63 8 8 8 63 
35 36 37 255 35 36 37 255 39 41 44 255 53 54 57 255 77 76 75 255 75 73 72 255 47 47 46 255 25 25 25 191 8 8 8 63 8 8 8 63 
39 41 44 255 39 41 44 255 51 55 64 255 92 95 103 255 163 160 158 255 157 153 148 255 75 73 72 255 25 25 25 191 8 8 8 63 8 8 8 63 
53 54 56 255 53 54 57 255 92 95 103 255 135 137 144 255 182 181 181 255 162 160 158 255 76 76 75 255 25 25 25 191 8 8 8 63 8 8 8 63 
76 76 75 255 77 76 75 255 163 160 158 255 182 181 181 255 135 137 144 255 92 95 102 255 53 54 56 255 25 25 25 191 8 8 8 63 8 8 8 63 
76 76 75 255 77 76 75 255 163 160 158 255 182 181 181 255 135 137 144 255 92 95 102 255 53 54 56 255 25 25 25 191 8 8 8 63 8 8 8 63 
53 54 56 255 53 54 57 255 92 95 103 255 135 137 144 255 182 181 181 255 162 160 158 255 76 76 75 255 25 25 25 191 8 8 8 63 8 8 8 63 
53 54 56 255 53 54 57 255 92 95 103 255 135 137 144 255 182 181 181 255 162 160 158 255 76 76 75 255 25 25 25 191 8 8 8 63 8 8 8 63 
76 76 75 255 77 76 75 255 163 160 158 255 182 181 181 255 135 137 144 255 92 95 102 255 53 54 56 255 25 25 25 191 8 8 8 63 8 8 8 63 
68 67 65 207 68 67 65 207 155 151 146 239 162 160 158 255 92 95 102 255 49 53 62 239 33 34 37 207 19 19 19 143 6 6 6 47 6 6 6 47 
28 28 27 111 28 28 27 111 68 67 65 207 76 76 75 255 53 54 56 255 33 34 37 207 16 17 18 111 6 6 6 47 2 2 2 15 2 2 2 15 
28 28 27 111 28 28 27 111 68 67 65 207 77 76 75 255 53 54 57 255 33 34 37 207 16 17 18 111 6 6 6 47 2 2 2 15 2 2 2 15 
