0 0 0 0 0 0 0 0 0 0 0 0 0 0 0 0 0 0 0 0 8 8 8 63 25 25 25 191 40 35 34 255 54 39 35 255 64 43 35 255 71 47 35 255 64 45 34 255 44 37 34 255 25 25 25 191 8 8 8 63 0 0 0 0 0 0 0 0 0 0 0 0 0 0 0 0 0 0 0 0 
0 0 0 0 0 0 0 0 0 0 0 0 0 0 0 0 0 0 0 0 8 8 8 63 25 25 25 191 40 35 34 255 54 39 35 255 64 43 35 255 71 47 35 255 64 45 34 255 44 37 34 255 25 25 25 191 8 8 8 63 0 0 0 0 0 0 0 0 0 0 0 0 0 0 0 0 0 0 0 0 
0 0 0 0 0 0 0 0 0 0 0 0 0 0 0 0 0 0 0 0 8 8 8 63 25 25 25 191 54 39 35 255 95 50 37 255 125 62 38 255 146 74 37 255 125 68 35 255 64 45 34 255 25 25 25 191 8 8 8 63 0 0 0 0 0 0 0 0 0 0 0 0 0 0 0 0 0 0 0 0 
8 8 8 63 8 8 8 63 8 8 8 63 8 8 8 63 8 8 8 63 14 14 14 111 27 27 27 207 54 39 35 255 95 50 37 255 125 62 38 255 146 74 37 255 125 68 35 255 64 45 34 255 27 27 27 207 14 14 14 111 8 8 8 63 8 8 8 63 8 8 8 63 8 8 8 63 8 8 8 63 
25 25 25 191 25 25 25 191 25 25 25 191 25 25 25 191 25 25 25 191 27 27 27 207 31 31 31 239 40 35 34 255 54 39 35 255 64 43 35 255 71 47 35 255 64 45 34 255 44 37 34 255 31 31 31 239 27 27 27 207 25 25 25 191 25 25 25 191 25 25 25 191 25 25 25 191 25 25 25 191 
47 47 46 255 47 47 46 255 75 73 72 255 88 87 84 255 88 87 84 255 88 87 84 255 88 87 84 255 88 87 84 255 88 87 84 255 88 87 84 255 88 87 84 255 88 87 84 255 88 87 84 255 88 87 84 255 88 87 84 255 88 87 84 255 88 87 84 255 75 73 72 255 47 47 46 255 47 47 46 255 
75 73 72 255 75 73 72 255 157 153 148 255 198 193 186 255 198 193 186 255 198 193 186 255 198 193 186 255 198 193 186 255 198 193 186 255 198 193 186 255 198 193 186 255 198 193 186 255 198 193 186 255 198 193 186 255 198 193 186 255 198 193 186 255 198 193 186 255 157 153 148 255 75 73 72 255 75 73 72 255 
80 85 82 255 80 85 82 255 172 187 180 255 218 238 229 255 218 238 229 255 218 238 229 255 218 238 229 255 218 238 229 255 218 238 229 255 218 238 229 255 218 238 229 255 218 238 229 255 218 238 229 255 218 238 229 255 218 238 229 255 218 238 229 255 218 238 229 255 172 187 180 255 80 85 82 255 80 85 82 255 
62 81 78 255 62 81 78 255 120 175 168 255 148 222 213 255 148 222 213 255 148 222 213 255 148 222 213 255 148 222 213 255 148 222 213 255 148 222 213 255 148 222 213 255 148 222 213 255 148 222 213 255 148 222 213 255 148 222 213 255 148 222 213 255 148 222 213 255 120 175 168 255 62 81 78 255 62 81 78 255 
54 79 77 255 53 78 76 255 93 168 162 255 113 213 206 255 113 213 206 255 113 213 206 255 113 213 206 255 113 214 206 255 113 214 206 255 113 214 206 255 113 214 206 255 113 213 206 255 113 214 206 255 113 213 206 255 113 214 206 255 113 213 206 255 113 213 206 255 94 169 163 255 54 79 77 255 53 78 76 255 
54 79 77 255 53 78 76 255 93 168 162 255 113 213 206 255 113 214 206 255 113 214 206 255 113 214 206 255 113 214 206 255 113 214 206 255 113 214 206 255 113 214 206 255 113 214 206 255 113 214 206 255 113 214 206 255 113 214 206 255 113 213 206 255 113 214 206 255 94 169 163 255 54 79 77 255 53 78 76 255 
49 67 66 255 48 67 66 255 78 135 130 255 94 169 163 255 94 169 163 255 94 169 163 255 94 169 163 255 94 169 163 255 94 169 163 255 94 169 163 255 94 169 163 255 94 169 163 255 94 169 163 255 94 169 163 255 94 169 163 255 94 169 163 255 94 169 163 255 79 135 130 255 49 67 66 255 48 67 66 255 
39 45 44 255 38 45 44 255 49 67 66 255 54 79 77 255 54 79 77 255 54 79 77 255 54 79 77 255 54 79 77 255 54 79 77 255 54 79 77 255 54 79 77 255 54 79 77 255 54 79 77 255 54 79 77 255 54 79 77 255 54 79 77 255 54 79 77 255 49 67 66 255 39 45 44 255 38 45 44 255 
25 25 25 191 25 25 25 191 25 25 25 191 25 25 25 191 25 25 25 191 27 27 27 207 31 31 31 239 40 35 34 255 54 39 35 255 64 43 35 255 71 47 34 255 64 45 34 255 44 37 34 255 31 31 31 239 27 27 27 207 25 25 25 191 25 25 25 191 25 25 25 191 25 25 25 191 25 25 25 191 
8 8 8 63 8 8 8 63 8 8 8 63 8 8 8 63 8 8 8 63 14 14 14 111 27 27 27 207 54 39 35 255 95 50 37 255 125 62 38 255 146 74 37 255 125 68 35 255 64 45 34 255 27 27 27 207 14 14 14 111 8 8 8 63 8 8 8 63 8 8 8 63 8 8 8 63 8 8 8 63 
0 0 0 0 0 0 0 0 0 0 0 0 0 0 0 0 0 0 0 0 8 8 8 63 25 25 25 191 61 41 35 255 115 56 39 255 156 71 40 255 183 87 38 255 156 80 36 255 74 49 34 255 25 25 25 191 8 8 8 63 0 0 0 0 0 0 0 0 0 0 0 0 0 0 0 0 0 0 0 0 
0 0 0 0 0 0 0 0 0 0 0 0 0 0 0 0 0 0 0 0 8 8 8 63 25 25 25 191 61 41 35 255 115 56 39 255 156 71 40 255 183 87 38 255 156 80 36 255 74 49 34 255 25 25 25 191 8 8 8 63 0 0 0 0 0 0 0 0 0 0 0 0 0 0 0 0 0 0 0 0 
0 0 0 0 0 0 0 0 0 0 0 0 0 0 0 0 0 0 0 0 8 8 8 63 25 25 25 191 61 41 35 255 115 56 39 255 156 71 40 255 183 87 38 255 156 80 36 255 74 49 34 255 25 25 25 191 8 8 8 63 0 0 0 0 0 0 0 0 0 0 0 0 0 0 0 0 0 0 0 0 
0 0 0 0 0 0 0 0 0 0 0 0 0 0 0 0 0 0 0 0 8 8 8 63 25 25 25 191 61 41 35 255 115 56 39 255 156 71 40 255 183 87 38 255 156 80 36 255 74 49 34 255 25 25 25 191 8 8 8 63 0 0 0 0 0 0 0 0 0 0 0 0 0 0 0 0 0 0 0 0 
0 0 0 0 0 0 0 0 0 0 0 0 0 0 0 0 0 0 0 0 8 8 8 63 25 25 25 191 61 41 35 255 115 56 39 255 156 71 40 255 183 87 38 255 156 80 36 255 74 49 34 255 25 25 25 191 8 8 8 63 0 0 0 0 0 0 0 0 0 0 0 0 0 0 0 0 0 0 0 0 
0 0 0 0 0 0 0 0 0 0 0 0 0 0 0 0 0 0 0 0 8 8 8 63 25 25 25 191 61 41 35 255 115 56 39 255 156 71 40 255 183 87 38 255 156 80 36 255 74 49 34 255 25 25 25 191 8 8 8 63 0 0 0 0 0 0 0 0 0 0 0 0 0 0 0 0 0 0 0 0 
0 0 0 0 0 0 0 0 0 0 0 0 0 0 0 0 0 0 0 0 8 8 8 63 25 25 25 191 61 41 35 255 115 56 39 255 156 71 40 255 183 87 38 255 156 80 36 255 74 49 34 255 25 25 25 191 8 8 8 63 0 0 0 0 0 0 0 0 0 0 0 0 0 0 0 0 0 0 0 0 
0 0 0 0 0 0 0 0 0 0 0 0 0 0 0 0 0 0 0 0 8 8 8 63 25 25 25 191 61 41 35 255 115 56 39 255 156 71 40 255 183 87 38 255 156 80 36 255 74 49 34 255 25 25 25 191 8 8 8 63 0 0 0 0 0 0 0 0 0 0 0 0 0 0 0 0 0 0 0 0 
0 0 0 0 0 0 0 0 0 0 0 0 0 0 0 0 0 0 0 0 8 8 8 63 25 25 25 191 61 41 35 255 115 56 39 255 156 71 40 255 183 87 38 255 156 80 36 255 74 49 34 255 25 25 25 191 8 8 8 63 0 0 0 0 0 0 0 0 0 0 0 0 0 0 0 0 0 0 0 0 
0 0 0 0 0 0 0 0 0 0 0 0 0 0 0 0 0 0 0 0 8 8 8 63 25 25 25 191 61 41 35 255 115 56 39 255 156 71 40 255 183 87 38 255 156 80 36 255 74 49 34 255 25 25 25 191 8 8 8 63 0 0 0 0 0 0 0 0 0 0 0 0 0 0 0 0 0 0 0 0 
0 0 0 0 0 0 0 0 0 0 0 0 0 0 0 0 0 0 0 0 8 8 8 63 25 25 25 191 61 41 35 255 115 56 39 255 156 71 40 255 183 87 38 255 156 80 36 255 74 49 34 255 25 25 25 191 8 8 8 63 0 0 0 0 0 0 0 0 0 0 0 0 0 0 0 0 0 0 0 0 
0 0 0 0 0 0 0 0 0 0 0 0 0 0 0 0 0 0 0 0 8 8 8 63 25 25 25 191 61 41 35 255 115 56 39 255 156 71 40 255 183 87 38 255 156 80 36 255 74 49 34 255 25 25 25 191 8 8 8 63 0 0 0 0 0 0 0 0 0 0 0 0 0 0 0 0 0 0 0 0 
0 0 0 0 0 0 0 0 0 0 0 0 0 0 0 0 0 0 0 0 8 8 8 63 25 25 25 191 61 41 35 255 115 56 39 255 156 71 40 255 183 87 38 255 156 80 36 255 74 49 34 255 25 25 25 191 8 8 8 63 0 0 0 0 0 0 0 0 0 0 0 0 0 0 0 0 0 0 0 0 
0 0 0 0 0 0 0 0 0 0 0 0 0 0 0 0 0 0 0 0 8 8 8 63 25 25 25 191 61 41 35 255 115 56 39 255 156 71 40 255 183 87 38 255 156 80 36 255 74 49 34 255 25 25 25 191 8 8 8 63 0 0 0 0 0 0 0 0 0 0 0 0 0 0 0 0 0 0 0 0 
0 0 0 0 0 0 0 0 0 0 0 0 0 0 0 0 0 0 0 0 8 8 8 63 25 25 25 191 61 41 35 255 115 56 39 255 156 71 40 255 183 87 38 255 156 80 36 255 74 49 34 255 25 25 25 191 8 8 8 63 0 0 0 0 0 0 0 0 0 0 0 0 0 0 0 0 0 0 0 0 
0 0 0 0 0 0 0 0 0 0 0 0 0 0 0 0 0 0 0 0 8 8 8 63 25 25 25 191 61 41 35 255 115 56 39 255 156 71 40 255 183 87 38 255 156 80 36 255 74 49 34 255 25 25 25 191 8 8 8 63 0 0 0 0 0 0 0 0 0 0 0 0 0 0 0 0 0 0 0 0 
0 0 0 0 0 0 0 0 0 0 0 0 0 0 0 0 0 0 0 0 8 8 8 63 25 25 25 191 61 41 35 255 115 56 39 255 156 71 40 255 183 87 38 255 156 80 36 255 74 49 34 255 25 25 25 191 8 8 8 63 0 0 0 0 0 0 0 0 0 0 0 0 0 0 0 0 0 0 0 0 
0 0 0 0 0 0 0 0 0 0 0 0 0 0 0 0 0 0 0 0 8 8 8 63 25 25 25 191 61 41 35 255 115 56 39 255 156 71 40 255 183 87 38 255 156 80 36 255 74 49 34 255 25 25 25 191 8 8 8 63 0 0 0 0 0 0 0 0 0 0 0 0 0 0 0 0 0 0 0 0 
0 0 0 0 0 0 0 0 0 0 0 0 0 0 0 0 0 0 0 0 8 8 8 63 25 25 25 191 61 41 35 255 115 56 39 255 156 71 40 255 183 87 38 255 156 80 36 255 74 49 34 255 25 25 25 191 8 8 8 63 0 0 0 0 0 0 0 0 0 0 0 0 0 0 0 0 0 0 0 0 
0 0 0 0 0 0 0 0 0 0 0 0 0 0 0 0 0 0 0 0 8 8 8 63 25 25 25 191 61 41 35 255 115 56 39 255 156 71 40 255 183 87 38 255 156 80 36 255 74 49 34 255 25 25 25 191 8 8 8 63 0 0 0 0 0 0 0 0 0 0 0 0 0 0 0 0 0 0 0 0 
0 0 0 0 0 0 0 0 0 0 0 0 0 0 0 0 0 0 0 0 8 8 8 63 25 25 25 191 61 41 35 255 115 56 39 255 156 71 40 255 183 87 38 255 156 80 36 255 74 49 34 255 25 25 25 191 8 8 8 63 0 0 0 0 0 0 0 0 0 0 0 0 0 0 0 0 0 0 0 0 
0 0 0 0 0 0 0 0 0 0 0 0 0 0 0 0 0 0 0 0 8 8 8 63 25 25 25 191 61 41 35 255 115 56 39 255 156 71 40 255 183 87 38 255 156 80 36 255 74 49 34 255 25 25 25 191 8 8 8 63 0 0 0 0 0 0 0 0 0 0 0 0 0 0 0 0 0 0 0 0 
0 0 0 0 0 0 0 0 0 0 0 0 0 0 0 0 0 0 0 0 8 8 8 63 25 25 25 191 61 41 35 255 115 56 39 255 156 71 40 255 183 87 38 255 156 80 36 255 74 49 34 255 25 25 25 191 8 8 8 63 0 0 0 0 0 0 0 0 0 0 0 0 0 0 0 0 0 0 0 0 
0 0 0 0 0 0 0 0 0 0 0 0 0 0 0 0 0 0 0 0 8 8 8 63 25 25 25 191 61 41 35 255 115 56 39 255 156 71 40 255 183 87 38 255 156 80 36 255 74 49 34 255 25 25 25 191 8 8 8 63 0 0 0 0 0 0 0 0 0 0 0 0 0 0 0 0 0 0 0 0 
0 0 0 0 0 0 0 0 0 0 0 0 0 0 0 0 0 0 0 0 8 8 8 63 25 25 25 191 61 41 35 255 115 56 39 255 156 71 40 255 183 87 38 255 156 80 36 255 74 49 34 255 25 25 25 191 8 8 8 63 0 0 0 0 0 0 0 0 0 0 0 0 0 0 0 0 0 0 0 0 
0 0 0 0 0 0 0 0 0 0 0 0 0 0 0 0 0 0 0 0 8 8 8 63 25 25 25 191 61 41 35 255 115 56 39 255 156 71 40 255 183 87 38 255 156 80 36 255 74 49 34 255 25 25 25 191 8 8 8 63 0 0 0 0 0 0 0 0 0 0 0 0 0 0 0 0 0 0 0 0 
0 0 0 0 0 0 0 0 0 0 0 0 0 0 0 0 0 0 0 0 8 8 8 63 25 25 25 191 61 41 35 255 115 56 39 255 156 71 40 255 183 87 38 255 156 80 36 255 74 49 34 255 25 25 25 191 8 8 8 63 0 0 0 0 0 0 0 0 0 0 0 0 0 0 0 0 0 0 0 0 
0 0 0 0 0 0 0 0 0 0 0 0 0 0 0 0 0 0 0 0 8 8 8 63 25 25 25 191 61 41 35 255 115 56 39 255 156 71 40 255 183 87 38 255 156 80 36 255 74 49 34 255 25 25 25 191 8 8 8 63 0 0 0 0 0 0 0 0 0 0 0 0 0 0 0 0 0 0 0 0 
0 0 0 0 0 0 0 0 0 0 0 0 0 0 0 0 0 0 0 0 8 8 8 63 25 25 25 191 61 41 35 255 115 56 39 255 156 71 40 255 183 87 38 255 156 80 36 255 74 49 34 255 25 25 25 191 8 8 8 63 0 0 0 0 0 0 0 0 0 0 0 0 0 0 0 0 0 0 0 0 
0 0 0 0 0 0 0 0 0 0 0 0 0 0 0 0 0 0 0 0 8 8 8 63 25 25 25 191 61 41 35 255 115 56 39 255 156 71 40 255 183 87 38 255 156 80 36 255 74 49 34 255 25 25 25 191 8 8 8 63 0 0 0 0 0 0 0 0 0 0 0 0 0 0 0 0 0 0 0 0 
0 0 0 0 0 0 0 0 0 0 0 0 0 0 0 0 0 0 0 0 8 8 8 63 25 25 25 191 54 39 35 255 95 50 37 255 125 62 38 255 146 74 37 255 125 68 35 255 64 45 34 255 25 25 25 191 8 8 8 63 0 0 0 0 0 0 0 0 0 0 0 0 0 0 0 0 0 0 0 0 
0 0 0 0 0 0 0 0 0 0 0 0 0 0 0 0 0 0 0 0 8 8 8 63 25 25 25 191 40 35 34 255 54 39 35 255 64 43 35 255 71 47 35 255 64 45 34 255 44 37 34 255 25 25 25 191 8 8 8 63 0 0 0 0 0 0 0 0 0 0 0 0 0 0 0 0 0 0 0 0 
0 0 0 0 0 0 0 0 0 0 0 0 0 0 0 0 0 0 0 0 8 8 8 63 25 25 25 191 40 35 34 255 54 39 35 255 64 43 35 255 71 47 34 255 64 45 34 255 44 37 34 255 25 25 25 191 8 8 8 63 0 0 0 0 0 0 0 0 0 0 0 0 0 0 0 0 0 0 0 0 
