0 0 0 0 0 0 0 0 0 0 0 0 0 0 0 0 0 0 0 0 2 2 2 15 6 6 6 47 24 25 25 111 55 59 60 207 75 79 79 255 84 84 82 255 68 67 65 207 28 28 27 111 6 6 6 47 2 2 2 15 0 0 0 0 0 0 0 0 0 0 0 0 0 0 0 0 0 0 0 0 
0 0 0 0 0 0 0 0 0 0 0 0 0 0 0 0 0 0 0 0 2 2 2 15 6 6 6 47 24 25 25 111 55 59 60 207 75 78 79 255 84 84 82 255 68 67 65 207 28 28 27 111 6 6 6 47 2 2 2 15 0 0 0 0 0 0 0 0 0 0 0 0 0 0 0 0 0 0 0 0 
0 0 0 0 0 0 0 0 0 0 0 0 0 0 0 0 0 0 0 0 6 6 6 47 19 19 19 143 55 59 60 207 115 126 129 239 158 168 169 255 184 185 180 255 155 151 146 239 68 67 65 207 19 19 19 143 6 6 6 47 0 0 0 0 0 0 0 0 0 0 0 0 0 0 0 0 0 0 0 0 
0 0 0 0 0 0 0 0 0 0 0 0 2 2 2 15 6 6 6 47 24 25 25 111 55 59 60 207 98 107 109 255 154 171 174 255 199 213 214 255 235 235 229 255 211 207 198 255 129 127 122 255 68 67 65 207 28 28 27 111 6 6 6 47 2 2 2 15 0 0 0 0 0 0 0 0 0 0 0 0 
0 0 0 0 0 0 0 0 0 0 0 0 6 6 6 47 19 19 19 143 55 59 60 207 115 126 129 239 154 171 174 255 172 192 196 255 199 213 214 255 235 235 229 255 239 233 224 255 211 207 198 255 155 151 146 239 68 67 65 207 19 19 19 143 6 6 6 47 0 0 0 0 0 0 0 0 0 0 0 0 
0 0 0 0 0 0 0 0 0 0 0 0 8 8 8 63 25 25 25 191 70 76 77 255 144 160 163 255 182 202 207 255 182 203 207 255 199 213 214 255 235 235 229 255 253 247 237 255 253 247 237 255 198 193 186 255 88 87 84 255 25 25 25 191 8 8 8 63 0 0 0 0 0 0 0 0 0 0 0 0 
0 0 0 0 0 0 0 0 0 0 0 0 8 8 8 63 25 25 25 191 70 76 77 255 144 160 163 255 182 202 207 255 182 203 207 255 199 213 214 255 235 235 229 255 253 247 237 255 253 247 237 255 198 193 186 255 88 87 84 255 25 25 25 191 8 8 8 63 0 0 0 0 0 0 0 0 0 0 0 0 
0 0 0 0 0 0 0 0 0 0 0 0 8 8 8 63 25 25 25 191 70 76 77 255 144 160 163 255 182 202 207 255 182 203 207 255 199 213 214 255 235 235 229 255 253 247 237 255 253 247 237 255 198 193 186 255 88 87 84 255 25 25 25 191 8 8 8 63 0 0 0 0 0 0 0 0 0 0 0 0 
0 0 0 0 0 0 0 0 0 0 0 0 8 8 8 63 25 25 25 191 70 76 77 255 144 160 163 255 182 202 207 255 182 203 207 255 199 213 214 255 235 235 229 255 253 247 237 255 253 247 237 255 198 193 186 255 88 87 84 255 25 25 25 191 8 8 8 63 0 0 0 0 0 0 0 0 0 0 0 0 
0 0 0 0 0 0 0 0 0 0 0 0 8 8 8 63 25 25 25 191 70 76 77 255 144 160 163 255 182 202 207 255 182 203 207 255 199 213 214 255 235 235 229 255 253 247 237 255 253 247 237 255 198 193 186 255 88 87 84 255 25 25 25 191 8 8 8 63 0 0 0 0 0 0 0 0 0 0 0 0 
0 0 0 0 0 0 0 0 0 0 0 0 8 8 8 63 25 25 25 191 70 76 77 255 144 160 163 255 182 202 207 255 182 203 207 255 199 213 214 255 235 235 229 255 253 247 237 255 253 247 237 255 198 193 186 255 88 87 84 255 25 25 25 191 8 8 8 63 0 0 0 0 0 0 0 0 0 0 0 0 
0 0 0 0 0 0 0 0 0 0 0 0 8 8 8 63 25 25 25 191 70 76 77 255 144 160 163 255 182 202 207 255 182 203 207 255 199 213 214 255 235 235 229 255 253 247 237 255 253 247 237 255 198 193 186 255 88 87 84 255 25 25 25 191 8 8 8 63 0 0 0 0 0 0 0 0 0 0 0 0 
0 0 0 0 0 0 0 0 0 0 0 0 8 8 8 63 25 25 25 191 70 76 77 255 144 160 163 255 182 202 207 255 182 203 207 255 199 213 214 255 235 235 229 255 253 247 237 255 253 247 237 255 198 193 186 255 88 87 84 255 25 25 25 191 8 8 8 63 0 0 0 0 0 0 0 0 0 0 0 0 
0 0 0 0 0 0 0 0 0 0 0 0 8 8 8 63 25 25 25 191 70 76 77 255 144 160 163 255 182 202 207 255 182 203 207 255 199 213 214 255 235 235 229 255 253 247 237 255 253 247 237 255 198 193 186 255 88 87 84 255 25 25 25 191 8 8 8 63 0 0 0 0 0 0 0 0 0 0 0 0 
0 0 0 0 0 0 0 0 0 0 0 0 8 8 8 63 25 25 25 191 70 76 77 255 144 160 163 255 182 202 207 255 182 203 207 255 199 213 214 255 235 235 229 255 253 247 237 255 253 247 237 255 198 193 186 255 88 87 84 255 25 25 25 191 8 8 8 63 0 0 0 0 0 0 0 0 0 0 0 0 
0 0 0 0 0 0 0 0 0 0 0 0 8 8 8 63 25 25 25 191 70 76 77 255 144 160 163 255 182 202 207 255 182 203 207 255 199 213 214 255 235 235 229 255 253 247 237 255 253 247 237 255 198 193 186 255 88 87 84 255 25 25 25 191 8 8 8 63 0 0 0 0 0 0 0 0 0 0 0 0 
0 0 0 0 0 0 0 0 0 0 0 0 8 8 8 63 25 25 25 191 70 76 77 255 144 160 163 255 182 202 207 255 182 203 207 255 199 213 214 255 235 235 229 255 253 247 237 255 253 247 237 255 198 193 186 255 88 87 84 255 25 25 25 191 8 8 8 63 0 0 0 0 0 0 0 0 0 0 0 0 
0 0 0 0 0 0 0 0 0 0 0 0 8 8 8 63 25 25 25 191 70 76 77 255 144 160 163 255 182 202 207 255 182 203 207 255 199 213 214 255 235 235 229 255 253 247 237 255 253 247 237 255 198 193 186 255 88 87 84 255 25 25 25 191 8 8 8 63 0 0 0 0 0 0 0 0 0 0 0 0 
0 0 0 0 0 0 0 0 0 0 0 0 8 8 8 63 25 25 25 191 70 76 77 255 144 160 163 255 182 202 207 255 182 203 207 255 199 213 214 255 235 235 229 255 253 247 237 255 253 247 237 255 198 193 186 255 88 87 84 255 25 25 25 191 8 8 8 63 0 0 0 0 0 0 0 0 0 0 0 0 
0 0 0 0 0 0 0 0 0 0 0 0 8 8 8 63 25 25 25 191 70 76 77 255 144 160 163 255 182 202 207 255 182 203 207 255 199 213 214 255 235 235 229 255 253 247 237 255 253 247 237 255 198 193 186 255 88 87 84 255 25 25 25 191 8 8 8 63 0 0 0 0 0 0 0 0 0 0 0 0 
0 0 0 0 0 0 0 0 0 0 0 0 8 8 8 63 25 25 25 191 70 76 77 255 144 160 163 255 182 202 207 255 182 203 207 255 199 213 214 255 235 235 229 255 253 247 237 255 253 247 237 255 198 193 186 255 88 87 84 255 25 25 25 191 8 8 8 63 0 0 0 0 0 0 0 0 0 0 0 0 
0 0 0 0 0 0 0 0 0 0 0 0 8 8 8 63 25 25 25 191 70 76 77 255 144 160 163 255 182 202 207 255 182 203 207 255 199 213 214 255 235 235 229 255 253 247 237 255 253 247 237 255 198 193 186 255 88 87 84 255 25 25 25 191 8 8 8 63 0 0 0 0 0 0 0 0 0 0 0 0 
0 0 0 0 0 0 0 0 0 0 0 0 8 8 8 63 25 25 25 191 70 76 77 255 144 160 163 255 182 202 207 255 182 203 207 255 199 213 214 255 235 235 229 255 253 247 237 255 253 247 237 255 198 193 186 255 88 87 84 255 25 25 25 191 8 8 8 63 0 0 0 0 0 0 0 0 0 0 0 0 
0 0 0 0 0 0 0 0 0 0 0 0 8 8 8 63 25 25 25 191 70 76 77 255 144 160 163 255 182 202 207 255 182 203 207 255 199 213 214 255 235 235 229 255 253 247 237 255 253 247 237 255 198 193 186 255 88 87 84 255 25 25 25 191 8 8 8 63 0 0 0 0 0 0 0 0 0 0 0 0 
0 0 0 0 0 0 0 0 0 0 0 0 8 8 8 63 25 25 25 191 70 76 77 255 144 160 163 255 182 202 207 255 182 203 207 255 199 213 214 255 235 235 229 255 253 247 237 255 253 247 237 255 198 193 186 255 88 87 84 255 25 25 25 191 8 8 8 63 0 0 0 0 0 0 0 0 0 0 0 0 
0 0 0 0 0 0 0 0 0 0 0 0 6 6 6 47 19 19 19 143 55 59 60 207 115 126 129 239 154 171 174 255 172 192 196 255 199 213 214 255 235 235 229 255 239 233 224 255 211 207 198 255 155 151 146 239 68 67 65 207 19 19 19 143 6 6 6 47 0 0 0 0 0 0 0 0 0 0 0 0 
0 0 0 0 0 0 0 0 0 0 0 0 2 2 2 15 6 6 6 47 24 25 25 111 55 59 60 207 98 107 109 255 154 171 174 255 199 213 214 255 235 235 229 255 211 207 198 255 129 127 122 255 68 67 65 207 28 28 27 111 6 6 6 47 2 2 2 15 0 0 0 0 0 0 0 0 0 0 0 0 
0 0 0 0 0 0 0 0 0 0 0 0 0 0 0 0 0 0 0 0 8 8 8 63 25 25 25 191 70 76 77 255 144 160 163 255 199 213 214 255 235 235 229 255 198 193 186 255 88 87 84 255 25 25 25 191 8 8 8 63 0 0 0 0 0 0 0 0 0 0 0 0 0 0 0 0 0 0 0 0 
0 0 0 0 0 0 0 0 0 0 0 0 0 0 0 0 0 0 0 0 8 8 8 63 25 25 25 191 70 76 77 255 144 160 163 255 199 213 214 255 235 235 229 255 198 193 186 255 88 87 84 255 25 25 25 191 8 8 8 63 0 0 0 0 0 0 0 0 0 0 0 0 0 0 0 0 0 0 0 0 
0 0 0 0 0 0 0 0 0 0 0 0 2 2 2 15 6 6 6 47 24 25 25 111 55 59 60 207 98 107 109 255 154 171 174 255 199 213 214 255 235 235 229 255 211 207 198 255 129 127 122 255 68 67 65 207 28 28 27 111 6 6 6 47 2 2 2 15 0 0 0 0 0 0 0 0 0 0 0 0 
0 0 0 0 0 0 0 0 0 0 0 0 6 6 6 47 19 19 19 143 55 59 60 207 115 126 129 239 154 171 174 255 172 192 196 255 199 213 214 255 235 235 229 255 239 233 224 255 211 207 198 255 155 151 146 239 68 67 65 207 19 19 19 143 6 6 6 47 0 0 0 0 0 0 0 0 0 0 0 0 
0 0 0 0 0 0 0 0 0 0 0 0 8 8 8 63 25 25 25 191 70 76 77 255 144 160 163 255 182 202 207 255 182 203 207 255 199 213 214 255 235 235 229 255 253 247 237 255 253 247 237 255 198 193 186 255 88 87 84 255 25 25 25 191 8 8 8 63 0 0 0 0 0 0 0 0 0 0 0 0 
0 0 0 0 0 0 0 0 0 0 0 0 8 8 8 63 25 25 25 191 70 76 77 255 144 160 163 255 182 202 207 255 182 203 207 255 199 213 214 255 235 235 229 255 253 247 237 255 253 247 237 255 198 193 186 255 88 87 84 255 25 25 25 191 8 8 8 63 0 0 0 0 0 0 0 0 0 0 0 0 
0 0 0 0 0 0 0 0 0 0 0 0 6 6 6 47 19 19 19 143 55 59 60 207 115 126 129 239 154 171 174 255 172 192 196 255 199 213 214 255 235 235 229 255 239 233 224 255 211 207 198 255 155 151 146 239 68 67 65 207 19 19 19 143 6 6 6 47 0 0 0 0 0 0 0 0 0 0 0 0 
0 0 0 0 0 0 0 0 0 0 0 0 2 2 2 15 6 6 6 47 24 25 25 111 55 59 60 207 98 107 109 255 154 171 174 255 199 213 214 255 235 235 229 255 211 207 198 255 129 127 122 255 68 67 65 207 28 28 27 111 6 6 6 47 2 2 2 15 0 0 0 0 0 0 0 0 0 0 0 0 
0 0 0 0 0 0 0 0 0 0 0 0 0 0 0 0 0 0 0 0 8 8 8 63 25 25 25 191 70 76 77 255 144 160 163 255 199 213 214 255 235 235 229 255 198 193 186 255 88 87 84 255 25 25 25 191 8 8 8 63 0 0 0 0 0 0 0 0 0 0 0 0 0 0 0 0 0 0 0 0 
0 0 0 0 0 0 0 0 0 0 0 0 0 0 0 0 0 0 0 0 8 8 8 63 25 25 25 191 70 76 77 255 144 160 163 255 199 213 214 255 235 235 229 255 198 193 186 255 88 87 84 255 25 25 25 191 8 8 8 63 0 0 0 0 0 0 0 0 0 0 0 0 0 0 0 0 0 0 0 0 
0 0 0 0 0 0 0 0 0 0 0 0 2 2 2 15 6 6 6 47 24 25 25 111 55 59 60 207 98 107 109 255 154 171 174 255 199 213 214 255 235 235 229 255 211 207 198 255 129 127 122 255 68 67 65 207 28 28 27 111 6 6 6 47 2 2 2 15 0 0 0 0 0 0 0 0 0 0 0 0 
0 0 0 0 0 0 0 0 0 0 0 0 6 6 6 47 19 19 19 143 55 59 60 207 115 126 129 239 154 171 174 255 172 192 196 255 199 213 214 255 235 235 229 255 239 233 224 255 211 207 198 255 155 151 146 239 68 67 65 207 19 19 19 143 6 6 6 47 0 0 0 0 0 0 0 0 0 0 0 0 
8 8 8 63 8 8 8 63 8 8 8 63 14 14 14 111 27 27 27 207 70 76 77 255 144 160 163 255 182 202 207 255 182 203 207 255 199 213 214 255 235 235 229 255 253 247 237 255 253 247 237 255 198 193 186 255 88 87 84 255 27 27 27 207 14 14 14 111 8 8 8 63 8 8 8 63 8 8 8 63 
25 25 25 191 25 25 25 191 25 25 25 191 27 27 27 207 31 31 31 239 70 76 77 255 144 160 163 255 182 202 207 255 182 203 207 255 199 213 214 255 235 235 229 255 253 247 237 255 253 247 237 255 198 193 186 255 88 87 84 255 31 31 31 239 27 27 27 207 25 25 25 191 25 25 25 191 25 25 25 191 
43 44 44 255 43 44 44 255 61 65 66 255 61 65 66 255 43 44 44 255 61 65 66 255 117 129 131 255 145 160 163 255 145 160 163 255 158 169 169 255 184 185 180 255 198 193 186 255 198 193 186 255 157 153 148 255 75 73 72 255 43 44 44 255 61 65 66 255 61 65 66 255 43 44 44 255 43 44 44 255 
61 65 66 255 61 65 66 255 117 129 131 255 117 129 131 255 61 65 66 255 43 44 44 255 61 65 66 255 71 76 77 255 71 76 77 255 75 79 79 255 84 84 82 255 88 87 84 255 88 87 84 255 75 73 72 255 47 47 46 255 61 65 66 255 117 129 131 255 117 129 131 255 61 65 66 255 61 65 66 255 
71 76 77 255 70 76 77 255 144 160 163 255 154 171 174 255 98 107 109 255 70 76 77 255 70 76 77 255 70 76 77 255 70 76 77 255 70 76 77 255 70 76 77 255 70 76 77 255 70 76 77 255 70 76 77 255 70 76 77 255 98 107 109 255 154 171 174 255 145 160 163 255 71 76 77 255 70 76 77 255 
71 76 77 255 70 76 77 255 144 160 163 255 172 192 196 255 154 171 174 255 144 160 163 255 144 160 163 255 144 160 163 255 144 160 163 255 144 160 163 255 144 160 163 255 144 160 163 255 144 160 163 255 144 160 163 255 144 160 163 255 154 171 174 255 172 192 196 255 145 160 163 255 71 76 77 255 70 76 77 255 
55 59 60 207 55 59 60 207 115 126 129 239 145 160 163 255 145 160 163 255 145 160 163 255 145 160 163 255 145 160 163 255 145 160 163 255 145 160 163 255 145 160 163 255 145 160 163 255 145 160 163 255 145 160 163 255 145 160 163 255 145 160 163 255 145 160 163 255 115 126 129 239 55 59 60 207 55 59 60 207 
24 25 25 111 24 25 25 111 55 59 60 207 71 76 77 255 71 76 77 255 71 76 77 255 71 76 77 255 71 76 77 255 71 76 77 255 71 76 77 255 71 76 77 255 71 76 77 255 71 76 77 255 71 76 77 255 71 76 77 255 71 76 77 255 71 76 77 255 55 59 60 207 24 25 25 111 24 25 25 111 
6 6 6 47 6 6 6 47 19 19 19 143 25 25 25 191 25 25 25 191 27 27 27 207 31 31 31 239 43 44 44 255 61 65 66 255 75 78 79 255 84 84 82 255 75 73 72 255 47 47 46 255 31 31 31 239 27 27 27 207 25 25 25 191 25 25 25 191 19 19 19 143 6 6 6 47 6 6 6 47 
2 2 2 15 2 2 2 15 6 6 6 47 8 8 8 63 8 8 8 63 14 14 14 111 27 27 27 207 61 65 66 255 117 129 131 255 158 168 169 255 184 185 180 255 157 153 148 255 75 73 72 255 27 27 27 207 14 14 14 111 8 8 8 63 8 8 8 63 6 6 6 47 2 2 2 15 2 2 2 15 
0 0 0 0 0 0 0 0 0 0 0 0 0 0 0 0 0 0 0 0 8 8 8 63 25 25 25 191 75 78 79 255 158 168 169 255 208 219 218 255 226 230 225 255 184 185 180 255 84 84 82 255 25 25 25 191 8 8 8 63 0 0 0 0 0 0 0 0 0 0 0 0 0 0 0 0 0 0 0 0 
0 0 0 0 0 0 0 0 0 0 0 0 0 0 0 0 0 0 0 0 8 8 8 63 25 25 25 191 84 84 82 255 184 185 180 255 226 230 225 255 208 219 218 255 158 169 169 255 75 79 79 255 25 25 25 191 8 8 8 63 0 0 0 0 0 0 0 0 0 0 0 0 0 0 0 0 0 0 0 0 
0 0 0 0 0 0 0 0 0 0 0 0 0 0 0 0 0 0 0 0 8 8 8 63 25 25 25 191 84 84 82 255 184 185 180 255 226 230 225 255 208 219 218 255 158 169 169 255 75 79 79 255 25 25 25 191 8 8 8 63 0 0 0 0 0 0 0 0 0 0 0 0 0 0 0 0 0 0 0 0 
0 0 0 0 0 0 0 0 0 0 0 0 0 0 0 0 0 0 0 0 8 8 8 63 25 25 25 191 75 78 79 255 158 168 169 255 208 219 218 255 226 230 225 255 184 185 180 255 84 84 82 255 25 25 25 191 8 8 8 63 0 0 0 0 0 0 0 0 0 0 0 0 0 0 0 0 0 0 0 0 
0 0 0 0 0 0 0 0 0 0 0 0 0 0 0 0 0 0 0 0 8 8 8 63 25 25 25 191 75 78 79 255 158 168 169 255 208 219 218 255 226 230 225 255 184 185 180 255 84 84 82 255 25 25 25 191 8 8 8 63 0 0 0 0 0 0 0 0 0 0 0 0 0 0 0 0 0 0 0 0 
0 0 0 0 0 0 0 0 0 0 0 0 0 0 0 0 0 0 0 0 8 8 8 63 25 25 25 191 84 84 82 255 184 185 180 255 226 230 225 255 208 219 218 255 158 169 169 255 75 79 79 255 25 25 25 191 8 8 8 63 0 0 0 0 0 0 0 0 0 0 0 0 0 0 0 0 0 0 0 0 
0 0 0 0 0 0 0 0 0 0 0 0 0 0 0 0 0 0 0 0 6 6 6 47 19 19 19 143 68 67 65 207 155 151 146 239 184 185 180 255 158 169 169 255 115 126 129 239 55 59 60 207 19 19 19 143 6 6 6 47 0 0 0 0 0 0 0 0 0 0 0 0 0 0 0 0 0 0 0 0 
0 0 0 0 0 0 0 0 0 0 0 0 0 0 0 0 0 0 0 0 2 2 2 15 6 6 6 47 28 28 27 111 68 67 65 207 84 84 82 255 75 79 79 255 55 59 60 207 24 25 25 111 6 6 6 47 2 2 2 15 0 0 0 0 0 0 0 0 0 0 0 0 0 0 0 0 0 0 0 0 
0 0 0 0 0 0 0 0 0 0 0 0 0 0 0 0 0 0 0 0 2 2 2 15 6 6 6 47 28 28 27 111 68 67 65 207 84 84 82 255 75 78 79 255 55 59 60 207 24 25 25 111 6 6 6 47 2 2 2 15 0 0 0 0 0 0 0 0 0 0 0 0 0 0 0 0 0 0 0 0 
