2 2 2 15 2 2 2 15 6 6 6 47 24 25 25 111 55 59 60 207 70 76 77 255 70 76 77 255 55 59 60 207 24 25 25 111 6 6 6 47 2 2 2 15 2 2 2 15 
2 2 2 15 2 2 2 15 6 6 6 47 24 25 25 111 55 59 60 207 71 76 77 255 71 76 77 255 55 59 60 207 24 25 25 111 6 6 6 47 2 2 2 15 2 2 2 15 
6 6 6 47 6 6 6 47 19 19 19 143 55 59 60 207 115 126 129 239 145 160 163 255 145 160 163 255 115 126 129 239 55 59 60 207 19 19 19 143 6 6 6 47 6 6 6 47 
24 25 25 111 24 25 25 111 55 59 60 207 98 107 109 255 154 171 174 255 182 203 207 255 182 203 207 255 154 171 174 255 98 107 109 255 55 59 60 207 24 25 25 111 24 25 25 111 
55 59 60 207 55 59 60 207 115 126 129 239 154 171 174 255 172 192 196 255 181 203 207 255 181 202 207 255 172 192 196 255 154 171 174 255 115 126 129 239 55 59 60 207 55 59 60 207 
71 76 77 255 70 76 77 255 144 160 163 255 181 203 207 255 181 203 207 255 181 203 207 255 181 203 207 255 181 203 207 255 181 203 207 255 145 160 163 255 71 76 77 255 70 76 77 255 
71 76 77 255 70 76 77 255 144 160 163 255 182 203 207 255 182 203 207 255 182 203 207 255 182 203 207 255 182 203 207 255 182 203 207 255 145 160 163 255 71 76 77 255 70 76 77 255 
71 76 77 255 70 76 77 255 144 160 163 255 182 203 207 255 182 203 207 255 182 203 207 255 182 203 207 255 182 203 207 255 182 203 207 255 145 160 163 255 71 76 77 255 70 76 77 255 
71 76 77 255 70 76 77 255 144 160 163 255 182 203 207 255 182 203 207 255 182 203 207 255 182 203 207 255 182 203 207 255 182 203 207 255 145 160 163 255 71 76 77 255 70 76 77 255 
71 69 66 255 71 69 66 255 147 140 131 255 184 182 175 255 182 196 196 255 182 203 207 255 182 203 207 255 179 194 196 255 174 176 175 255 137 134 132 255 68 67 66 255 68 67 66 255 
73 56 45 255 73 56 45 255 153 100 68 255 190 142 111 255 184 182 175 255 182 203 207 255 182 202 207 255 174 176 175 255 160 124 113 255 123 82 70 255 63 50 46 255 63 50 46 255 
73 56 45 255 73 56 45 255 153 100 68 255 191 136 100 255 187 162 143 255 182 174 164 255 175 170 165 255 167 150 144 255 157 116 103 255 123 82 70 255 63 50 46 255 63 50 46 255 
71 69 66 255 71 69 66 255 147 140 131 255 187 162 143 255 191 136 100 255 183 116 80 255 162 104 81 255 157 116 103 255 167 150 144 255 137 134 132 255 68 67 66 255 68 67 66 255 
55 59 60 207 55 59 60 207 115 126 129 239 154 142 132 255 173 106 69 255 176 83 38 255 163 76 39 255 153 94 70 255 147 138 132 255 115 126 129 239 55 59 60 207 55 59 60 207 
24 25 25 111 24 25 25 111 55 59 60 207 92 75 67 255 135 73 49 255 163 75 39 255 176 84 38 255 155 85 47 255 99 79 67 255 55 59 60 207 24 25 25 111 24 25 25 111 
21 16 15 111 21 16 15 111 48 33 28 207 84 55 47 255 129 84 70 255 162 104 81 255 183 116 80 255 163 104 68 255 104 67 45 255 58 39 28 207 25 18 15 111 25 18 15 111 
48 33 28 207 48 33 28 207 93 48 35 239 129 84 70 255 158 140 133 255 175 170 165 255 182 174 164 255 178 152 132 255 163 104 68 255 123 66 33 239 58 39 28 207 58 39 28 207 
48 33 28 207 48 33 28 207 93 48 35 239 123 82 70 255 137 134 132 255 144 160 163 255 144 160 163 255 147 140 131 255 153 100 68 255 123 66 33 239 58 39 28 207 58 39 28 207 
21 16 15 111 21 16 15 111 48 33 28 207 63 50 46 255 68 67 66 255 70 76 77 255 70 76 77 255 71 69 66 255 73 56 45 255 58 39 28 207 25 18 15 111 25 18 15 111 
22 15 17 111 22 15 17 111 51 28 35 207 65 35 45 255 65 35 45 255 68 38 43 255 76 42 40 255 80 45 39 255 80 45 39 255 62 35 31 207 26 17 16 111 26 17 16 111 
51 28 35 207 51 28 35 207 102 35 56 239 127 39 67 255 127 39 67 255 138 46 62 255 160 60 54 255 172 67 50 255 172 67 50 255 135 56 44 239 62 35 31 207 62 35 31 207 
51 28 35 207 51 28 35 207 102 35 56 239 127 39 66 255 127 39 66 255 138 46 62 255 160 60 54 255 171 66 50 255 171 66 50 255 135 56 44 239 62 35 31 207 62 35 31 207 
22 15 17 111 22 15 17 111 51 28 35 207 65 35 44 255 65 35 44 255 68 38 43 255 76 42 40 255 79 44 39 255 79 44 39 255 62 35 31 207 26 17 16 111 26 17 16 111 
8 8 8 63 8 8 8 63 25 25 25 191 40 35 34 255 54 39 35 255 64 43 35 255 71 47 35 255 64 45 34 255 44 37 34 255 25 25 25 191 8 8 8 63 8 8 8 63 
8 8 8 63 8 8 8 63 25 25 25 191 54 39 35 255 95 50 37 255 125 62 38 255 146 74 37 255 125 68 35 255 64 45 34 255 25 25 25 191 8 8 8 63 8 8 8 63 
8 8 8 63 8 8 8 63 25 25 25 191 61 41 35 255 115 56 39 255 156 71 40 255 183 87 38 255 156 80 36 255 74 49 34 255 25 25 25 191 8 8 8 63 8 8 8 63 
8 8 8 63 8 8 8 63 25 25 25 191 61 41 35 255 115 56 39 255 156 71 40 255 183 87 38 255 156 80 36 255 74 49 34 255 25 25 25 191 8 8 8 63 8 8 8 63 
8 8 8 63 8 8 8 63 25 25 25 191 61 41 35 255 115 56 39 255 156 71 40 255 183 87 38 255 156 80 36 255 74 49 34 255 25 25 25 191 8 8 8 63 8 8 8 63 
8 8 8 63 8 8 8 63 25 25 25 191 61 41 35 255 115 56 39 255 156 71 40 255 183 87 38 255 156 80 36 255 74 49 34 255 25 25 25 191 8 8 8 63 8 8 8 63 
8 8 8 63 8 8 8 63 25 25 25 191 61 41 35 255 115 56 39 255 156 71 40 255 183 87 38 255 156 80 36 255 74 49 34 255 25 25 25 191 8 8 8 63 8 8 8 63 
8 8 8 63 8 8 8 63 25 25 25 191 61 41 35 255 115 56 39 255 156 71 40 255 183 87 38 255 156 80 36 255 74 49 34 255 25 25 25 191 8 8 8 63 8 8 8 63 
8 8 8 63 8 8 8 63 25 25 25 191 61 41 35 255 115 56 39 255 156 71 40 255 183 87 38 255 156 80 36 255 74 49 34 255 25 25 25 191 8 8 8 63 8 8 8 63 
8 8 8 63 8 8 8 63 25 25 25 191 61 41 35 255 115 56 39 255 156 71 40 255 183 87 38 255 156 80 36 255 74 49 34 255 25 25 25 191 8 8 8 63 8 8 8 63 
8 8 8 63 8 8 8 63 25 25 25 191 61 41 35 255 115 56 39 255 156 71 40 255 183 87 38 255 156 80 36 255 74 49 34 255 25 25 25 191 8 8 8 63 8 8 8 63 
8 8 8 63 8 8 8 63 25 25 25 191 61 41 35 255 115 56 39 255 156 71 40 255 183 87 38 255 156 80 36 255 74 49 34 255 25 25 25 191 8 8 8 63 8 8 8 63 
8 8 8 63 8 8 8 63 25 25 25 191 61 41 35 255 115 56 39 255 156 71 40 255 183 87 38 255 156 80 36 255 74 49 34 255 25 25 25 191 8 8 8 63 8 8 8 63 
8 8 8 63 8 8 8 63 25 25 25 191 61 41 35 255 115 56 39 255 156 71 40 255 183 87 38 255 156 80 36 255 74 49 34 255 25 25 25 191 8 8 8 63 8 8 8 63 
8 8 8 63 8 8 8 63 25 25 25 191 61 41 35 255 115 56 39 255 156 71 40 255 183 87 38 255 156 80 36 255 74 49 34 255 25 25 25 191 8 8 8 63 8 8 8 63 
8 8 8 63 8 8 8 63 25 25 25 191 61 41 35 255 115 56 39 255 156 71 40 255 183 87 38 255 156 80 36 255 74 49 34 255 25 25 25 191 8 8 8 63 8 8 8 63 
8 8 8 63 8 8 8 63 25 25 25 191 61 41 35 255 115 56 39 255 156 71 40 255 183 87 38 255 156 80 36 255 74 49 34 255 25 25 25 191 8 8 8 63 8 8 8 63 
8 8 8 63 8 8 8 63 25 25 25 191 61 41 35 255 115 56 39 255 156 71 40 255 183 87 38 255 156 80 36 255 74 49 34 255 25 25 25 191 8 8 8 63 8 8 8 63 
8 8 8 63 8 8 8 63 25 25 25 191 61 41 35 255 115 56 39 255 156 71 40 255 183 87 38 255 156 80 36 255 74 49 34 255 25 25 25 191 8 8 8 63 8 8 8 63 
8 8 8 63 8 8 8 63 25 25 25 191 61 41 35 255 115 56 39 255 156 71 40 255 183 87 38 255 156 80 36 255 74 49 34 255 25 25 25 191 8 8 8 63 8 8 8 63 
8 8 8 63 8 8 8 63 25 25 25 191 61 41 35 255 115 56 39 255 156 71 40 255 183 87 38 255 156 80 36 255 74 49 34 255 25 25 25 191 8 8 8 63 8 8 8 63 
8 8 8 63 8 8 8 63 25 25 25 191 61 41 35 255 115 56 39 255 156 71 40 255 183 87 38 255 156 80 36 255 74 49 34 255 25 25 25 191 8 8 8 63 8 8 8 63 
8 8 8 63 8 8 8 63 25 25 25 191 61 41 35 255 115 56 39 255 156 71 40 255 183 87 38 255 156 80 36 255 74 49 34 255 25 25 25 191 8 8 8 63 8 8 8 63 
8 8 8 63 8 8 8 63 25 25 25 191 61 41 35 255 115 56 39 255 156 71 40 255 183 87 38 255 156 80 36 255 74 49 34 255 25 25 25 191 8 8 8 63 8 8 8 63 
8 8 8 63 8 8 8 63 25 25 25 191 61 41 35 255 115 56 39 255 156 71 40 255 183 87 38 255 156 80 36 255 74 49 34 255 25 25 25 191 8 8 8 63 8 8 8 63 
8 8 8 63 8 8 8 63 25 25 25 191 61 41 35 255 115 56 39 255 156 71 40 255 183 87 38 255 156 80 36 255 74 49 34 255 25 25 25 191 8 8 8 63 8 8 8 63 
8 8 8 63 8 8 8 63 25 25 25 191 61 41 35 255 115 56 39 255 156 71 40 255 183 87 38 255 156 80 36 255 74 49 34 255 25 25 25 191 8 8 8 63 8 8 8 63 
8 8 8 63 8 8 8 63 25 25 25 191 61 41 35 255 115 56 39 255 156 71 40 255 183 87 38 255 156 80 36 255 74 49 34 255 25 25 25 191 8 8 8 63 8 8 8 63 
8 8 8 63 8 8 8 63 25 25 25 191 61 41 35 255 115 56 39 255 156 71 40 255 183 87 38 255 156 80 36 255 74 49 34 255 25 25 25 191 8 8 8 63 8 8 8 63 
8 8 8 63 8 8 8 63 25 25 25 191 61 41 35 255 115 56 39 255 156 71 40 255 183 87 38 255 156 80 36 255 74 49 34 255 25 25 25 191 8 8 8 63 8 8 8 63 
8 8 8 63 8 8 8 63 25 25 25 191 61 41 35 255 115 56 39 255 156 71 40 255 183 87 38 255 156 80 36 255 74 49 34 255 25 25 25 191 8 8 8 63 8 8 8 63 
8 8 8 63 8 8 8 63 25 25 25 191 61 41 35 255 115 56 39 255 156 71 40 255 183 87 38 255 156 80 36 255 74 49 34 255 25 25 25 191 8 8 8 63 8 8 8 63 
8 8 8 63 8 8 8 63 25 25 25 191 61 41 35 255 115 56 39 255 156 71 40 255 183 87 38 255 156 80 36 255 74 49 34 255 25 25 25 191 8 8 8 63 8 8 8 63 
8 8 8 63 8 8 8 63 25 25 25 191 61 41 35 255 115 56 39 255 156 71 40 255 183 87 38 255 156 80 36 255 74 49 34 255 25 25 25 191 8 8 8 63 8 8 8 63 
8 8 8 63 8 8 8 63 25 25 25 191 54 39 35 255 95 50 37 255 125 62 38 255 146 74 37 255 125 68 35 255 64 45 34 255 25 25 25 191 8 8 8 63 8 8 8 63 
8 8 8 63 8 8 8 63 25 25 25 191 40 35 34 255 54 39 35 255 64 43 35 255 71 47 35 255 64 45 34 255 44 37 34 255 25 25 25 191 8 8 8 63 8 8 8 63 
8 8 8 63 8 8 8 63 25 25 25 191 40 35 34 255 54 39 35 255 64 43 35 255 71 47 35 255 64 45 34 255 44 37 34 255 25 25 25 191 8 8 8 63 8 8 8 63 
