2 2 2 15 2 2 2 15 6 6 6 47 27 28 16 111 65 69 33 207 99 75 73 255 127 49 137 255 142 36 170 255 142 36 170 255 121 35 144 255 81 34 93 255 47 28 53 207 21 15 23 111 6 6 6 47 2 2 2 15 2 2 2 15 
2 2 2 15 2 2 2 15 6 6 6 47 27 28 16 111 65 69 33 207 99 75 73 255 127 49 137 255 142 36 170 255 142 36 170 255 121 35 144 255 81 34 93 255 47 28 53 207 21 15 23 111 6 6 6 47 2 2 2 15 2 2 2 15 
6 6 6 47 6 6 6 47 19 19 19 143 65 69 33 207 146 156 49 239 175 158 85 255 153 76 141 255 142 36 170 255 142 36 170 255 135 35 161 255 121 35 144 255 92 33 108 239 47 28 53 207 19 19 19 143 6 6 6 47 6 6 6 47 
17 16 16 111 17 16 16 111 34 32 32 207 92 93 46 255 189 201 58 255 220 213 84 255 184 131 124 255 160 77 150 255 148 49 163 255 142 36 169 255 142 36 170 255 117 37 137 255 68 39 72 255 34 32 32 207 17 16 16 111 17 16 16 111 
34 32 32 207 34 32 32 207 53 45 45 239 106 103 55 255 194 204 61 255 232 241 71 255 220 213 84 255 196 159 110 255 160 77 150 255 142 36 169 255 142 36 170 255 122 40 140 255 82 48 81 255 53 45 45 239 34 32 32 207 34 32 32 207 
43 40 40 255 43 40 39 255 62 52 51 255 113 107 59 255 196 205 63 255 238 255 65 255 238 255 65 255 220 213 84 255 184 131 124 255 160 77 150 255 148 49 163 255 124 41 142 255 89 53 86 255 62 52 52 255 43 40 40 255 43 40 39 255 
43 40 40 255 43 40 39 255 62 52 51 255 113 107 59 255 196 205 63 255 238 255 65 255 238 255 65 255 232 241 71 255 220 213 84 255 196 159 110 255 160 77 150 255 124 41 142 255 89 53 86 255 62 52 52 255 43 40 40 255 43 40 39 255 
47 40 38 255 47 40 38 255 75 53 48 255 116 96 56 255 169 169 60 255 206 218 63 255 227 242 64 255 238 255 65 255 238 255 65 255 209 201 84 255 152 95 122 255 119 48 119 255 108 61 75 255 85 59 48 255 51 42 38 255 51 42 38 255 
56 41 36 255 56 41 36 255 102 55 42 255 122 74 48 255 116 96 56 255 144 144 61 255 206 218 63 255 238 255 65 255 238 255 65 255 200 204 70 255 126 103 80 255 108 61 75 255 146 78 53 255 132 73 40 255 66 47 36 255 66 47 36 255 
48 33 28 207 48 33 28 207 93 48 35 239 109 57 42 255 96 59 50 255 116 96 56 255 169 169 60 255 196 206 63 255 196 206 63 255 173 171 60 255 126 102 55 255 116 71 48 255 142 77 40 255 123 66 33 239 58 39 28 207 58 39 28 207 
21 16 15 111 21 16 15 111 48 33 28 207 77 46 38 255 109 57 42 255 122 74 48 255 116 96 56 255 113 108 59 255 113 108 59 255 126 102 55 255 152 92 46 255 143 77 40 255 97 58 36 255 58 39 28 207 25 18 15 111 25 18 15 111 
8 8 8 63 8 8 8 63 25 25 25 191 61 41 35 255 115 56 39 255 129 63 44 255 103 61 50 255 93 62 53 255 99 66 53 255 126 75 48 255 173 89 40 255 156 80 36 255 74 49 34 255 25 25 25 191 8 8 8 63 8 8 8 63 
8 8 8 63 8 8 8 63 25 25 25 191 61 41 35 255 115 56 39 255 138 63 42 255 129 63 44 255 135 68 44 255 155 80 43 255 173 89 40 255 189 93 38 255 156 80 36 255 74 49 34 255 25 25 25 191 8 8 8 63 8 8 8 63 
6 6 6 47 6 6 6 47 19 19 19 143 48 33 28 207 93 48 35 239 122 58 39 255 136 62 40 255 156 71 40 255 183 87 38 255 186 92 36 255 166 84 36 255 123 66 33 239 58 39 28 207 19 19 19 143 6 6 6 47 6 6 6 47 
2 2 2 15 2 2 2 15 6 6 6 47 21 16 15 111 48 33 28 207 81 47 37 255 122 58 39 255 156 71 40 255 183 87 38 255 166 84 36 255 105 61 35 255 58 39 28 207 25 18 15 111 6 6 6 47 2 2 2 15 2 2 2 15 
0 0 0 0 0 0 0 0 0 0 0 0 8 8 8 63 25 25 25 191 61 41 35 255 115 56 39 255 156 71 40 255 183 87 38 255 156 80 36 255 74 49 34 255 25 25 25 191 8 8 8 63 0 0 0 0 0 0 0 0 0 0 0 0 
0 0 0 0 0 0 0 0 0 0 0 0 8 8 8 63 25 25 25 191 61 41 35 255 115 56 39 255 156 71 40 255 183 87 38 255 156 80 36 255 74 49 34 255 25 25 25 191 8 8 8 63 0 0 0 0 0 0 0 0 0 0 0 0 
0 0 0 0 0 0 0 0 0 0 0 0 8 8 8 63 25 25 25 191 61 41 35 255 115 56 39 255 156 71 40 255 183 87 38 255 156 80 36 255 74 49 34 255 25 25 25 191 8 8 8 63 0 0 0 0 0 0 0 0 0 0 0 0 
0 0 0 0 0 0 0 0 0 0 0 0 8 8 8 63 25 25 25 191 61 41 35 255 115 56 39 255 156 71 40 255 183 87 38 255 156 80 36 255 74 49 34 255 25 25 25 191 8 8 8 63 0 0 0 0 0 0 0 0 0 0 0 0 
0 0 0 0 0 0 0 0 0 0 0 0 8 8 8 63 25 25 25 191 61 41 35 255 115 56 39 255 156 71 40 255 183 87 38 255 156 80 36 255 74 49 34 255 25 25 25 191 8 8 8 63 0 0 0 0 0 0 0 0 0 0 0 0 
0 0 0 0 0 0 0 0 0 0 0 0 8 8 8 63 25 25 25 191 61 41 35 255 115 56 39 255 156 71 40 255 183 87 38 255 156 80 36 255 74 49 34 255 25 25 25 191 8 8 8 63 0 0 0 0 0 0 0 0 0 0 0 0 
0 0 0 0 0 0 0 0 0 0 0 0 8 8 8 63 25 25 25 191 61 41 35 255 115 56 39 255 156 71 40 255 183 87 38 255 156 80 36 255 74 49 34 255 25 25 25 191 8 8 8 63 0 0 0 0 0 0 0 0 0 0 0 0 
0 0 0 0 0 0 0 0 0 0 0 0 8 8 8 63 25 25 25 191 61 41 35 255 115 56 39 255 156 71 40 255 183 87 38 255 156 80 36 255 74 49 34 255 25 25 25 191 8 8 8 63 0 0 0 0 0 0 0 0 0 0 0 0 
0 0 0 0 0 0 0 0 0 0 0 0 8 8 8 63 25 25 25 191 61 41 35 255 115 56 39 255 156 71 40 255 183 87 38 255 156 80 36 255 74 49 34 255 25 25 25 191 8 8 8 63 0 0 0 0 0 0 0 0 0 0 0 0 
0 0 0 0 0 0 0 0 0 0 0 0 8 8 8 63 25 25 25 191 61 41 35 255 115 56 39 255 156 71 40 255 183 87 38 255 156 80 36 255 74 49 34 255 25 25 25 191 8 8 8 63 0 0 0 0 0 0 0 0 0 0 0 0 
0 0 0 0 0 0 0 0 0 0 0 0 8 8 8 63 25 25 25 191 61 41 35 255 115 56 39 255 156 71 40 255 183 87 38 255 156 80 36 255 74 49 34 255 25 25 25 191 8 8 8 63 0 0 0 0 0 0 0 0 0 0 0 0 
0 0 0 0 0 0 0 0 0 0 0 0 8 8 8 63 25 25 25 191 61 41 35 255 115 56 39 255 156 71 40 255 183 87 38 255 156 80 36 255 74 49 34 255 25 25 25 191 8 8 8 63 0 0 0 0 0 0 0 0 0 0 0 0 
0 0 0 0 0 0 0 0 0 0 0 0 8 8 8 63 25 25 25 191 61 41 35 255 115 56 39 255 156 71 40 255 183 87 38 255 156 80 36 255 74 49 34 255 25 25 25 191 8 8 8 63 0 0 0 0 0 0 0 0 0 0 0 0 
0 0 0 0 0 0 0 0 0 0 0 0 8 8 8 63 25 25 25 191 61 41 35 255 115 56 39 255 156 71 40 255 183 87 38 255 156 80 36 255 74 49 34 255 25 25 25 191 8 8 8 63 0 0 0 0 0 0 0 0 0 0 0 0 
0 0 0 0 0 0 0 0 0 0 0 0 8 8 8 63 25 25 25 191 61 41 35 255 115 56 39 255 156 71 40 255 183 87 38 255 156 80 36 255 74 49 34 255 25 25 25 191 8 8 8 63 0 0 0 0 0 0 0 0 0 0 0 0 
0 0 0 0 0 0 0 0 0 0 0 0 8 8 8 63 25 25 25 191 61 41 35 255 115 56 39 255 156 71 40 255 183 87 38 255 156 80 36 255 74 49 34 255 25 25 25 191 8 8 8 63 0 0 0 0 0 0 0 0 0 0 0 0 
0 0 0 0 0 0 0 0 0 0 0 0 8 8 8 63 25 25 25 191 61 41 35 255 115 56 39 255 156 71 40 255 183 87 38 255 156 80 36 255 74 49 34 255 25 25 25 191 8 8 8 63 0 0 0 0 0 0 0 0 0 0 0 0 
0 0 0 0 0 0 0 0 0 0 0 0 8 8 8 63 25 25 25 191 61 41 35 255 115 56 39 255 156 71 40 255 183 87 38 255 156 80 36 255 74 49 34 255 25 25 25 191 8 8 8 63 0 0 0 0 0 0 0 0 0 0 0 0 
0 0 0 0 0 0 0 0 0 0 0 0 8 8 8 63 25 25 25 191 61 41 35 255 115 56 39 255 156 71 40 255 183 87 38 255 156 80 36 255 74 49 34 255 25 25 25 191 8 8 8 63 0 0 0 0 0 0 0 0 0 0 0 0 
0 0 0 0 0 0 0 0 0 0 0 0 8 8 8 63 25 25 25 191 61 41 35 255 115 56 39 255 156 71 40 255 183 87 38 255 156 80 36 255 74 49 34 255 25 25 25 191 8 8 8 63 0 0 0 0 0 0 0 0 0 0 0 0 
0 0 0 0 0 0 0 0 0 0 0 0 8 8 8 63 25 25 25 191 61 41 35 255 115 56 39 255 156 71 40 255 183 87 38 255 156 80 36 255 74 49 34 255 25 25 25 191 8 8 8 63 0 0 0 0 0 0 0 0 0 0 0 0 
0 0 0 0 0 0 0 0 0 0 0 0 8 8 8 63 25 25 25 191 61 41 35 255 115 56 39 255 156 71 40 255 183 87 38 255 156 80 36 255 74 49 34 255 25 25 25 191 8 8 8 63 0 0 0 0 0 0 0 0 0 0 0 0 
0 0 0 0 0 0 0 0 0 0 0 0 8 8 8 63 25 25 25 191 61 41 35 255 115 56 39 255 156 71 40 255 183 87 38 255 156 80 36 255 74 49 34 255 25 25 25 191 8 8 8 63 0 0 0 0 0 0 0 0 0 0 0 0 
0 0 0 0 0 0 0 0 0 0 0 0 8 8 8 63 25 25 25 191 61 41 35 255 115 56 39 255 156 71 40 255 183 87 38 255 156 80 36 255 74 49 34 255 25 25 25 191 8 8 8 63 0 0 0 0 0 0 0 0 0 0 0 0 
0 0 0 0 0 0 0 0 0 0 0 0 8 8 8 63 25 25 25 191 61 41 35 255 115 56 39 255 156 71 40 255 183 87 38 255 156 80 36 255 74 49 34 255 25 25 25 191 8 8 8 63 0 0 0 0 0 0 0 0 0 0 0 0 
0 0 0 0 0 0 0 0 0 0 0 0 8 8 8 63 25 25 25 191 61 41 35 255 115 56 39 255 156 71 40 255 183 87 38 255 156 80 36 255 74 49 34 255 25 25 25 191 8 8 8 63 0 0 0 0 0 0 0 0 0 0 0 0 
0 0 0 0 0 0 0 0 0 0 0 0 8 8 8 63 25 25 25 191 61 41 35 255 115 56 39 255 156 71 40 255 183 87 38 255 156 80 36 255 74 49 34 255 25 25 25 191 8 8 8 63 0 0 0 0 0 0 0 0 0 0 0 0 
0 0 0 0 0 0 0 0 0 0 0 0 8 8 8 63 25 25 25 191 61 41 35 255 115 56 39 255 156 71 40 255 183 87 38 255 156 80 36 255 74 49 34 255 25 25 25 191 8 8 8 63 0 0 0 0 0 0 0 0 0 0 0 0 
0 0 0 0 0 0 0 0 0 0 0 0 8 8 8 63 25 25 25 191 61 41 35 255 115 56 39 255 156 71 40 255 183 87 38 255 156 80 36 255 74 49 34 255 25 25 25 191 8 8 8 63 0 0 0 0 0 0 0 0 0 0 0 0 
0 0 0 0 0 0 0 0 0 0 0 0 8 8 8 63 25 25 25 191 61 41 35 255 115 56 39 255 156 71 40 255 183 87 38 255 156 80 36 255 74 49 34 255 25 25 25 191 8 8 8 63 0 0 0 0 0 0 0 0 0 0 0 0 
0 0 0 0 0 0 0 0 0 0 0 0 8 8 8 63 25 25 25 191 61 41 35 255 115 56 39 255 156 71 40 255 183 87 38 255 156 80 36 255 74 49 34 255 25 25 25 191 8 8 8 63 0 0 0 0 0 0 0 0 0 0 0 0 
0 0 0 0 0 0 0 0 0 0 0 0 8 8 8 63 25 25 25 191 61 41 35 255 115 56 39 255 156 71 40 255 183 87 38 255 156 80 36 255 74 49 34 255 25 25 25 191 8 8 8 63 0 0 0 0 0 0 0 0 0 0 0 0 
0 0 0 0 0 0 0 0 0 0 0 0 8 8 8 63 25 25 25 191 61 41 35 255 115 56 39 255 156 71 40 255 183 87 38 255 156 80 36 255 74 49 34 255 25 25 25 191 8 8 8 63 0 0 0 0 0 0 0 0 0 0 0 0 
0 0 0 0 0 0 0 0 0 0 0 0 8 8 8 63 25 25 25 191 61 41 35 255 115 56 39 255 156 71 40 255 183 87 38 255 156 80 36 255 74 49 34 255 25 25 25 191 8 8 8 63 0 0 0 0 0 0 0 0 0 0 0 0 
0 0 0 0 0 0 0 0 0 0 0 0 8 8 8 63 25 25 25 191 61 41 35 255 115 56 39 255 156 71 40 255 183 87 38 255 156 80 36 255 74 49 34 255 25 25 25 191 8 8 8 63 0 0 0 0 0 0 0 0 0 0 0 0 
0 0 0 0 0 0 0 0 0 0 0 0 8 8 8 63 25 25 25 191 61 41 35 255 115 56 39 255 156 71 40 255 183 87 38 255 156 80 36 255 74 49 34 255 25 25 25 191 8 8 8 63 0 0 0 0 0 0 0 0 0 0 0 0 
0 0 0 0 0 0 0 0 0 0 0 0 8 8 8 63 25 25 25 191 61 41 35 255 115 56 39 255 156 71 40 255 183 87 38 255 156 80 36 255 74 49 34 255 25 25 25 191 8 8 8 63 0 0 0 0 0 0 0 0 0 0 0 0 
0 0 0 0 0 0 0 0 0 0 0 0 8 8 8 63 25 25 25 191 61 41 35 255 115 56 39 255 156 71 40 255 183 87 38 255 156 80 36 255 74 49 34 255 25 25 25 191 8 8 8 63 0 0 0 0 0 0 0 0 0 0 0 0 
0 0 0 0 0 0 0 0 0 0 0 0 8 8 8 63 25 25 25 191 61 41 35 255 115 56 39 255 156 71 40 255 183 87 38 255 156 80 36 255 74 49 34 255 25 25 25 191 8 8 8 63 0 0 0 0 0 0 0 0 0 0 0 0 
0 0 0 0 0 0 0 0 0 0 0 0 8 8 8 63 25 25 25 191 61 41 35 255 115 56 39 255 156 71 40 255 183 87 38 255 156 80 36 255 74 49 34 255 25 25 25 191 8 8 8 63 0 0 0 0 0 0 0 0 0 0 0 0 
0 0 0 0 0 0 0 0 0 0 0 0 8 8 8 63 25 25 25 191 61 41 35 255 115 56 39 255 156 71 40 255 183 87 38 255 156 80 36 255 74 49 34 255 25 25 25 191 8 8 8 63 0 0 0 0 0 0 0 0 0 0 0 0 
0 0 0 0 0 0 0 0 0 0 0 0 8 8 8 63 25 25 25 191 61 41 35 255 115 56 39 255 156 71 40 255 183 87 38 255 156 80 36 255 74 49 34 255 25 25 25 191 8 8 8 63 0 0 0 0 0 0 0 0 0 0 0 0 
0 0 0 0 0 0 0 0 0 0 0 0 8 8 8 63 25 25 25 191 54 39 35 255 95 50 37 255 125 62 38 255 146 74 37 255 125 68 35 255 64 45 34 255 25 25 25 191 8 8 8 63 0 0 0 0 0 0 0 0 0 0 0 0 
0 0 0 0 0 0 0 0 0 0 0 0 8 8 8 63 25 25 25 191 40 35 34 255 54 39 35 255 64 43 35 255 71 47 35 255 64 45 34 255 44 37 34 255 25 25 25 191 8 8 8 63 0 0 0 0 0 0 0 0 0 0 0 0 
0 0 0 0 0 0 0 0 0 0 0 0 8 8 8 63 25 25 25 191 40 35 34 255 54 39 35 255 64 43 35 255 71 47 35 255 64 45 34 255 44 37 34 255 25 25 25 191 8 8 8 63 0 0 0 0 0 0 0 0 0 0 0 0 
