0 0 0 0 0 0 0 0 0 0 0 0 0 0 0 0 0 0 0 0 2 2 2 15 6 6 6 47 19 26 25 111 42 61 59 207 62 81 78 255 80 85 82 255 68 67 65 207 28 28 27 111 6 6 6 47 2 2 2 15 0 0 0 0 0 0 0 0 0 0 0 0 0 0 0 0 0 0 0 0 
0 0 0 0 0 0 0 0 0 0 0 0 0 0 0 0 0 0 0 0 2 2 2 15 6 6 6 47 19 26 25 111 42 61 59 207 62 81 78 255 80 85 82 255 68 67 65 207 28 28 27 111 6 6 6 47 2 2 2 15 0 0 0 0 0 0 0 0 0 0 0 0 0 0 0 0 0 0 0 0 
0 0 0 0 0 0 0 0 0 0 0 0 0 0 0 0 0 0 0 0 6 6 6 47 19 19 19 143 42 61 59 207 76 133 128 239 120 175 168 255 172 187 180 255 155 151 146 239 68 67 65 207 19 19 19 143 6 6 6 47 0 0 0 0 0 0 0 0 0 0 0 0 0 0 0 0 0 0 0 0 
0 0 0 0 0 0 0 0 0 0 0 0 2 2 2 15 6 6 6 47 19 26 25 111 42 61 59 207 68 112 109 255 98 180 173 255 148 222 213 255 218 238 229 255 211 207 198 255 129 127 122 255 68 67 65 207 28 28 27 111 6 6 6 47 2 2 2 15 0 0 0 0 0 0 0 0 0 0 0 0 
0 0 0 0 0 0 0 0 0 0 0 0 6 6 6 47 19 19 19 143 42 61 59 207 76 133 128 239 98 180 173 255 108 202 195 255 148 222 213 255 218 238 229 255 239 233 224 255 211 207 198 255 155 151 146 239 68 67 65 207 19 19 19 143 6 6 6 47 0 0 0 0 0 0 0 0 0 0 0 0 
0 0 0 0 0 0 0 0 0 0 0 0 8 8 8 63 25 25 25 191 54 79 77 255 94 169 163 255 113 214 206 255 113 214 206 255 148 222 213 255 218 238 229 255 253 247 237 255 253 246 237 255 198 193 186 255 88 87 84 255 25 25 25 191 8 8 8 63 0 0 0 0 0 0 0 0 0 0 0 0 
0 0 0 0 0 0 0 0 0 0 0 0 8 8 8 63 25 25 25 191 54 79 77 255 94 169 163 255 113 214 206 255 113 214 206 255 148 222 213 255 218 238 229 255 253 247 237 255 253 247 237 255 198 193 186 255 88 87 84 255 25 25 25 191 8 8 8 63 0 0 0 0 0 0 0 0 0 0 0 0 
0 0 0 0 0 0 0 0 0 0 0 0 8 8 8 63 25 25 25 191 54 79 77 255 94 169 163 255 113 214 206 255 113 214 206 255 148 222 213 255 218 238 229 255 253 247 237 255 253 247 237 255 198 193 186 255 88 87 84 255 25 25 25 191 8 8 8 63 0 0 0 0 0 0 0 0 0 0 0 0 
0 0 0 0 0 0 0 0 0 0 0 0 8 8 8 63 25 25 25 191 54 79 77 255 94 169 163 255 113 214 206 255 113 214 206 255 148 222 213 255 218 238 229 255 253 247 237 255 253 247 237 255 198 193 186 255 88 87 84 255 25 25 25 191 8 8 8 63 0 0 0 0 0 0 0 0 0 0 0 0 
0 0 0 0 0 0 0 0 0 0 0 0 8 8 8 63 25 25 25 191 54 79 77 255 94 169 163 255 113 214 206 255 113 214 206 255 148 222 213 255 218 238 229 255 253 247 237 255 253 247 237 255 198 193 186 255 88 87 84 255 25 25 25 191 8 8 8 63 0 0 0 0 0 0 0 0 0 0 0 0 
0 0 0 0 0 0 0 0 0 0 0 0 8 8 8 63 25 25 25 191 54 79 77 255 94 169 163 255 113 214 206 255 113 214 206 255 148 222 213 255 218 238 229 255 253 247 237 255 253 247 237 255 198 193 186 255 88 87 84 255 25 25 25 191 8 8 8 63 0 0 0 0 0 0 0 0 0 0 0 0 
0 0 0 0 0 0 0 0 0 0 0 0 8 8 8 63 25 25 25 191 54 79 77 255 94 169 163 255 113 214 206 255 113 214 206 255 148 222 213 255 218 238 229 255 253 247 237 255 253 247 237 255 198 193 186 255 88 87 84 255 25 25 25 191 8 8 8 63 0 0 0 0 0 0 0 0 0 0 0 0 
0 0 0 0 0 0 0 0 0 0 0 0 8 8 8 63 25 25 25 191 54 79 77 255 94 169 163 255 113 214 206 255 113 214 206 255 148 222 213 255 218 238 229 255 253 247 237 255 253 247 237 255 198 193 186 255 88 87 84 255 25 25 25 191 8 8 8 63 0 0 0 0 0 0 0 0 0 0 0 0 
0 0 0 0 0 0 0 0 0 0 0 0 8 8 8 63 25 25 25 191 54 79 77 255 94 169 163 255 113 214 206 255 113 214 206 255 148 222 213 255 218 238 229 255 253 247 237 255 253 247 237 255 198 193 186 255 88 87 84 255 25 25 25 191 8 8 8 63 0 0 0 0 0 0 0 0 0 0 0 0 
0 0 0 0 0 0 0 0 0 0 0 0 8 8 8 63 25 25 25 191 54 79 77 255 94 169 163 255 113 214 206 255 113 213 206 255 148 222 213 255 218 238 229 255 253 247 237 255 253 247 237 255 198 193 186 255 88 87 84 255 25 25 25 191 8 8 8 63 0 0 0 0 0 0 0 0 0 0 0 0 
0 0 0 0 0 0 0 0 0 0 0 0 8 8 8 63 25 25 25 191 54 79 77 255 94 169 163 255 113 214 206 255 113 214 206 255 148 222 213 255 218 238 229 255 253 247 237 255 253 247 237 255 198 193 186 255 88 87 84 255 25 25 25 191 8 8 8 63 0 0 0 0 0 0 0 0 0 0 0 0 
0 0 0 0 0 0 0 0 0 0 0 0 8 8 8 63 25 25 25 191 54 79 77 255 94 169 163 255 113 214 206 255 113 213 206 255 148 222 213 255 218 238 229 255 253 247 237 255 253 247 237 255 198 193 186 255 88 87 84 255 25 25 25 191 8 8 8 63 0 0 0 0 0 0 0 0 0 0 0 0 
0 0 0 0 0 0 0 0 0 0 0 0 8 8 8 63 25 25 25 191 54 79 77 255 94 169 163 255 113 214 206 255 113 214 206 255 148 222 213 255 218 238 229 255 253 247 237 255 253 247 237 255 198 193 186 255 88 87 84 255 25 25 25 191 8 8 8 63 0 0 0 0 0 0 0 0 0 0 0 0 
0 0 0 0 0 0 0 0 0 0 0 0 8 8 8 63 25 25 25 191 54 79 77 255 94 169 163 255 113 214 206 255 113 213 206 255 148 222 213 255 218 238 229 255 253 247 237 255 253 247 237 255 198 193 186 255 88 87 84 255 25 25 25 191 8 8 8 63 0 0 0 0 0 0 0 0 0 0 0 0 
0 0 0 0 0 0 0 0 0 0 0 0 8 8 8 63 25 25 25 191 54 79 77 255 94 169 163 255 113 214 206 255 113 214 206 255 148 222 213 255 218 238 229 255 253 247 237 255 253 247 237 255 198 193 186 255 88 87 84 255 25 25 25 191 8 8 8 63 0 0 0 0 0 0 0 0 0 0 0 0 
0 0 0 0 0 0 0 0 0 0 0 0 8 8 8 63 25 25 25 191 54 79 77 255 94 169 163 255 113 214 206 255 113 213 206 255 148 222 213 255 218 238 229 255 253 247 237 255 253 247 237 255 198 193 186 255 88 87 84 255 25 25 25 191 8 8 8 63 0 0 0 0 0 0 0 0 0 0 0 0 
0 0 0 0 0 0 0 0 0 0 0 0 8 8 8 63 25 25 25 191 54 79 77 255 94 169 163 255 113 214 206 255 113 214 206 255 148 222 213 255 218 238 229 255 253 247 237 255 253 247 237 255 198 193 186 255 88 87 84 255 25 25 25 191 8 8 8 63 0 0 0 0 0 0 0 0 0 0 0 0 
0 0 0 0 0 0 0 0 0 0 0 0 8 8 8 63 25 25 25 191 54 79 77 255 94 169 163 255 113 214 206 255 113 214 206 255 148 222 213 255 218 238 229 255 253 247 237 255 253 247 237 255 198 193 186 255 88 87 84 255 25 25 25 191 8 8 8 63 0 0 0 0 0 0 0 0 0 0 0 0 
8 8 8 63 8 8 8 63 8 8 8 63 14 14 14 111 27 27 27 207 54 79 77 255 94 169 163 255 113 214 206 255 113 214 206 255 148 222 213 255 218 238 229 255 253 247 237 255 253 247 237 255 198 193 186 255 88 87 84 255 27 27 27 207 14 14 14 111 8 8 8 63 8 8 8 63 8 8 8 63 
25 25 25 191 25 25 25 191 25 25 25 191 27 27 27 207 31 31 31 239 54 79 77 255 94 169 163 255 113 214 206 255 113 214 206 255 148 222 213 255 218 238 229 255 253 247 237 255 253 247 237 255 198 193 186 255 88 87 84 255 31 31 31 239 27 27 27 207 25 25 25 191 25 25 25 191 25 25 25 191 
37 42 41 255 37 42 41 255 43 59 55 255 43 59 55 255 37 42 41 255 49 67 66 255 79 135 130 255 94 169 163 255 94 169 163 255 120 175 168 255 172 187 180 255 198 193 186 255 198 193 186 255 157 153 148 255 75 73 72 255 37 42 41 255 43 59 55 255 43 59 55 255 37 42 41 255 37 42 41 255 
43 59 55 255 43 59 55 255 62 109 98 255 62 109 98 255 43 59 55 255 39 45 44 255 49 67 66 255 54 79 77 255 54 79 77 255 62 81 78 255 80 85 82 255 88 87 84 255 88 87 84 255 75 73 72 255 47 47 46 255 43 59 55 255 62 109 98 255 62 109 98 255 43 59 55 255 43 59 55 255 
46 67 62 255 46 67 62 255 72 134 119 255 75 142 126 255 56 92 83 255 43 59 55 255 37 42 41 255 45 36 36 255 67 42 42 255 78 44 45 255 78 44 45 255 67 42 42 255 45 36 36 255 37 42 41 255 43 59 55 255 56 92 83 255 75 142 126 255 72 134 119 255 46 67 62 255 46 67 62 255 
46 67 62 255 46 67 62 255 72 134 119 255 81 159 140 255 75 142 126 255 62 109 98 255 43 59 55 255 67 42 43 255 134 58 61 255 167 67 69 255 167 67 69 255 134 58 60 255 67 42 42 255 43 59 55 255 62 109 98 255 75 142 126 255 81 159 140 255 72 134 119 255 46 67 62 255 46 67 62 255 
37 52 48 207 37 52 49 207 60 107 96 239 72 134 119 255 72 134 119 255 62 109 98 255 43 59 55 255 78 45 46 255 167 67 70 255 211 78 81 255 211 78 81 255 167 66 69 255 78 45 46 255 43 59 55 255 62 109 98 255 72 134 119 255 72 134 119 255 60 107 96 239 37 52 48 207 37 52 48 207 
18 23 21 111 18 23 22 111 37 52 49 207 46 67 62 255 46 67 62 255 43 59 55 255 37 42 41 255 78 45 46 255 167 67 70 255 211 78 81 255 211 78 81 255 167 66 69 255 78 45 46 255 37 42 41 255 43 59 55 255 46 67 62 255 46 67 62 255 37 52 48 207 18 23 22 111 18 23 22 111 
6 6 6 47 6 6 6 47 19 19 19 143 25 25 25 191 25 25 25 191 27 27 27 207 31 31 31 239 67 42 43 255 134 58 61 255 167 67 69 255 167 67 69 255 134 58 60 255 67 42 42 255 31 31 31 239 27 27 27 207 25 25 25 191 25 25 25 191 19 19 19 143 6 6 6 47 6 6 6 47 
2 2 2 15 2 2 2 15 6 6 6 47 8 8 8 63 8 8 8 63 14 14 14 111 27 27 27 207 45 36 37 255 67 42 43 255 78 45 46 255 78 45 46 255 67 42 42 255 45 36 37 255 27 27 27 207 14 14 14 111 8 8 8 63 8 8 8 63 6 6 6 47 2 2 2 15 2 2 2 15 
0 0 0 0 0 0 0 0 0 0 0 0 0 0 0 0 0 0 0 0 8 8 8 63 25 25 25 191 39 45 44 255 49 67 66 255 52 76 73 255 48 70 66 255 43 59 55 255 37 42 41 255 25 25 25 191 8 8 8 63 0 0 0 0 0 0 0 0 0 0 0 0 0 0 0 0 0 0 0 0 
0 0 0 0 0 0 0 0 0 0 0 0 0 0 0 0 0 0 0 0 8 8 8 63 25 25 25 191 49 67 66 255 79 135 130 255 88 160 152 255 77 143 130 255 62 109 98 255 43 59 55 255 25 25 25 191 8 8 8 63 0 0 0 0 0 0 0 0 0 0 0 0 0 0 0 0 0 0 0 0 
0 0 0 0 0 0 0 0 0 0 0 0 0 0 0 0 0 0 0 0 8 8 8 63 25 25 25 191 52 76 73 255 88 160 152 255 103 196 184 255 95 185 169 255 77 143 130 255 48 70 66 255 25 25 25 191 8 8 8 63 0 0 0 0 0 0 0 0 0 0 0 0 0 0 0 0 0 0 0 0 
0 0 0 0 0 0 0 0 0 0 0 0 0 0 0 0 0 0 0 0 8 8 8 63 25 25 25 191 48 70 66 255 77 143 130 255 95 185 169 255 103 196 184 255 88 160 152 255 52 76 73 255 25 25 25 191 8 8 8 63 0 0 0 0 0 0 0 0 0 0 0 0 0 0 0 0 0 0 0 0 
0 0 0 0 0 0 0 0 0 0 0 0 0 0 0 0 0 0 0 0 8 8 8 63 25 25 25 191 48 70 66 255 77 143 130 255 95 185 169 255 103 196 184 255 88 160 152 255 52 76 73 255 25 25 25 191 8 8 8 63 0 0 0 0 0 0 0 0 0 0 0 0 0 0 0 0 0 0 0 0 
0 0 0 0 0 0 0 0 0 0 0 0 0 0 0 0 0 0 0 0 8 8 8 63 25 25 25 191 52 76 73 255 88 160 152 255 103 196 184 255 95 185 169 255 77 143 130 255 48 70 66 255 25 25 25 191 8 8 8 63 0 0 0 0 0 0 0 0 0 0 0 0 0 0 0 0 0 0 0 0 
0 0 0 0 0 0 0 0 0 0 0 0 0 0 0 0 0 0 0 0 6 6 6 47 19 19 19 143 42 61 59 207 76 133 128 239 88 160 152 255 77 143 130 255 60 107 95 239 37 52 48 207 19 19 19 143 6 6 6 47 0 0 0 0 0 0 0 0 0 0 0 0 0 0 0 0 0 0 0 0 
0 0 0 0 0 0 0 0 0 0 0 0 0 0 0 0 0 0 0 0 2 2 2 15 6 6 6 47 19 26 25 111 42 61 59 207 52 76 73 255 48 70 66 255 37 52 48 207 18 23 22 111 6 6 6 47 2 2 2 15 0 0 0 0 0 0 0 0 0 0 0 0 0 0 0 0 0 0 0 0 
0 0 0 0 0 0 0 0 0 0 0 0 0 0 0 0 0 0 0 0 2 2 2 15 6 6 6 47 19 26 25 111 42 61 59 207 52 76 73 255 48 70 66 255 37 52 49 207 18 23 22 111 6 6 6 47 2 2 2 15 0 0 0 0 0 0 0 0 0 0 0 0 0 0 0 0 0 0 0 0 
