0 0 0 0 0 0 0 0 0 0 0 0 2 2 2 15 6 6 6 47 21 16 15 111 48 33 28 207 61 41 35 255 61 41 35 255 64 43 35 255 71 47 34 255 74 49 34 255 74 49 34 255 58 39 28 207 25 18 15 111 6 6 6 47 2 2 2 15 0 0 0 0 0 0 0 0 0 0 0 0 
0 0 0 0 0 0 0 0 0 0 0 0 2 2 2 15 6 6 6 47 21 16 15 111 48 33 28 207 61 41 35 255 61 41 35 255 64 43 35 255 71 47 35 255 74 49 34 255 74 49 34 255 58 39 28 207 25 18 15 111 6 6 6 47 2 2 2 15 0 0 0 0 0 0 0 0 0 0 0 0 
0 0 0 0 0 0 0 0 0 0 0 0 6 6 6 47 19 19 19 143 48 33 28 207 93 48 35 239 115 56 39 255 115 56 39 255 125 62 38 255 146 74 37 255 156 80 36 255 156 80 36 255 123 66 33 239 58 39 28 207 19 19 19 143 6 6 6 47 0 0 0 0 0 0 0 0 0 0 0 0 
8 8 8 63 8 8 8 63 8 8 8 63 14 14 14 111 27 27 27 207 61 41 35 255 115 56 39 255 143 64 40 255 143 64 40 255 156 71 40 255 183 87 38 255 197 96 36 255 196 96 36 255 156 80 36 255 74 49 34 255 25 25 25 191 8 8 8 63 0 0 0 0 0 0 0 0 0 0 0 0 
25 25 25 191 25 25 25 191 25 25 25 191 27 27 27 207 31 31 31 239 61 41 35 255 115 56 39 255 143 64 40 255 143 64 40 255 156 71 40 255 183 87 38 255 196 96 36 255 196 96 36 255 156 80 36 255 74 49 34 255 25 25 25 191 8 8 8 63 0 0 0 0 0 0 0 0 0 0 0 0 
39 45 44 255 39 45 44 255 49 67 66 255 52 76 73 255 48 70 66 255 67 73 63 255 108 84 66 255 132 83 61 255 139 70 47 255 156 71 40 255 183 87 38 255 197 96 36 255 196 96 36 255 156 80 36 255 74 49 34 255 25 25 25 191 8 8 8 63 0 0 0 0 0 0 0 0 0 0 0 0 
49 67 66 255 49 67 66 255 79 135 130 255 88 160 152 255 77 143 130 255 79 136 119 255 92 140 120 255 110 122 101 255 132 83 61 255 156 71 40 255 183 87 38 255 197 96 36 255 196 96 36 255 156 80 36 255 74 49 34 255 25 25 25 191 8 8 8 63 0 0 0 0 0 0 0 0 0 0 0 0 
42 61 59 207 42 61 59 207 76 133 128 239 88 160 152 255 77 143 130 255 79 136 119 255 92 140 120 255 110 122 101 255 132 83 61 255 156 71 40 255 183 87 38 255 197 96 36 255 196 96 36 255 156 80 36 255 74 49 34 255 27 27 27 207 14 14 14 111 8 8 8 63 8 8 8 63 8 8 8 63 
19 26 25 111 19 26 25 111 42 61 59 207 52 76 73 255 48 70 66 255 67 73 63 255 108 84 66 255 132 83 61 255 139 70 47 255 156 71 40 255 183 87 38 255 197 96 36 255 196 96 36 255 156 80 36 255 74 49 34 255 31 31 31 239 27 27 27 207 25 25 25 191 25 25 25 191 25 25 25 191 
6 6 6 47 6 6 6 47 19 19 19 143 27 27 27 207 31 31 31 239 61 41 35 255 115 56 39 255 143 64 40 255 143 64 40 255 156 71 40 255 183 87 38 255 189 100 43 255 175 109 57 255 138 102 64 255 77 79 63 255 48 70 66 255 52 76 73 255 49 67 66 255 39 45 44 255 38 45 44 255 
2 2 2 15 2 2 2 15 6 6 6 47 14 14 14 111 27 27 27 207 61 41 35 255 115 56 39 255 143 64 40 255 143 64 40 255 156 71 40 255 183 87 38 255 176 109 57 255 133 136 99 255 102 146 120 255 82 138 119 255 77 143 130 255 88 160 152 255 79 135 130 255 49 67 66 255 48 67 66 255 
8 8 8 63 8 8 8 63 8 8 8 63 14 14 14 111 27 27 27 207 61 41 35 255 115 56 39 255 143 64 40 255 143 64 40 255 156 71 40 255 183 87 38 255 176 109 57 255 134 136 99 255 102 146 120 255 82 138 119 255 77 143 130 255 88 160 152 255 76 133 128 239 42 61 59 207 42 61 59 207 
25 25 25 191 25 25 25 191 25 25 25 191 27 27 27 207 31 31 31 239 61 41 35 255 115 56 39 255 143 64 40 255 143 64 40 255 156 71 40 255 183 87 38 255 190 100 43 255 176 109 57 255 138 102 64 255 77 79 63 255 48 70 66 255 52 76 73 255 42 61 59 207 19 26 25 111 19 26 25 111 
39 45 44 255 39 45 44 255 49 67 66 255 52 76 73 255 48 70 66 255 67 73 63 255 108 84 66 255 132 83 61 255 139 70 47 255 156 71 40 255 183 87 38 255 196 96 36 255 196 96 36 255 156 80 36 255 74 49 34 255 31 31 31 239 27 27 27 207 19 19 19 143 6 6 6 47 6 6 6 47 
49 67 66 255 49 67 66 255 79 135 130 255 88 160 152 255 77 143 130 255 79 136 119 255 92 140 120 255 110 122 101 255 132 83 61 255 156 71 40 255 183 87 38 255 197 96 36 255 196 96 36 255 156 80 36 255 74 49 34 255 27 27 27 207 14 14 14 111 6 6 6 47 2 2 2 15 2 2 2 15 
40 59 57 191 40 59 57 191 70 126 122 191 82 153 145 207 75 140 128 239 79 136 119 255 92 140 120 255 110 122 101 255 132 83 61 255 156 71 40 255 183 87 38 255 196 96 36 255 196 96 36 255 156 80 36 255 74 49 34 255 27 27 27 207 14 14 14 111 8 8 8 63 8 8 8 63 8 8 8 63 
13 19 19 63 13 19 19 63 23 42 40 63 33 56 54 111 42 63 59 207 67 73 63 255 108 84 66 255 132 83 61 255 139 70 47 255 156 71 40 255 183 87 38 255 197 96 36 255 196 96 36 255 156 80 36 255 74 49 34 255 31 31 31 239 27 27 27 207 25 25 25 191 25 25 25 191 25 25 25 191 
0 0 0 0 0 0 0 0 0 0 0 0 8 8 8 63 25 25 25 191 61 41 35 255 115 56 39 255 143 64 40 255 143 64 40 255 156 71 40 255 183 87 38 255 190 100 43 255 175 109 57 255 138 102 64 255 77 79 63 255 48 70 66 255 52 76 73 255 49 67 66 255 39 45 44 255 38 45 44 255 
0 0 0 0 0 0 0 0 0 0 0 0 8 8 8 63 25 25 25 191 61 41 35 255 115 56 39 255 143 64 40 255 143 64 40 255 156 71 40 255 183 87 38 255 176 109 57 255 134 136 99 255 102 146 120 255 82 138 119 255 77 143 130 255 88 160 152 255 79 135 130 255 49 67 66 255 48 67 66 255 
8 8 8 63 8 8 8 63 8 8 8 63 14 14 14 111 27 27 27 207 61 41 35 255 115 56 39 255 143 64 40 255 143 64 40 255 156 71 40 255 183 87 38 255 176 109 57 255 134 136 99 255 102 146 120 255 82 138 119 255 77 143 130 255 88 160 152 255 76 133 128 239 42 61 59 207 42 61 59 207 
25 25 25 191 25 25 25 191 25 25 25 191 27 27 27 207 31 31 31 239 61 41 35 255 115 56 39 255 143 64 40 255 143 64 40 255 156 71 40 255 183 87 38 255 190 100 43 255 176 109 57 255 138 102 64 255 77 79 63 255 48 70 66 255 52 76 73 255 42 61 59 207 19 26 25 111 19 26 25 111 
39 45 44 255 39 45 44 255 49 67 66 255 52 76 73 255 48 70 66 255 67 73 63 255 108 84 66 255 132 83 61 255 139 70 47 255 156 71 40 255 183 87 38 255 196 96 36 255 196 96 36 255 156 80 36 255 74 49 34 255 31 31 31 239 27 27 27 207 19 19 19 143 6 6 6 47 6 6 6 47 
49 67 66 255 49 67 66 255 79 135 130 255 88 160 152 255 77 143 130 255 79 136 119 255 92 140 120 255 110 122 101 255 132 83 61 255 156 71 40 255 183 87 38 255 197 96 36 255 196 96 36 255 156 80 36 255 74 49 34 255 27 27 27 207 14 14 14 111 6 6 6 47 2 2 2 15 2 2 2 15 
42 61 59 207 42 61 59 207 76 133 128 239 88 160 152 255 77 143 130 255 79 136 119 255 92 140 120 255 110 122 101 255 132 83 61 255 156 71 40 255 183 87 38 255 196 96 36 255 196 96 36 255 156 80 36 255 74 49 34 255 25 25 25 191 8 8 8 63 0 0 0 0 0 0 0 0 0 0 0 0 
19 26 25 111 19 26 25 111 42 61 59 207 52 76 73 255 48 70 66 255 67 73 63 255 108 84 66 255 132 83 61 255 139 70 47 255 156 71 40 255 183 87 38 255 197 96 36 255 196 96 36 255 156 80 36 255 74 49 34 255 25 25 25 191 8 8 8 63 0 0 0 0 0 0 0 0 0 0 0 0 
6 6 6 47 6 6 6 47 19 19 19 143 27 27 27 207 31 31 31 239 61 41 35 255 115 56 39 255 143 64 40 255 143 64 40 255 156 71 40 255 183 87 38 255 197 96 36 255 196 96 36 255 156 80 36 255 74 49 34 255 25 25 25 191 8 8 8 63 0 0 0 0 0 0 0 0 0 0 0 0 
2 2 2 15 2 2 2 15 6 6 6 47 14 14 14 111 27 27 27 207 61 41 35 255 115 56 39 255 143 64 40 255 143 64 40 255 156 71 40 255 183 87 38 255 197 96 36 255 196 96 36 255 156 80 36 255 74 49 34 255 25 25 25 191 8 8 8 63 0 0 0 0 0 0 0 0 0 0 0 0 
0 0 0 0 0 0 0 0 0 0 0 0 8 8 8 63 25 25 25 191 61 41 35 255 115 56 39 255 143 64 40 255 143 64 40 255 156 71 40 255 183 87 38 255 197 96 36 255 196 96 36 255 156 80 36 255 74 49 34 255 25 25 25 191 8 8 8 63 0 0 0 0 0 0 0 0 0 0 0 0 
0 0 0 0 0 0 0 0 0 0 0 0 8 8 8 63 25 25 25 191 61 41 35 255 115 56 39 255 143 64 40 255 143 64 40 255 156 71 40 255 183 87 38 255 197 96 36 255 196 96 36 255 156 80 36 255 74 49 34 255 25 25 25 191 8 8 8 63 0 0 0 0 0 0 0 0 0 0 0 0 
0 0 0 0 0 0 0 0 0 0 0 0 6 6 6 47 19 19 19 143 48 33 28 207 93 48 35 239 122 58 39 255 136 62 40 255 156 71 40 255 183 87 38 255 186 92 36 255 166 84 36 255 123 66 33 239 58 39 28 207 19 19 19 143 6 6 6 47 0 0 0 0 0 0 0 0 0 0 0 0 
0 0 0 0 0 0 0 0 0 0 0 0 2 2 2 15 6 6 6 47 21 16 15 111 48 33 28 207 81 47 37 255 122 58 39 255 156 71 40 255 183 87 38 255 166 84 36 255 105 61 35 255 58 39 28 207 25 18 15 111 6 6 6 47 2 2 2 15 0 0 0 0 0 0 0 0 0 0 0 0 
0 0 0 0 0 0 0 0 0 0 0 0 0 0 0 0 0 0 0 0 8 8 8 63 25 25 25 191 61 41 35 255 115 56 39 255 156 71 40 255 183 87 38 255 156 80 36 255 74 49 34 255 25 25 25 191 8 8 8 63 0 0 0 0 0 0 0 0 0 0 0 0 0 0 0 0 0 0 0 0 
0 0 0 0 0 0 0 0 0 0 0 0 0 0 0 0 0 0 0 0 8 8 8 63 25 25 25 191 61 41 35 255 115 56 39 255 156 71 40 255 183 87 38 255 156 80 36 255 74 49 34 255 25 25 25 191 8 8 8 63 0 0 0 0 0 0 0 0 0 0 0 0 0 0 0 0 0 0 0 0 
0 0 0 0 0 0 0 0 0 0 0 0 0 0 0 0 0 0 0 0 8 8 8 63 25 25 25 191 61 41 35 255 115 56 39 255 156 71 40 255 183 87 38 255 156 80 36 255 74 49 34 255 25 25 25 191 8 8 8 63 0 0 0 0 0 0 0 0 0 0 0 0 0 0 0 0 0 0 0 0 
0 0 0 0 0 0 0 0 0 0 0 0 0 0 0 0 0 0 0 0 8 8 8 63 25 25 25 191 61 41 35 255 115 56 39 255 156 71 40 255 183 87 38 255 156 80 36 255 74 49 34 255 25 25 25 191 8 8 8 63 0 0 0 0 0 0 0 0 0 0 0 0 0 0 0 0 0 0 0 0 
0 0 0 0 0 0 0 0 0 0 0 0 0 0 0 0 0 0 0 0 8 8 8 63 25 25 25 191 61 41 35 255 115 56 39 255 156 71 40 255 183 87 38 255 156 80 36 255 74 49 34 255 25 25 25 191 8 8 8 63 0 0 0 0 0 0 0 0 0 0 0 0 0 0 0 0 0 0 0 0 
0 0 0 0 0 0 0 0 0 0 0 0 0 0 0 0 0 0 0 0 8 8 8 63 25 25 25 191 61 41 35 255 115 56 39 255 156 71 40 255 183 87 38 255 156 80 36 255 74 49 34 255 25 25 25 191 8 8 8 63 0 0 0 0 0 0 0 0 0 0 0 0 0 0 0 0 0 0 0 0 
0 0 0 0 0 0 0 0 0 0 0 0 0 0 0 0 0 0 0 0 8 8 8 63 25 25 25 191 61 41 35 255 115 56 39 255 156 71 40 255 183 87 38 255 156 80 36 255 74 49 34 255 25 25 25 191 8 8 8 63 0 0 0 0 0 0 0 0 0 0 0 0 0 0 0 0 0 0 0 0 
0 0 0 0 0 0 0 0 0 0 0 0 0 0 0 0 0 0 0 0 8 8 8 63 25 25 25 191 61 41 35 255 115 56 39 255 156 71 40 255 183 87 38 255 156 80 36 255 74 49 34 255 25 25 25 191 8 8 8 63 0 0 0 0 0 0 0 0 0 0 0 0 0 0 0 0 0 0 0 0 
0 0 0 0 0 0 0 0 0 0 0 0 0 0 0 0 0 0 0 0 8 8 8 63 25 25 25 191 61 41 35 255 115 56 39 255 156 71 40 255 183 87 38 255 156 80 36 255 74 49 34 255 25 25 25 191 8 8 8 63 0 0 0 0 0 0 0 0 0 0 0 0 0 0 0 0 0 0 0 0 
0 0 0 0 0 0 0 0 0 0 0 0 0 0 0 0 0 0 0 0 8 8 8 63 25 25 25 191 61 41 35 255 115 56 39 255 156 71 40 255 183 87 38 255 156 80 36 255 74 49 34 255 25 25 25 191 8 8 8 63 0 0 0 0 0 0 0 0 0 0 0 0 0 0 0 0 0 0 0 0 
0 0 0 0 0 0 0 0 0 0 0 0 0 0 0 0 0 0 0 0 6 6 6 47 19 19 19 143 48 33 28 207 93 48 35 239 125 62 38 255 146 74 36 255 123 66 33 239 58 39 28 207 19 19 19 143 6 6 6 47 0 0 0 0 0 0 0 0 0 0 0 0 0 0 0 0 0 0 0 0 
0 0 0 0 0 0 0 0 0 0 0 0 0 0 0 0 0 0 0 0 2 2 2 15 6 6 6 47 21 16 15 111 48 33 28 207 64 43 35 255 71 47 35 255 58 39 28 207 25 18 15 111 6 6 6 47 2 2 2 15 0 0 0 0 0 0 0 0 0 0 0 0 0 0 0 0 0 0 0 0 
0 0 0 0 0 0 0 0 0 0 0 0 0 0 0 0 0 0 0 0 2 2 2 15 6 6 6 47 21 16 15 111 48 33 28 207 64 43 35 255 71 47 35 255 58 39 28 207 25 18 15 111 6 6 6 47 2 2 2 15 0 0 0 0 0 0 0 0 0 0 0 0 0 0 0 0 0 0 0 0 
