0 0 0 0 0 0 0 0 0 0 0 0 0 0 0 0 0 0 0 0 0 0 0 0 0 0 0 0 0 0 0 0 0 0 0 0 0 0 0 0 0 0 0 0 0 0 0 0 0 0 0 0 0 0 0 0 0 0 0 0 0 0 0 0 0 0 0 0 0 0 0 0 0 0 0 0 0 0 0 0 0 0 0 0 0 0 0 0 0 0 0 0 0 0 0 0 0 0 0 0 0 0 0 0 0 0 0 0 0 0 0 0 0 0 0 0 0 0 0 0 0 0 0 0 0 0 0 0 
0 0 0 0 0 0 0 0 0 0 0 0 0 0 0 0 0 0 0 0 0 0 0 0 0 0 0 0 0 0 0 0 0 0 0 0 0 0 0 0 0 0 0 0 0 0 0 0 0 0 0 0 0 0 0 0 0 0 0 0 0 0 0 0 0 0 0 0 0 0 0 0 0 0 0 0 0 0 0 0 0 0 0 0 0 0 0 0 0 0 0 0 0 0 0 0 0 0 0 0 0 0 0 0 0 0 0 0 0 0 0 0 0 0 0 0 0 0 0 0 0 0 0 0 0 0 0 0 
0 0 0 0 0 0 0 0 0 0 0 0 0 0 0 0 0 0 0 0 0 0 0 0 0 0 0 0 0 0 0 0 0 0 0 0 0 0 0 0 0 0 0 0 0 0 0 0 0 0 0 0 0 0 0 0 0 0 0 0 0 0 0 0 0 0 0 0 0 0 0 0 0 0 0 0 0 0 0 0 0 0 0 0 0 0 0 0 0 0 0 0 0 0 0 0 0 0 0 0 0 0 0 0 0 0 0 0 0 0 0 0 0 0 0 0 0 0 0 0 0 0 0 0 0 0 0 0 
0 0 0 0 0 0 0 0 0 0 0 0 0 0 0 0 0 0 0 0 0 0 0 0 0 0 0 0 0 0 0 0 0 0 0 0 0 0 0 0 0 0 0 0 0 0 0 0 0 0 0 0 0 0 0 0 0 0 0 0 0 0 0 0 0 0 0 0 0 0 0 0 0 0 0 0 0 0 0 0 0 0 0 0 0 0 0 0 0 0 0 0 0 0 0 0 0 0 0 0 0 0 0 0 0 0 0 0 0 0 0 0 0 0 0 0 0 0 0 0 0 0 0 0 0 0 0 0 
0 0 0 0 0 0 0 0 0 0 0 0 0 0 0 0 0 0 0 0 0 0 0 0 0 0 0 0 0 0 0 0 0 0 0 0 0 0 0 0 0 0 0 0 0 0 0 0 0 0 0 0 0 0 0 0 0 0 0 0 0 0 0 0 0 0 0 0 0 0 0 0 0 0 0 0 0 0 0 0 0 0 0 0 0 0 0 0 0 0 0 0 0 0 0 0 0 0 0 0 0 0 0 0 0 0 0 0 0 0 0 0 0 0 0 0 0 0 0 0 0 0 0 0 0 0 0 0 
0 0 0 0 0 0 0 0 0 0 0 0 0 0 0 0 0 0 0 0 0 0 0 0 0 0 0 0 0 0 0 0 0 0 0 0 0 0 0 0 0 0 0 0 0 0 0 0 0 0 0 0 0 0 0 0 0 0 0 0 0 0 0 0 0 0 0 0 0 0 0 0 0 0 0 0 0 0 0 0 0 0 0 0 0 0 0 0 0 0 0 0 0 0 0 0 0 0 0 0 0 0 0 0 0 0 0 0 0 0 0 0 0 0 0 0 0 0 0 0 0 0 0 0 0 0 0 0 
0 0 0 0 0 0 0 0 0 0 0 0 0 0 0 0 0 0 0 0 0 0 0 0 0 0 0 0 0 0 0 0 0 0 0 0 0 0 0 0 0 0 0 0 0 0 0 0 0 0 0 0 0 0 0 0 0 0 0 0 0 0 0 0 0 0 0 0 0 0 0 0 0 0 0 0 0 0 0 0 0 0 0 0 0 0 0 0 0 0 0 0 0 0 0 0 0 0 0 0 0 0 0 0 0 0 0 0 0 0 0 0 0 0 0 0 0 0 0 0 0 0 0 0 0 0 0 0 
0 0 0 0 0 0 0 0 0 0 0 0 0 0 0 0 0 0 0 0 0 0 0 0 0 0 0 0 0 0 0 0 0 0 0 0 0 0 0 0 0 0 0 0 0 0 0 0 0 0 0 0 0 0 0 0 0 0 0 0 0 0 0 0 0 0 0 0 0 0 0 0 0 0 0 0 0 0 0 0 0 0 0 0 0 0 0 0 0 0 0 0 0 0 0 0 0 0 0 0 0 0 0 0 0 0 0 0 0 0 0 0 0 0 0 0 0 0 0 0 0 0 0 0 0 0 0 0 
0 0 0 0 0 0 0 0 0 0 0 0 0 0 0 0 0 0 0 0 0 0 0 0 0 0 0 0 0 0 0 0 0 0 0 0 0 0 0 0 0 0 0 0 0 0 0 0 0 0 0 0 0 0 0 0 0 0 0 0 0 0 0 0 0 0 0 0 0 0 0 0 0 0 0 0 0 0 0 0 0 0 0 0 0 0 0 0 0 0 0 0 0 0 0 0 0 0 0 0 0 0 0 0 0 0 0 0 0 0 0 0 0 0 0 0 0 0 0 0 0 0 0 0 0 0 0 0 
0 0 0 0 0 0 0 0 0 0 0 0 0 0 0 0 0 0 0 0 0 0 0 0 0 0 0 0 0 0 0 0 0 0 0 0 0 0 0 0 0 0 0 0 0 0 0 0 0 0 0 0 0 0 0 0 0 0 0 0 0 0 0 0 0 0 0 0 0 0 0 0 0 0 0 0 0 0 0 0 0 0 0 0 0 0 0 0 0 0 0 0 0 0 0 0 0 0 0 0 0 0 0 0 0 0 0 0 0 0 0 0 0 0 0 0 0 0 0 0 0 0 0 0 0 0 0 0 
0 0 0 0 0 0 0 0 0 0 0 0 0 0 0 0 0 0 0 0 0 0 0 0 0 0 0 0 0 0 0 0 0 0 0 0 0 0 0 0 0 0 0 0 0 0 0 0 0 0 0 0 0 0 0 0 0 0 0 0 0 0 0 0 0 0 0 0 0 0 0 0 0 0 0 0 0 0 0 0 0 0 0 0 0 0 0 0 0 0 0 0 0 0 0 0 0 0 0 0 0 0 0 0 0 0 0 0 0 0 0 0 0 0 0 0 0 0 0 0 0 0 0 0 0 0 0 0 
0 0 0 0 0 0 0 0 0 0 0 0 0 0 0 0 0 0 0 0 0 0 0 0 0 0 0 0 0 0 0 0 0 0 0 0 0 0 0 0 0 0 0 0 0 0 0 0 0 0 0 0 0 0 0 0 0 0 0 0 0 0 0 0 0 0 0 0 0 0 0 0 0 0 0 0 0 0 0 0 0 0 0 0 0 0 0 0 0 0 0 0 0 0 0 0 0 0 0 0 0 0 0 0 0 0 0 0 0 0 0 0 0 0 0 0 0 0 0 0 0 0 0 0 0 0 0 0 
0 0 0 0 0 0 0 0 0 0 0 0 0 0 0 0 0 0 0 0 0 0 0 0 0 0 0 0 0 0 0 0 0 0 0 0 0 0 0 0 0 0 0 0 0 0 0 0 0 0 0 0 0 0 0 0 0 0 0 0 0 0 0 0 0 0 0 0 0 0 0 0 0 0 0 0 0 0 0 0 0 0 0 0 0 0 0 0 0 0 0 0 0 0 0 0 0 0 0 0 0 0 0 0 0 0 0 0 0 0 0 0 0 0 0 0 0 0 0 0 0 0 0 0 0 0 0 0 
0 0 0 0 0 0 0 0 0 0 0 0 0 0 0 0 0 0 0 0 0 0 0 0 0 0 0 0 0 0 0 0 0 0 0 0 0 0 0 0 0 0 0 0 0 0 0 0 0 0 0 0 0 0 0 0 0 0 0 0 0 0 0 0 0 0 0 0 0 0 0 0 0 0 0 0 0 0 0 0 0 0 0 0 0 0 0 0 0 0 0 0 0 0 0 0 0 0 0 0 0 0 0 0 0 0 0 0 0 0 0 0 0 0 0 0 0 0 0 0 0 0 0 0 0 0 0 0 
0 0 0 0 0 0 0 0 0 0 0 0 0 0 0 0 0 0 0 0 0 0 0 0 0 0 0 0 0 0 0 0 0 0 0 0 0 0 0 0 0 0 0 0 0 0 0 0 0 0 0 0 0 0 0 0 0 0 0 0 0 0 0 0 0 0 0 0 0 0 0 0 0 0 0 0 0 0 0 0 0 0 0 0 0 0 0 0 0 0 0 0 0 0 0 0 0 0 0 0 0 0 0 0 0 0 0 0 0 0 0 0 0 0 0 0 0 0 0 0 0 0 0 0 0 0 0 0 
0 0 0 0 0 0 0 0 0 0 0 0 0 0 0 0 0 0 0 0 0 0 0 0 0 0 0 0 0 0 0 0 0 0 0 0 0 0 0 0 0 0 0 0 0 0 0 0 0 0 0 0 0 0 0 0 0 0 0 0 0 0 0 0 0 0 0 0 0 0 0 0 0 0 0 0 0 0 0 0 0 0 0 0 0 0 0 0 0 0 0 0 0 0 0 0 0 0 0 0 0 0 0 0 0 0 0 0 0 0 0 0 0 0 0 0 0 0 0 0 0 0 0 0 0 0 0 0 
0 0 0 0 0 0 0 0 0 0 0 0 0 0 0 0 0 0 0 0 0 0 0 0 0 0 0 0 0 0 0 0 0 0 0 0 0 0 0 0 0 0 0 0 0 0 0 0 0 0 0 0 0 0 0 0 0 0 0 0 0 0 0 0 0 0 0 0 0 0 0 0 0 0 0 0 0 0 0 0 0 0 0 0 0 0 0 0 0 0 0 0 0 0 0 0 0 0 0 0 0 0 0 0 0 0 0 0 0 0 0 0 0 0 0 0 0 0 0 0 0 0 0 0 0 0 0 0 
0 0 0 0 0 0 0 0 0 0 0 0 0 0 0 0 0 0 0 0 0 0 0 0 0 0 0 0 0 0 0 0 0 0 0 0 0 0 0 0 0 0 0 0 0 0 0 0 0 0 0 0 0 0 0 0 0 0 0 0 0 0 0 0 0 0 0 0 0 0 0 0 0 0 0 0 0 0 0 0 0 0 0 0 0 0 0 0 0 0 0 0 0 0 0 0 0 0 0 0 0 0 0 0 0 0 0 0 0 0 0 0 0 0 0 0 0 0 0 0 0 0 0 0 0 0 0 0 
0 0 0 0 0 0 0 0 0 0 0 0 0 0 0 0 0 0 0 0 0 0 0 0 0 0 0 0 0 0 0 0 0 0 0 0 0 0 0 0 0 0 0 0 0 0 0 0 0 0 0 0 0 0 0 0 0 0 0 0 0 0 0 0 0 0 0 0 0 0 0 0 0 0 0 0 0 0 0 0 0 0 0 0 0 0 0 0 0 0 0 0 0 0 0 0 0 0 0 0 0 0 0 0 0 0 0 0 0 0 0 0 0 0 0 0 0 0 0 0 0 0 0 0 0 0 0 0 
0 0 0 0 0 0 0 0 0 0 0 0 1 1 3 15 5 4 9 47 7 5 12 63 7 5 12 63 5 4 9 47 1 1 3 15 0 0 0 0 0 0 0 0 0 0 0 0 0 0 0 0 0 0 0 0 0 0 0 0 0 0 0 0 0 0 0 0 0 0 0 0 0 0 0 0 0 0 0 0 0 0 0 0 0 0 0 0 0 0 0 0 0 0 0 0 0 0 0 0 0 0 0 0 0 0 0 0 0 0 0 0 0 0 0 0 0 0 0 0 0 0 0 0 0 0 0 0 
0 0 0 0 0 0 0 0 0 0 0 0 5 4 9 47 17 13 28 143 23 17 38 191 23 17 38 191 17 13 28 143 5 4 9 47 0 0 0 0 0 0 0 0 0 0 0 0 0 0 0 0 0 0 0 0 0 0 0 0 0 0 0 0 0 0 0 0 0 0 0 0 0 0 0 0 0 0 0 0 0 0 0 0 0 0 0 0 0 0 0 0 0 0 0 0 0 0 0 0 0 0 0 0 0 0 0 0 0 0 0 0 0 0 0 0 0 0 0 0 0 0 0 0 0 0 0 0 
0 0 0 0 0 0 0 0 0 0 0 0 7 6 12 63 23 18 38 191 34 27 59 255 41 35 76 255 36 31 67 207 17 14 30 111 5 4 9 47 1 1 3 15 0 0 0 0 0 0 0 0 0 0 0 0 0 0 0 0 0 0 0 0 0 0 0 0 0 0 0 0 0 0 0 0 0 0 0 0 0 0 0 0 0 0 0 0 0 0 0 0 0 0 0 0 0 0 0 0 0 0 0 0 0 0 0 0 0 0 0 0 0 0 0 0 0 0 0 0 0 0 0 0 0 0 0 0 
0 0 0 0 0 0 0 0 0 0 0 0 7 6 12 63 23 18 38 191 41 35 76 255 63 58 128 255 61 57 125 239 36 31 67 207 17 13 28 143 5 4 9 47 0 0 0 0 0 0 0 0 0 0 0 0 0 0 0 0 0 0 0 0 0 0 0 0 0 0 0 0 0 0 0 0 0 0 0 0 0 0 0 0 0 0 0 0 0 0 0 0 0 0 0 0 0 0 0 0 0 0 0 0 0 0 0 0 0 0 0 0 0 0 0 0 0 0 0 0 0 0 0 0 0 0 0 0 
0 0 0 0 0 0 0 0 0 0 0 0 7 6 12 63 23 18 38 191 45 39 85 255 74 70 154 255 78 74 163 255 56 51 111 255 36 31 67 207 17 14 30 111 7 5 12 63 7 5 12 63 7 5 12 63 7 5 12 63 7 5 12 63 7 5 12 63 7 5 12 63 7 5 12 63 5 4 9 47 1 1 3 15 0 0 0 0 0 0 0 0 0 0 0 0 0 0 0 0 0 0 0 0 0 0 0 0 0 0 0 0 0 0 0 0 0 0 0 0 0 0 0 0 0 0 0 0 
0 0 0 0 0 0 0 0 0 0 0 0 7 6 12 63 23 18 38 191 45 39 85 255 74 70 154 255 85 82 180 255 78 74 163 255 61 57 125 239 36 31 67 207 23 18 38 191 23 18 38 191 23 18 38 191 23 18 38 191 23 18 38 191 23 18 38 191 23 18 38 191 23 18 38 191 17 13 28 143 5 4 9 47 0 0 0 0 0 0 0 0 0 0 0 0 0 0 0 0 0 0 0 0 0 0 0 0 0 0 0 0 0 0 0 0 0 0 0 0 0 0 0 0 0 0 0 0 
0 0 0 0 0 0 0 0 0 0 0 0 5 4 9 47 17 13 28 143 36 31 67 207 61 57 125 239 78 74 163 255 85 82 180 255 78 74 163 255 56 51 111 255 45 39 85 255 45 39 85 255 45 39 85 255 45 39 85 255 45 43 86 255 44 51 88 255 44 56 89 255 44 56 89 255 35 43 70 207 17 18 31 111 5 4 9 47 1 1 3 15 0 0 0 0 0 0 0 0 0 0 0 0 0 0 0 0 0 0 0 0 0 0 0 0 0 0 0 0 0 0 0 0 0 0 0 0 
0 0 0 0 0 0 0 0 0 0 0 0 1 1 3 15 5 4 9 47 17 14 30 111 36 31 67 207 56 51 111 255 78 74 163 255 85 82 180 255 78 74 163 255 74 70 154 255 74 70 154 255 74 70 154 255 74 70 154 255 73 82 157 255 72 107 162 255 72 120 165 255 72 120 165 255 60 94 133 239 35 43 70 207 17 13 28 143 5 4 9 47 0 0 0 0 0 0 0 0 0 0 0 0 0 0 0 0 0 0 0 0 0 0 0 0 0 0 0 0 0 0 0 0 0 0 0 0 
0 0 0 0 0 0 0 0 0 0 0 0 1 1 3 15 5 4 9 47 17 14 30 111 36 31 67 207 56 51 111 255 78 74 163 255 89 86 189 255 89 86 189 255 88 90 189 255 88 98 191 255 88 102 192 255 88 102 192 255 87 114 195 255 86 139 201 255 86 152 204 255 86 152 204 255 75 128 175 255 55 80 117 255 35 43 70 207 17 18 31 111 5 4 9 47 1 1 3 15 0 0 0 0 0 0 0 0 0 0 0 0 0 0 0 0 0 0 0 0 0 0 0 0 0 0 0 0 
0 0 0 0 0 0 0 0 0 0 0 0 5 4 9 47 17 13 28 143 36 31 67 207 61 57 125 239 78 74 163 255 85 82 180 255 89 86 189 255 89 86 189 255 88 98 191 255 87 123 197 255 86 135 200 255 86 135 200 255 86 139 201 255 86 147 203 255 86 152 204 255 86 152 204 255 82 144 194 255 75 128 175 255 60 94 133 239 35 43 70 207 17 13 28 143 5 4 9 47 0 0 0 0 0 0 0 0 0 0 0 0 0 0 0 0 0 0 0 0 0 0 0 0 0 0 0 0 
0 0 0 0 0 0 0 0 0 0 0 0 7 6 12 63 23 18 38 191 45 39 85 255 74 70 154 255 89 86 189 255 89 86 189 255 88 90 189 255 88 98 191 255 87 114 195 255 86 139 201 255 86 152 204 255 86 152 204 255 86 152 204 255 86 152 204 255 86 147 203 255 86 139 201 255 86 135 200 255 86 135 200 255 76 111 171 255 55 63 114 255 36 31 67 207 17 14 30 111 5 4 9 47 1 1 3 15 0 0 0 0 0 0 0 0 0 0 0 0 0 0 0 0 0 0 0 0 
0 0 0 0 0 0 0 0 0 0 0 0 7 6 12 63 23 18 38 191 45 39 85 255 74 70 154 255 89 86 189 255 89 86 189 255 88 98 191 255 87 123 197 255 86 139 201 255 86 147 203 255 86 152 204 255 86 152 204 255 86 152 204 255 86 152 204 255 86 139 201 255 87 114 195 255 88 102 192 255 88 102 192 255 84 94 183 255 77 78 164 255 61 57 125 239 36 31 67 207 17 13 28 143 5 4 9 47 0 0 0 0 0 0 0 0 0 0 0 0 0 0 0 0 0 0 0 0 
1 1 3 15 1 1 3 15 5 4 9 47 17 14 30 111 36 31 67 207 56 51 111 255 78 74 163 255 89 86 189 255 89 86 189 255 88 98 191 255 87 123 197 255 86 139 201 255 86 147 203 255 86 152 204 255 86 152 204 255 86 152 204 255 86 152 204 255 86 139 201 255 87 114 195 255 88 102 192 255 88 102 192 255 88 102 192 255 88 102 192 255 77 90 166 255 55 67 115 255 35 43 70 207 17 18 31 111 5 4 9 47 1 1 3 15 0 0 0 0 0 0 0 0 0 0 0 0 
5 4 9 47 5 4 9 47 17 13 28 143 36 31 67 207 61 57 125 239 78 74 163 255 85 82 180 255 89 86 189 255 89 86 189 255 88 90 189 255 88 98 191 255 87 114 195 255 86 139 201 255 86 152 204 255 86 152 204 255 86 152 204 255 86 152 204 255 86 147 203 255 86 139 201 255 86 135 200 255 86 135 200 255 86 135 200 255 86 135 200 255 83 131 191 255 75 123 174 255 60 94 133 239 35 43 70 207 17 13 28 143 5 4 9 47 0 0 0 0 0 0 0 0 0 0 0 0 
7 5 12 63 7 6 12 63 23 18 38 191 41 35 76 255 63 58 128 255 74 70 154 255 74 70 154 255 74 70 154 255 74 70 154 255 74 70 154 255 74 70 154 255 73 82 157 255 72 107 162 255 72 120 165 255 72 120 165 255 72 120 165 255 72 120 165 255 72 120 165 255 72 120 165 255 72 120 165 255 72 120 165 255 72 120 165 255 72 120 165 255 72 120 165 255 72 120 165 255 61 96 137 255 41 48 79 255 25 19 41 207 13 10 22 111 5 4 9 47 1 1 3 15 1 1 3 15 
7 5 12 63 7 6 12 63 23 18 38 191 34 27 59 255 41 35 76 255 45 39 85 255 45 39 85 255 45 39 85 255 45 39 85 255 45 39 85 255 45 39 85 255 45 43 86 255 44 51 88 255 44 56 89 255 44 56 89 255 44 56 89 255 44 56 89 255 44 56 89 255 44 56 89 255 44 56 89 255 44 56 89 255 44 56 89 255 44 56 89 255 44 56 89 255 44 56 89 255 41 48 79 255 34 32 60 255 29 22 47 239 25 19 41 207 17 13 28 143 5 4 9 47 5 4 9 47 
7 6 11 63 7 6 11 63 23 19 35 191 45 39 59 255 72 66 84 255 86 79 97 255 86 79 97 255 86 79 97 255 86 79 97 255 79 69 86 255 64 48 64 255 64 48 64 255 79 69 86 255 86 79 97 255 86 79 97 255 81 72 88 255 72 57 69 255 68 50 60 255 68 50 60 255 68 50 60 255 68 50 60 255 73 57 69 255 82 72 88 255 86 79 97 255 86 79 97 255 72 66 84 255 45 39 59 255 29 24 44 239 25 20 40 207 17 13 28 143 5 4 9 47 5 4 9 47 
8 7 9 63 8 7 9 63 24 23 28 191 74 71 76 255 156 151 152 255 197 191 190 255 197 191 190 255 197 191 190 255 197 191 190 255 175 159 157 255 132 97 92 255 132 97 92 255 175 159 157 255 197 191 190 255 197 191 190 255 183 168 162 255 156 124 106 255 143 102 77 255 143 102 77 255 143 102 77 255 143 102 77 255 157 124 106 255 184 168 162 255 197 191 190 255 197 191 190 255 156 151 152 255 74 71 76 255 26 25 31 207 14 12 19 111 5 4 9 47 1 1 3 15 1 1 3 15 
6 6 6 47 6 6 6 47 19 19 19 143 68 67 65 207 155 151 146 239 211 207 198 255 239 233 224 255 253 247 237 255 253 247 237 255 224 205 193 255 166 121 105 255 153 108 93 255 183 165 155 255 198 193 186 255 198 193 186 255 193 177 161 255 185 144 111 255 181 128 87 255 181 128 87 255 181 128 87 255 181 128 87 255 185 144 111 255 193 177 161 255 198 193 186 255 198 193 186 255 155 151 146 239 68 67 65 207 19 19 19 143 6 6 6 47 0 0 0 0 0 0 0 0 0 0 0 0 
2 2 2 15 2 2 2 15 6 6 6 47 28 28 27 111 68 67 65 207 129 127 122 255 211 207 198 255 253 247 237 255 253 247 237 255 224 205 193 255 166 121 105 255 125 81 67 255 101 85 79 255 88 87 84 255 88 87 84 255 111 97 85 255 157 117 86 255 181 128 87 255 181 128 87 255 181 128 87 255 181 128 87 255 157 117 86 255 111 97 85 255 88 87 84 255 88 87 84 255 68 67 65 207 28 28 27 111 6 6 6 47 2 2 2 15 0 0 0 0 0 0 0 0 0 0 0 0 
2 2 2 15 2 2 2 15 6 6 6 47 28 28 27 111 68 67 65 207 129 127 122 255 211 207 198 255 245 236 226 255 231 215 204 255 202 173 160 255 159 111 94 255 111 68 54 255 59 45 40 255 34 34 34 255 34 34 34 255 70 57 47 255 144 104 73 255 181 128 87 255 181 128 87 255 181 128 87 255 181 128 87 255 144 104 73 255 70 57 47 255 34 34 34 255 34 34 34 255 25 25 25 191 8 8 8 63 0 0 0 0 0 0 0 0 0 0 0 0 0 0 0 0 0 0 0 0 
6 6 6 47 6 6 6 47 19 19 19 143 68 67 65 207 155 151 146 239 211 207 198 255 239 233 224 255 231 215 204 255 188 153 138 255 159 111 94 255 145 90 72 255 111 68 54 255 59 45 40 255 34 34 34 255 34 34 34 255 70 57 47 255 144 104 73 255 181 128 87 255 181 128 87 255 181 128 87 255 181 128 87 255 144 104 73 255 70 57 47 255 34 34 34 255 34 34 34 255 25 25 25 191 8 8 8 63 0 0 0 0 0 0 0 0 0 0 0 0 0 0 0 0 0 0 0 0 
6 6 6 47 6 6 6 47 19 19 19 143 68 67 65 207 155 151 146 239 211 207 198 255 239 233 224 255 231 215 204 255 188 153 138 255 159 111 94 255 145 90 72 255 118 71 56 255 79 54 46 255 60 45 41 255 60 45 41 255 90 66 52 255 150 107 75 255 181 128 87 255 181 128 87 255 181 128 87 255 181 128 87 255 153 110 77 255 98 75 57 255 61 51 43 255 43 39 37 255 27 27 27 207 14 14 14 111 6 6 6 47 2 2 2 15 0 0 0 0 0 0 0 0 0 0 0 0 
2 2 2 15 2 2 2 15 6 6 6 47 28 28 27 111 68 67 65 207 129 127 122 255 211 207 198 255 245 236 226 255 231 215 204 255 202 173 160 255 159 111 94 255 131 77 60 255 118 71 56 255 112 68 54 255 112 68 54 255 129 83 63 255 163 113 79 255 181 128 87 255 181 128 87 255 181 128 87 255 181 128 87 255 171 122 83 255 153 110 77 255 116 86 63 255 61 51 43 255 31 31 31 239 27 27 27 207 19 19 19 143 6 6 6 47 0 0 0 0 0 0 0 0 0 0 0 0 
0 0 0 0 0 0 0 0 0 0 0 0 8 8 8 63 25 25 25 191 88 87 84 255 198 193 186 255 253 247 237 255 253 247 237 255 231 215 204 255 188 153 138 255 159 111 94 255 145 90 72 255 140 83 63 255 146 89 66 255 156 101 72 255 172 119 82 255 181 128 87 255 181 128 87 255 181 128 87 255 181 128 87 255 181 128 87 255 181 128 87 255 144 104 73 255 70 57 47 255 31 31 31 239 27 27 27 207 19 19 19 143 6 6 6 47 0 0 0 0 0 0 0 0 0 0 0 0 
0 0 0 0 0 0 0 0 0 0 0 0 8 8 8 63 25 25 25 191 88 87 84 255 198 193 186 255 253 247 237 255 253 247 237 255 245 236 226 255 231 215 204 255 202 173 160 255 159 111 94 255 146 89 66 255 162 107 76 255 172 119 82 255 178 125 85 255 181 128 87 255 181 128 87 255 181 128 87 255 181 128 87 255 181 128 87 255 181 128 87 255 144 104 73 255 70 57 47 255 27 27 27 207 14 14 14 111 6 6 6 47 2 2 2 15 0 0 0 0 0 0 0 0 0 0 0 0 
2 2 2 15 2 2 2 15 6 6 6 47 28 28 27 111 68 67 65 207 129 127 122 255 211 207 198 255 253 247 237 255 253 247 237 255 253 247 237 255 253 247 237 255 231 215 204 255 188 153 138 255 164 120 107 255 160 118 110 255 158 117 112 255 158 117 112 255 163 120 106 255 175 125 93 255 175 125 93 255 163 120 106 255 158 117 112 255 158 117 112 255 140 109 105 255 106 94 91 255 68 67 65 207 28 28 27 111 6 6 6 47 2 2 2 15 0 0 0 0 0 0 0 0 0 0 0 0 
6 6 6 47 6 6 6 47 19 19 19 143 68 67 65 207 155 151 146 239 211 207 198 255 239 233 224 255 253 247 237 255 253 247 237 255 253 247 237 255 253 247 237 255 245 236 226 255 231 215 204 255 196 178 185 255 140 123 170 255 112 96 163 255 112 96 163 255 129 104 144 255 163 120 106 255 163 120 106 255 129 104 144 255 112 96 163 255 112 96 163 255 133 120 169 255 176 169 180 255 155 151 146 239 68 67 65 207 19 19 19 143 6 6 6 47 0 0 0 0 0 0 0 0 0 0 0 0 
28 28 27 111 28 28 27 111 68 67 65 207 129 127 122 255 211 207 198 255 253 247 237 255 253 247 237 255 253 247 237 255 253 247 237 255 242 241 234 255 221 229 230 255 221 229 230 255 242 241 234 255 211 210 225 255 129 138 203 255 88 102 192 255 88 102 192 255 105 110 173 255 140 126 135 255 140 126 135 255 105 110 173 255 88 102 192 255 88 102 192 255 129 138 203 255 211 210 225 255 211 207 198 255 129 127 122 255 68 67 65 207 28 28 27 111 6 6 6 47 2 2 2 15 2 2 2 15 
68 67 65 207 68 67 65 207 155 151 146 239 211 207 198 255 239 233 224 255 253 247 237 255 253 247 237 255 253 247 237 255 253 247 237 255 221 229 230 255 159 193 218 255 159 193 218 255 221 229 230 255 211 219 227 255 128 163 209 255 86 135 200 255 86 135 200 255 92 138 193 255 103 143 181 255 103 143 181 255 92 138 193 255 86 135 200 255 86 135 200 255 128 163 209 255 211 219 227 255 239 233 224 255 211 207 198 255 155 151 146 239 68 67 65 207 19 19 19 143 6 6 6 47 6 6 6 47 
66 65 63 191 66 65 63 191 148 145 139 191 191 187 179 207 196 191 184 239 211 207 198 255 239 233 224 255 239 233 224 255 211 207 198 255 170 183 190 255 114 162 199 255 117 169 210 255 179 205 222 255 179 205 222 255 117 169 210 255 86 152 204 255 86 152 204 255 86 152 204 255 86 152 204 255 86 152 204 255 86 152 204 255 86 152 204 255 86 152 204 255 114 162 199 255 170 183 190 255 198 193 186 255 198 193 186 255 155 151 146 239 68 67 65 207 19 19 19 143 6 6 6 47 6 6 6 47 
22 21 21 63 22 21 21 63 49 48 46 63 69 68 65 111 82 80 78 207 129 127 122 255 211 207 198 255 211 207 198 255 129 127 122 255 88 103 114 255 86 135 174 255 96 157 206 255 117 169 210 255 117 169 210 255 96 157 206 255 86 152 204 255 86 152 204 255 86 152 204 255 86 152 204 255 86 152 204 255 86 152 204 255 86 152 204 255 86 152 204 255 86 135 174 255 88 103 114 255 88 87 84 255 88 87 84 255 68 67 65 207 28 28 27 111 6 6 6 47 2 2 2 15 2 2 2 15 
11 11 18 63 11 11 18 63 18 18 37 63 28 27 53 111 41 40 66 207 88 86 110 255 170 166 186 255 170 166 186 255 88 86 110 255 57 69 104 255 77 113 168 255 86 135 200 255 86 135 200 255 86 135 200 255 86 135 200 255 86 135 200 255 86 135 200 255 86 135 200 255 86 135 200 255 86 135 200 255 86 135 200 255 86 135 200 255 86 135 200 255 77 113 168 255 57 69 104 255 44 43 63 255 37 37 43 255 25 25 25 191 8 8 8 63 0 0 0 0 0 0 0 0 0 0 0 0 
35 35 54 191 35 35 54 191 56 54 112 191 68 66 143 207 73 70 148 239 88 86 162 255 116 112 188 255 116 112 188 255 88 86 162 255 78 80 160 255 85 95 182 255 88 102 192 255 88 102 192 255 88 102 192 255 88 102 192 255 88 102 192 255 88 102 192 255 88 102 192 255 88 102 192 255 88 102 192 255 88 102 192 255 88 102 192 255 88 102 192 255 85 95 182 255 78 80 160 255 64 63 121 255 44 43 63 255 25 25 25 191 8 8 8 63 0 0 0 0 0 0 0 0 0 0 0 0 
44 43 63 255 44 43 63 255 64 63 121 255 75 72 150 255 75 72 150 255 75 72 150 255 75 72 150 255 75 72 150 255 75 72 150 255 75 72 150 255 75 72 150 255 75 72 150 255 75 72 150 255 75 72 150 255 75 72 150 255 75 72 150 255 75 72 150 255 75 72 150 255 75 72 150 255 75 72 150 255 75 72 150 255 75 72 150 255 75 72 150 255 75 72 150 255 75 72 150 255 64 63 121 255 44 43 63 255 25 25 25 191 8 8 8 63 0 0 0 0 0 0 0 0 0 0 0 0 
37 37 43 255 37 37 43 255 44 43 63 255 47 46 72 255 47 46 72 255 47 46 72 255 47 46 72 255 47 46 72 255 47 46 72 255 47 46 72 255 47 46 72 255 47 46 72 255 47 46 72 255 47 46 72 255 47 46 72 255 47 46 72 255 47 46 72 255 47 46 72 255 47 46 72 255 47 46 72 255 47 46 72 255 47 46 72 255 47 46 72 255 47 46 72 255 47 46 72 255 44 43 63 255 37 37 43 255 25 25 25 191 8 8 8 63 0 0 0 0 0 0 0 0 0 0 0 0 
37 37 43 255 37 37 43 255 44 43 63 255 47 47 72 255 47 47 72 255 47 47 72 255 47 47 72 255 47 47 72 255 47 47 72 255 47 47 72 255 47 47 72 255 47 47 72 255 47 47 72 255 47 47 72 255 47 47 72 255 47 47 72 255 47 47 72 255 47 47 72 255 47 47 72 255 47 47 72 255 47 47 72 255 47 47 72 255 47 47 72 255 47 47 72 255 47 47 72 255 44 43 63 255 37 37 43 255 25 25 25 191 8 8 8 63 0 0 0 0 0 0 0 0 0 0 0 0 
