0 0 0 0 0 0 0 0 0 0 0 0 0 0 0 0 0 0 0 0 0 0 0 0 0 0 0 0 0 0 0 0 0 0 0 0 0 0 0 0 0 0 0 0 0 0 0 0 0 0 0 0 0 0 0 0 0 0 0 0 0 0 0 0 0 0 0 0 0 0 0 0 0 0 0 0 0 0 0 0 0 0 0 0 0 0 0 0 0 0 0 0 0 0 0 0 0 0 0 0 0 0 0 0 0 0 0 0 0 0 0 0 0 0 0 0 0 0 0 0 0 0 0 0 0 0 0 0 
0 0 0 0 0 0 0 0 0 0 0 0 0 0 0 0 0 0 0 0 0 0 0 0 0 0 0 0 0 0 0 0 0 0 0 0 0 0 0 0 0 0 0 0 0 0 0 0 0 0 0 0 0 0 0 0 0 0 0 0 0 0 0 0 0 0 0 0 0 0 0 0 0 0 0 0 0 0 0 0 0 0 0 0 0 0 0 0 0 0 0 0 0 0 0 0 0 0 0 0 0 0 0 0 0 0 0 0 0 0 0 0 0 0 0 0 0 0 0 0 0 0 0 0 0 0 0 0 
0 0 0 0 0 0 0 0 0 0 0 0 0 0 0 0 0 0 0 0 0 0 0 0 0 0 0 0 0 0 0 0 0 0 0 0 0 0 0 0 0 0 0 0 0 0 0 0 0 0 0 0 0 0 0 0 0 0 0 0 0 0 0 0 0 0 0 0 0 0 0 0 0 0 0 0 0 0 0 0 0 0 0 0 0 0 0 0 0 0 0 0 0 0 0 0 0 0 0 0 0 0 0 0 0 0 0 0 0 0 0 0 0 0 0 0 0 0 0 0 0 0 0 0 0 0 0 0 
0 0 0 0 0 0 0 0 0 0 0 0 0 0 0 0 0 0 0 0 0 0 0 0 0 0 0 0 0 0 0 0 0 0 0 0 0 0 0 0 0 0 0 0 0 0 0 0 0 0 0 0 0 0 0 0 0 0 0 0 0 0 0 0 0 0 0 0 0 0 0 0 0 0 0 0 0 0 0 0 0 0 0 0 0 0 0 0 0 0 0 0 0 0 0 0 0 0 0 0 0 0 0 0 0 0 0 0 0 0 0 0 0 0 0 0 0 0 0 0 0 0 0 0 0 0 0 0 
0 0 0 0 0 0 0 0 0 0 0 0 0 0 0 0 0 0 0 0 0 0 0 0 0 0 0 0 0 0 0 0 0 0 0 0 0 0 0 0 0 0 0 0 0 0 0 0 0 0 0 0 0 0 0 0 0 0 0 0 0 0 0 0 0 0 0 0 0 0 0 0 0 0 0 0 0 0 0 0 0 0 0 0 0 0 0 0 0 0 0 0 0 0 0 0 0 0 0 0 0 0 0 0 0 0 0 0 0 0 0 0 0 0 0 0 0 0 0 0 0 0 0 0 0 0 0 0 
0 0 0 0 0 0 0 0 0 0 0 0 0 0 0 0 0 0 0 0 0 0 0 0 0 0 0 0 0 0 0 0 0 0 0 0 0 0 0 0 0 0 0 0 0 0 0 0 0 0 0 0 0 0 0 0 0 0 0 0 0 0 0 0 0 0 0 0 0 0 0 0 0 0 0 0 0 0 0 0 0 0 0 0 0 0 0 0 0 0 0 0 0 0 0 0 0 0 0 0 0 0 0 0 0 0 0 0 0 0 0 0 0 0 0 0 0 0 0 0 0 0 0 0 0 0 0 0 
0 0 0 0 0 0 0 0 0 0 0 0 0 0 0 0 0 0 0 0 0 0 0 0 0 0 0 0 0 0 0 0 0 0 0 0 0 0 0 0 0 0 0 0 0 0 0 0 0 0 0 0 0 0 0 0 0 0 0 0 0 0 0 0 0 0 0 0 0 0 0 0 0 0 0 0 0 0 0 0 0 0 0 0 0 0 0 0 0 0 0 0 0 0 0 0 0 0 0 0 0 0 0 0 0 0 0 0 0 0 0 0 0 0 0 0 0 0 0 0 0 0 0 0 0 0 0 0 
0 0 0 0 0 0 0 0 0 0 0 0 0 0 0 0 0 0 0 0 0 0 0 0 0 0 0 0 0 0 0 0 0 0 0 0 0 0 0 0 0 0 0 0 0 0 0 0 0 0 0 0 0 0 0 0 0 0 0 0 0 0 0 0 0 0 0 0 0 0 0 0 0 0 0 0 0 0 0 0 0 0 0 0 0 0 0 0 0 0 0 0 0 0 0 0 0 0 0 0 0 0 0 0 0 0 0 0 0 0 0 0 0 0 0 0 0 0 0 0 0 0 0 0 0 0 0 0 
0 0 0 0 0 0 0 0 0 0 0 0 0 0 0 0 0 0 0 0 0 0 0 0 0 0 0 0 0 0 0 0 0 0 0 0 0 0 0 0 0 0 0 0 0 0 0 0 0 0 0 0 0 0 0 0 0 0 0 0 0 0 0 0 0 0 0 0 0 0 0 0 0 0 0 0 0 0 0 0 0 0 0 0 0 0 0 0 0 0 0 0 0 0 0 0 0 0 0 0 0 0 0 0 0 0 0 0 0 0 0 0 0 0 0 0 0 0 0 0 0 0 0 0 0 0 0 0 
0 0 0 0 0 0 0 0 0 0 0 0 0 0 0 0 0 0 0 0 0 0 0 0 0 0 0 0 0 0 0 0 0 0 0 0 0 0 0 0 0 0 0 0 0 0 0 0 0 0 0 0 0 0 0 0 0 0 0 0 0 0 0 0 0 0 0 0 0 0 0 0 0 0 0 0 0 0 0 0 0 0 0 0 0 0 0 0 0 0 0 0 0 0 0 0 0 0 0 0 0 0 0 0 0 0 0 0 0 0 0 0 0 0 0 0 0 0 0 0 0 0 0 0 0 0 0 0 
0 0 0 0 0 0 0 0 0 0 0 0 0 0 0 0 0 0 0 0 0 0 0 0 0 0 0 0 0 0 0 0 0 0 0 0 0 0 0 0 0 0 0 0 0 0 0 0 0 0 0 0 0 0 0 0 0 0 0 0 0 0 0 0 0 0 0 0 0 0 0 0 0 0 0 0 0 0 0 0 0 0 0 0 0 0 0 0 0 0 0 0 0 0 0 0 0 0 0 0 0 0 0 0 0 0 0 0 0 0 0 0 0 0 0 0 0 0 0 0 0 0 0 0 0 0 0 0 
0 0 0 0 0 0 0 0 0 0 0 0 0 0 0 0 0 0 0 0 0 0 0 0 0 0 0 0 0 0 0 0 0 0 0 0 0 0 0 0 0 0 0 0 0 0 0 0 0 0 0 0 0 0 0 0 0 0 0 0 0 0 0 0 0 0 0 0 0 0 0 0 0 0 0 0 0 0 0 0 0 0 0 0 0 0 0 0 0 0 0 0 0 0 0 0 0 0 0 0 0 0 0 0 0 0 0 0 0 0 0 0 0 0 0 0 0 0 0 0 0 0 0 0 0 0 0 0 
0 0 0 0 0 0 0 0 0 0 0 0 0 0 0 0 0 0 0 0 0 0 0 0 0 0 0 0 0 0 0 0 0 0 0 0 0 0 0 0 0 0 0 0 0 0 0 0 0 0 0 0 0 0 0 0 0 0 0 0 0 0 0 0 0 0 0 0 0 0 0 0 0 0 0 0 0 0 0 0 0 0 0 0 0 0 0 0 0 0 0 0 0 0 0 0 0 0 0 0 0 0 0 0 0 0 0 0 0 0 0 0 0 0 0 0 0 0 0 0 0 0 0 0 0 0 0 0 
0 0 0 0 0 0 0 0 0 0 0 0 0 0 0 0 0 0 0 0 0 0 0 0 0 0 0 0 0 0 0 0 0 0 0 0 0 0 0 0 0 0 0 0 0 0 0 0 0 0 0 0 0 0 0 0 0 0 0 0 0 0 0 0 0 0 0 0 0 0 0 0 0 0 0 0 0 0 0 0 0 0 0 0 0 0 0 0 0 0 0 0 0 0 0 0 0 0 0 0 0 0 0 0 0 0 0 0 0 0 0 0 0 0 0 0 0 0 0 0 0 0 0 0 0 0 0 0 
0 0 0 0 0 0 0 0 0 0 0 0 0 0 0 0 0 0 0 0 0 0 0 0 0 0 0 0 0 0 0 0 0 0 0 0 0 0 0 0 0 0 0 0 0 0 0 0 0 0 0 0 0 0 0 0 0 0 0 0 0 0 0 0 0 0 0 0 0 0 0 0 0 0 0 0 0 0 0 0 0 0 0 0 0 0 0 0 0 0 0 0 0 0 0 0 0 0 0 0 0 0 0 0 0 0 0 0 0 0 0 0 0 0 0 0 0 0 0 0 0 0 0 0 0 0 0 0 
0 0 0 0 0 0 0 0 0 0 0 0 0 0 0 0 0 0 0 0 0 0 0 0 0 0 0 0 0 0 0 0 0 0 0 0 0 0 0 0 0 0 0 0 0 0 0 0 0 0 0 0 0 0 0 0 0 0 0 0 0 0 0 0 0 0 0 0 0 0 0 0 0 0 0 0 0 0 0 0 0 0 0 0 0 0 0 0 0 0 0 0 0 0 0 0 0 0 0 0 0 0 0 0 0 0 0 0 0 0 0 0 0 0 0 0 0 0 0 0 0 0 0 0 0 0 0 0 
0 0 0 0 0 0 0 0 0 0 0 0 0 0 0 0 0 0 0 0 0 0 0 0 0 0 0 0 0 0 0 0 0 0 0 0 0 0 0 0 0 0 0 0 0 0 0 0 0 0 0 0 0 0 0 0 0 0 0 0 0 0 0 0 0 0 0 0 0 0 0 0 0 0 0 0 0 0 0 0 0 0 0 0 0 0 0 0 0 0 0 0 0 0 0 0 0 0 0 0 0 0 0 0 0 0 0 0 0 0 0 0 0 0 0 0 0 0 0 0 0 0 0 0 0 0 0 0 
0 0 0 0 0 0 0 0 0 0 0 0 0 0 0 0 0 0 0 0 0 0 0 0 0 0 0 0 0 0 0 0 0 0 0 0 0 0 0 0 0 0 0 0 0 0 0 0 0 0 0 0 0 0 0 0 0 0 0 0 0 0 0 0 0 0 0 0 0 0 0 0 0 0 0 0 0 0 0 0 0 0 0 0 0 0 0 0 0 0 0 0 0 0 0 0 0 0 0 0 0 0 0 0 0 0 0 0 0 0 0 0 0 0 0 0 0 0 0 0 0 0 0 0 0 0 0 0 
0 0 0 0 0 0 0 0 0 0 0 0 0 0 0 0 0 0 0 0 0 0 0 0 0 0 0 0 0 0 0 0 0 0 0 0 0 0 0 0 0 0 0 0 0 0 0 0 0 0 0 0 0 0 0 0 0 0 0 0 0 0 0 0 0 0 0 0 0 0 0 0 0 0 0 0 0 0 0 0 0 0 0 0 0 0 0 0 0 0 0 0 0 0 0 0 0 0 0 0 0 0 0 0 0 0 0 0 0 0 0 0 0 0 0 0 0 0 0 0 0 0 0 0 0 0 0 0 
0 0 0 0 0 0 0 0 0 0 0 0 0 0 0 0 0 0 0 0 1 1 3 15 5 4 9 47 7 5 12 63 7 5 12 63 5 4 9 47 1 1 3 15 0 0 0 0 0 0 0 0 0 0 0 0 0 0 0 0 0 0 0 0 0 0 0 0 0 0 0 0 0 0 0 0 0 0 0 0 0 0 0 0 0 0 0 0 0 0 0 0 0 0 0 0 0 0 0 0 0 0 0 0 0 0 0 0 0 0 0 0 0 0 0 0 0 0 0 0 0 0 0 0 0 0 0 0 
0 0 0 0 0 0 0 0 0 0 0 0 0 0 0 0 0 0 0 0 5 4 9 47 17 13 28 143 23 17 38 191 23 17 38 191 17 13 28 143 5 4 9 47 0 0 0 0 0 0 0 0 0 0 0 0 0 0 0 0 0 0 0 0 0 0 0 0 0 0 0 0 0 0 0 0 0 0 0 0 0 0 0 0 0 0 0 0 0 0 0 0 0 0 0 0 0 0 0 0 0 0 0 0 0 0 0 0 0 0 0 0 0 0 0 0 0 0 0 0 0 0 0 0 0 0 0 0 
0 0 0 0 0 0 0 0 0 0 0 0 0 0 0 0 0 0 0 0 7 6 12 63 23 18 38 191 34 27 59 255 41 35 76 255 36 31 67 207 17 14 30 111 5 4 9 47 1 1 3 15 0 0 0 0 0 0 0 0 0 0 0 0 0 0 0 0 0 0 0 0 0 0 0 0 0 0 0 0 0 0 0 0 0 0 0 0 0 0 0 0 0 0 0 0 0 0 0 0 0 0 0 0 0 0 0 0 0 0 0 0 0 0 0 0 0 0 0 0 0 0 0 0 0 0 0 0 
0 0 0 0 0 0 0 0 0 0 0 0 0 0 0 0 0 0 0 0 7 6 12 63 23 18 38 191 41 35 76 255 63 58 128 255 61 57 125 239 36 31 67 207 17 13 28 143 5 4 9 47 0 0 0 0 0 0 0 0 0 0 0 0 0 0 0 0 0 0 0 0 0 0 0 0 0 0 0 0 0 0 0 0 0 0 0 0 0 0 0 0 0 0 0 0 0 0 0 0 0 0 0 0 0 0 0 0 0 0 0 0 0 0 0 0 0 0 0 0 0 0 0 0 0 0 0 0 
0 0 0 0 0 0 0 0 0 0 0 0 0 0 0 0 0 0 0 0 7 6 12 63 23 18 38 191 45 39 85 255 74 70 154 255 78 74 163 255 56 51 111 255 36 31 67 207 17 14 30 111 7 5 12 63 7 5 12 63 5 4 9 47 1 1 3 15 0 0 0 0 0 0 0 0 0 0 0 0 0 0 0 0 0 0 0 0 0 0 0 0 0 0 0 0 0 0 0 0 0 0 0 0 0 0 0 0 0 0 0 0 0 0 0 0 0 0 0 0 0 0 0 0 0 0 0 0 
0 0 0 0 0 0 0 0 0 0 0 0 0 0 0 0 0 0 0 0 7 6 12 63 23 18 38 191 45 39 85 255 74 70 154 255 85 82 180 255 78 74 163 255 61 57 125 239 36 31 67 207 23 18 38 191 23 18 38 191 17 13 28 143 5 4 9 47 0 0 0 0 0 0 0 0 0 0 0 0 0 0 0 0 0 0 0 0 0 0 0 0 0 0 0 0 0 0 0 0 0 0 0 0 0 0 0 0 0 0 0 0 0 0 0 0 0 0 0 0 0 0 0 0 0 0 0 0 
0 0 0 0 0 0 0 0 0 0 0 0 0 0 0 0 0 0 0 0 5 4 9 47 17 13 28 143 36 31 67 207 61 57 125 239 78 74 163 255 85 82 180 255 78 74 163 255 56 51 111 255 45 39 85 255 45 39 85 255 36 31 67 207 17 14 30 111 7 6 12 63 7 6 12 63 5 4 9 47 1 1 3 15 0 0 0 0 0 0 0 0 0 0 0 0 0 0 0 0 0 0 0 0 0 0 0 0 0 0 0 0 0 0 0 0 0 0 0 0 0 0 0 0 0 0 0 0 
0 0 0 0 0 0 0 0 0 0 0 0 0 0 0 0 0 0 0 0 1 1 3 15 5 4 9 47 17 14 30 111 36 31 67 207 56 51 111 255 78 74 163 255 85 82 180 255 78 74 163 255 74 70 154 255 74 70 154 255 61 57 125 239 36 31 67 207 23 18 38 191 23 18 38 191 17 13 28 143 5 4 9 47 0 0 0 0 0 0 0 0 0 0 0 0 0 0 0 0 0 0 0 0 0 0 0 0 0 0 0 0 0 0 0 0 0 0 0 0 0 0 0 0 0 0 0 0 
0 0 0 0 0 0 0 0 0 0 0 0 0 0 0 0 0 0 0 0 0 0 0 0 0 0 0 0 7 6 12 63 23 18 38 191 45 39 85 255 74 70 154 255 89 86 189 255 89 86 189 255 89 86 189 255 89 86 189 255 78 74 163 255 56 51 111 255 45 43 86 255 44 51 88 255 35 43 70 207 17 18 31 111 7 6 12 63 7 6 12 63 5 4 9 47 1 1 3 15 0 0 0 0 0 0 0 0 0 0 0 0 0 0 0 0 0 0 0 0 0 0 0 0 0 0 0 0 
0 0 0 0 0 0 0 0 0 0 0 0 0 0 0 0 0 0 0 0 0 0 0 0 0 0 0 0 7 6 12 63 23 18 38 191 45 39 85 255 74 70 154 255 89 86 189 255 89 86 189 255 89 86 189 255 89 86 189 255 85 82 180 255 78 74 163 255 73 82 157 255 72 107 162 255 60 94 133 239 35 43 70 207 23 18 38 191 23 18 38 191 17 13 28 143 5 4 9 47 0 0 0 0 0 0 0 0 0 0 0 0 0 0 0 0 0 0 0 0 0 0 0 0 0 0 0 0 
0 0 0 0 0 0 0 0 0 0 0 0 0 0 0 0 0 0 0 0 1 1 3 15 5 4 9 47 17 14 30 111 36 31 67 207 56 51 111 255 78 74 163 255 89 86 189 255 89 86 189 255 88 90 189 255 88 98 191 255 88 102 192 255 88 102 192 255 87 114 195 255 86 139 201 255 75 128 175 255 55 80 117 255 44 56 89 255 44 56 89 255 35 43 70 207 17 18 31 111 5 4 9 47 1 1 3 15 0 0 0 0 0 0 0 0 0 0 0 0 0 0 0 0 0 0 0 0 
0 0 0 0 0 0 0 0 0 0 0 0 0 0 0 0 0 0 0 0 5 4 9 47 17 13 28 143 36 31 67 207 61 57 125 239 78 74 163 255 85 82 180 255 89 86 189 255 89 86 189 255 88 98 191 255 87 123 197 255 86 135 200 255 86 135 200 255 86 139 201 255 86 147 203 255 82 144 194 255 75 128 175 255 72 120 165 255 72 120 165 255 60 94 133 239 35 43 70 207 17 13 28 143 5 4 9 47 0 0 0 0 0 0 0 0 0 0 0 0 0 0 0 0 0 0 0 0 
0 0 0 0 0 0 0 0 0 0 0 0 0 0 0 0 0 0 0 0 5 4 9 47 17 13 28 143 36 31 67 207 61 57 125 239 78 74 163 255 85 82 180 255 88 90 189 255 88 98 191 255 87 114 195 255 86 139 201 255 86 152 204 255 86 152 204 255 86 152 204 255 86 152 204 255 86 147 203 255 86 139 201 255 86 135 200 255 86 135 200 255 76 111 171 255 55 63 114 255 36 31 67 207 17 14 30 111 5 4 9 47 1 1 3 15 0 0 0 0 0 0 0 0 0 0 0 0 
0 0 0 0 0 0 0 0 0 0 0 0 0 0 0 0 0 0 0 0 1 1 3 15 5 4 9 47 17 14 30 111 36 31 67 207 56 51 111 255 78 74 163 255 88 98 191 255 87 123 197 255 86 139 201 255 86 147 203 255 86 152 204 255 86 152 204 255 86 152 204 255 86 152 204 255 86 139 201 255 87 114 195 255 88 102 192 255 88 102 192 255 84 94 183 255 77 78 164 255 61 57 125 239 36 31 67 207 17 13 28 143 5 4 9 47 0 0 0 0 0 0 0 0 0 0 0 0 
0 0 0 0 0 0 0 0 0 0 0 0 0 0 0 0 0 0 0 0 1 1 3 15 5 4 9 47 17 14 30 111 36 31 67 207 56 51 111 255 78 74 163 255 88 98 191 255 87 123 197 255 86 139 201 255 86 147 203 255 86 152 204 255 86 152 204 255 86 152 204 255 86 152 204 255 86 139 201 255 87 114 195 255 88 102 192 255 88 102 192 255 88 102 192 255 88 102 192 255 77 90 166 255 55 67 115 255 35 43 70 207 17 18 31 111 5 4 9 47 1 1 3 15 1 1 3 15 
0 0 0 0 0 0 0 0 0 0 0 0 0 0 0 0 0 0 0 0 5 4 9 47 17 13 28 143 36 31 67 207 61 57 125 239 78 74 163 255 85 82 180 255 88 90 189 255 88 98 191 255 87 114 195 255 86 139 201 255 86 152 204 255 86 152 204 255 86 152 204 255 86 152 204 255 86 147 203 255 86 139 201 255 86 135 200 255 86 135 200 255 86 135 200 255 86 135 200 255 83 131 191 255 75 123 174 255 60 94 133 239 35 43 70 207 17 13 28 143 5 4 9 47 5 4 9 47 
0 0 0 0 0 0 0 0 0 0 0 0 1 1 3 15 5 4 9 47 13 10 22 111 25 19 41 207 41 35 76 255 63 58 128 255 74 70 154 255 74 70 154 255 74 70 154 255 74 70 154 255 73 82 157 255 72 107 162 255 72 120 165 255 72 120 165 255 72 120 165 255 72 120 165 255 72 120 165 255 72 120 165 255 72 120 165 255 72 120 165 255 72 120 165 255 72 120 165 255 72 120 165 255 72 120 165 255 61 96 137 255 41 48 79 255 25 19 41 207 13 10 22 111 13 10 22 111 
0 0 0 0 0 0 0 0 0 0 0 0 5 4 9 47 17 13 28 143 25 19 41 207 29 22 47 239 34 27 59 255 41 35 76 255 45 39 85 255 45 39 85 255 45 39 85 255 45 39 85 255 45 43 86 255 44 51 88 255 44 56 89 255 44 56 89 255 44 56 89 255 44 56 89 255 44 56 89 255 44 56 89 255 44 56 89 255 44 56 89 255 44 56 89 255 44 56 89 255 44 56 89 255 44 56 89 255 41 48 79 255 34 32 60 255 29 22 47 239 25 19 41 207 25 19 41 207 
0 0 0 0 0 0 0 0 0 0 0 0 5 4 9 47 17 13 28 143 25 19 41 207 29 22 47 239 42 34 58 255 64 55 73 255 78 69 84 255 83 76 93 255 79 69 86 255 64 48 64 255 64 48 64 255 79 69 86 255 86 79 97 255 86 79 97 255 82 72 88 255 73 57 69 255 68 50 60 255 68 50 60 255 68 50 60 255 68 50 60 255 73 57 69 255 82 72 88 255 86 79 97 255 86 79 97 255 72 65 85 255 44 37 62 255 29 22 47 239 25 19 41 207 25 19 41 207 
0 0 0 0 0 0 0 0 0 0 0 0 1 1 3 15 5 4 9 47 13 10 22 111 25 19 41 207 64 55 73 255 132 117 117 255 173 159 152 255 189 180 177 255 175 159 157 255 132 97 92 255 132 97 92 255 175 159 157 255 197 191 190 255 197 191 190 255 184 168 162 255 157 124 106 255 143 102 77 255 143 102 77 255 143 102 77 255 143 102 77 255 157 124 106 255 184 168 162 255 197 191 190 255 197 191 190 255 155 149 155 255 72 65 85 255 25 19 41 207 13 10 22 111 13 10 22 111 
0 0 0 0 0 0 0 0 0 0 0 0 0 0 0 0 0 0 0 0 7 6 12 63 23 18 38 191 76 65 80 255 166 149 139 255 221 205 186 255 242 233 220 255 224 205 193 255 166 121 105 255 152 107 94 255 182 163 158 255 197 191 190 255 197 191 190 255 193 175 164 255 185 143 112 255 181 128 87 255 181 128 87 255 181 128 87 255 181 128 87 255 185 143 112 255 193 175 164 255 197 191 190 255 197 191 190 255 153 147 152 239 66 61 76 207 17 13 28 143 5 4 9 47 5 4 9 47 
0 0 0 0 0 0 0 0 0 0 0 0 0 0 0 0 0 0 0 0 7 6 12 63 23 18 38 191 76 65 80 255 166 149 139 255 221 205 186 255 242 233 220 255 224 205 193 255 166 121 105 255 125 79 70 255 99 79 88 255 86 79 97 255 86 79 97 255 110 91 94 255 157 115 89 255 181 128 87 255 181 128 87 255 181 128 87 255 181 128 87 255 157 115 89 255 110 91 94 255 86 79 97 255 86 79 97 255 66 61 76 207 27 24 33 111 5 4 9 47 1 1 3 15 1 1 3 15 
0 0 0 0 0 0 0 0 0 0 0 0 0 0 0 0 0 0 0 0 7 6 12 63 23 18 38 191 76 65 80 255 166 149 139 255 221 205 186 255 242 233 220 255 224 205 193 255 166 121 105 255 111 65 59 255 57 37 53 255 31 24 51 255 31 24 51 255 68 50 60 255 143 102 77 255 181 128 87 255 181 128 87 255 181 128 87 255 181 128 87 255 143 102 77 255 68 50 60 255 31 24 51 255 31 24 51 255 23 18 38 191 7 6 12 63 0 0 0 0 0 0 0 0 0 0 0 0 
0 0 0 0 0 0 0 0 0 0 0 0 0 0 0 0 0 0 0 0 7 6 12 63 23 18 38 191 76 65 80 255 166 149 139 255 221 205 186 255 242 233 220 255 224 205 193 255 166 121 105 255 111 65 59 255 57 37 53 255 31 24 51 255 31 24 51 255 68 50 60 255 143 102 77 255 181 128 87 255 181 128 87 255 181 128 87 255 181 128 87 255 143 102 77 255 68 50 60 255 31 24 51 255 31 24 51 255 23 18 38 191 7 6 12 63 0 0 0 0 0 0 0 0 0 0 0 0 
0 0 0 0 0 0 0 0 0 0 0 0 0 0 0 0 0 0 0 0 7 6 12 63 23 18 38 191 76 65 80 255 166 149 139 255 221 205 186 255 242 233 220 255 231 215 204 255 188 153 138 255 139 100 92 255 84 58 66 255 57 38 53 255 57 38 53 255 88 60 62 255 150 105 78 255 181 128 87 255 181 128 87 255 181 128 87 255 181 128 87 255 150 105 78 255 88 60 62 255 64 48 64 255 79 69 86 255 66 61 76 207 27 24 33 111 5 4 9 47 1 1 3 15 1 1 3 15 
0 0 0 0 0 0 0 0 0 0 0 0 0 0 0 0 0 0 0 0 7 6 12 63 23 18 38 191 76 65 80 255 166 149 139 255 221 205 186 255 242 233 220 255 245 236 226 255 231 215 204 255 195 170 159 255 139 100 92 255 111 65 59 255 111 65 59 255 128 81 66 255 163 112 80 255 181 128 87 255 181 128 87 255 181 128 87 255 181 128 87 255 163 112 80 255 128 81 66 255 132 97 92 255 175 159 157 255 153 147 152 239 66 61 76 207 17 13 28 143 5 4 9 47 5 4 9 47 
0 0 0 0 0 0 0 0 0 0 0 0 0 0 0 0 0 0 0 0 7 6 12 63 23 18 38 191 76 65 80 255 166 149 139 255 221 205 186 255 242 233 220 255 253 247 237 255 253 247 237 255 231 215 204 255 188 153 138 255 166 121 105 255 166 121 105 255 174 130 110 255 190 148 119 255 199 157 124 255 199 157 124 255 199 157 124 255 199 157 124 255 190 148 119 255 174 130 110 255 188 153 138 255 231 215 204 255 197 191 190 255 86 79 97 255 23 18 38 191 7 6 12 63 7 6 12 63 
0 0 0 0 0 0 0 0 0 0 0 0 0 0 0 0 0 0 0 0 7 6 12 63 23 18 38 191 76 65 80 255 166 149 139 255 221 205 186 255 242 233 220 255 253 247 237 255 253 247 237 255 245 236 226 255 231 215 204 255 224 205 193 255 224 205 193 255 226 208 194 255 232 214 197 255 235 217 199 255 235 217 199 255 235 217 199 255 235 217 199 255 232 214 197 255 226 208 194 255 231 215 204 255 245 236 226 255 197 191 190 255 86 79 97 255 23 18 38 191 7 6 12 63 7 6 12 63 
0 0 0 0 0 0 0 0 0 0 0 0 0 0 0 0 0 0 0 0 7 6 12 63 23 18 38 191 64 55 73 255 132 117 117 255 177 167 161 255 199 204 206 255 219 225 226 255 234 230 222 255 245 236 224 255 250 243 232 255 253 247 237 255 253 247 237 255 253 247 237 255 253 247 237 255 253 247 237 255 253 247 237 255 253 247 237 255 253 247 237 255 253 247 237 255 253 247 237 255 253 247 237 255 253 247 237 255 197 191 190 255 86 79 97 255 23 18 38 191 7 6 12 63 7 6 12 63 
0 0 0 0 0 0 0 0 0 0 0 0 0 0 0 0 0 0 0 0 7 6 12 63 23 18 38 191 42 34 58 255 64 55 73 255 88 93 113 255 114 148 179 255 151 183 205 255 198 197 192 255 229 215 198 255 245 236 224 255 253 247 237 255 253 247 237 255 253 247 237 255 253 247 237 255 253 247 237 255 253 247 237 255 253 247 237 255 253 247 237 255 253 247 237 255 253 247 237 255 253 247 237 255 253 247 237 255 197 191 190 255 86 79 97 255 23 18 38 191 7 6 12 63 7 6 12 63 
0 0 0 0 0 0 0 0 0 0 0 0 1 1 3 15 5 4 9 47 13 10 22 111 25 19 41 207 34 32 60 255 41 48 79 255 55 80 117 255 75 128 175 255 109 159 197 255 156 173 184 255 195 194 188 255 226 220 209 255 245 236 224 255 250 243 232 255 253 247 237 255 253 247 237 255 253 247 237 255 253 247 237 255 253 247 237 255 253 247 237 255 253 247 237 255 253 247 237 255 239 233 225 255 211 205 202 255 153 147 152 239 66 61 76 207 17 13 28 143 5 4 9 47 5 4 9 47 
0 0 0 0 0 0 0 0 0 0 0 0 5 4 9 47 17 13 28 143 25 19 41 207 29 22 47 239 41 48 79 255 61 96 137 255 75 128 175 255 82 144 194 255 93 154 201 255 109 159 197 255 143 172 192 255 195 194 188 255 229 215 198 255 245 236 224 255 253 247 237 255 253 247 237 255 253 247 237 255 253 247 237 255 253 247 237 255 253 247 237 255 253 247 237 255 253 247 237 255 211 205 202 255 128 121 132 255 66 61 76 207 27 24 33 111 5 4 9 47 1 1 3 15 1 1 3 15 
1 1 3 15 1 1 3 15 5 4 9 47 17 14 30 111 36 31 67 207 45 39 85 255 45 39 85 255 55 63 114 255 76 111 171 255 86 135 200 255 86 135 200 255 86 135 200 255 86 135 200 255 110 142 193 255 157 157 180 255 195 181 185 255 226 215 208 255 245 236 224 255 250 243 232 255 253 247 237 255 253 247 237 255 253 247 237 255 253 247 237 255 253 247 237 255 253 247 237 255 197 191 190 255 86 79 97 255 23 18 38 191 7 6 12 63 0 0 0 0 0 0 0 0 0 0 0 0 
5 4 9 47 5 4 9 47 17 13 28 143 36 31 67 207 61 57 125 239 74 70 154 255 74 70 154 255 77 78 164 255 84 94 183 255 88 102 192 255 88 102 192 255 88 102 192 255 88 102 192 255 96 104 190 255 111 109 186 255 144 135 184 255 195 181 185 255 229 215 198 255 245 236 224 255 253 247 237 255 253 247 237 255 253 247 237 255 253 247 237 255 253 247 237 255 253 247 237 255 197 191 190 255 86 79 97 255 23 18 38 191 7 6 12 63 0 0 0 0 0 0 0 0 0 0 0 0 
7 5 12 63 7 6 12 63 23 18 38 191 41 35 76 255 63 58 128 255 74 70 154 255 74 70 154 255 74 70 154 255 74 70 154 255 74 70 154 255 74 70 154 255 85 80 161 255 108 101 176 255 122 115 188 255 127 122 196 255 152 145 197 255 198 185 189 255 229 215 198 255 245 236 224 255 253 247 237 255 253 247 237 255 253 247 237 255 253 247 237 255 253 247 237 255 253 247 237 255 208 201 197 255 120 111 119 255 58 50 63 207 24 20 29 111 5 4 9 47 1 1 3 15 1 1 3 15 
7 5 12 63 7 6 12 63 23 18 38 191 34 27 59 255 41 35 76 255 45 39 85 255 45 39 85 255 45 39 85 255 45 39 85 255 45 39 85 255 45 39 85 255 79 70 107 255 146 133 151 255 188 175 186 255 204 196 212 255 219 213 223 255 234 226 221 255 245 236 224 255 250 243 232 255 253 247 237 255 253 247 237 255 253 247 237 255 253 247 237 255 253 247 237 255 253 247 237 255 231 222 212 255 187 173 163 255 130 116 114 239 58 50 63 207 17 13 28 143 5 4 9 47 5 4 9 47 
7 5 12 63 7 6 12 63 23 18 38 191 34 27 59 255 41 35 76 255 45 39 85 255 45 39 85 255 45 39 85 255 45 39 85 255 45 39 85 255 45 39 85 255 79 70 107 255 146 133 151 255 188 175 186 255 204 196 212 255 219 213 223 255 234 226 221 255 245 236 224 255 250 243 232 255 253 247 237 255 253 247 237 255 253 247 237 255 253 247 237 255 253 247 237 255 253 247 237 255 231 222 212 255 187 173 163 255 130 116 114 239 58 50 63 207 17 13 28 143 5 4 9 47 5 4 9 47 
