0 0 0 0 0 0 0 0 0 0 0 0 0 0 0 0 0 0 0 0 0 0 0 0 0 0 0 0 0 0 0 0 0 0 0 0 0 0 0 0 0 0 0 0 0 0 0 0 0 0 0 0 0 0 0 0 0 0 0 0 0 0 0 0 0 0 0 0 0 0 0 0 0 0 0 0 0 0 0 0 0 0 0 0 0 0 0 0 0 0 0 0 0 0 0 0 0 0 0 0 0 0 0 0 0 0 0 0 0 0 0 0 0 0 0 0 0 0 0 0 0 0 0 0 0 0 0 0 
0 0 0 0 0 0 0 0 0 0 0 0 0 0 0 0 0 0 0 0 0 0 0 0 0 0 0 0 0 0 0 0 0 0 0 0 0 0 0 0 0 0 0 0 0 0 0 0 0 0 0 0 0 0 0 0 0 0 0 0 0 0 0 0 0 0 0 0 0 0 0 0 0 0 0 0 0 0 0 0 0 0 0 0 0 0 0 0 0 0 0 0 0 0 0 0 0 0 0 0 0 0 0 0 0 0 0 0 0 0 0 0 0 0 0 0 0 0 0 0 0 0 0 0 0 0 0 0 
0 0 0 0 0 0 0 0 0 0 0 0 0 0 0 0 0 0 0 0 0 0 0 0 0 0 0 0 0 0 0 0 0 0 0 0 0 0 0 0 0 0 0 0 0 0 0 0 0 0 0 0 0 0 0 0 0 0 0 0 0 0 0 0 0 0 0 0 0 0 0 0 0 0 0 0 0 0 0 0 0 0 0 0 0 0 0 0 0 0 0 0 0 0 0 0 0 0 0 0 0 0 0 0 0 0 0 0 0 0 0 0 0 0 0 0 0 0 0 0 0 0 0 0 0 0 0 0 
0 0 0 0 0 0 0 0 0 0 0 0 0 0 0 0 0 0 0 0 0 0 0 0 0 0 0 0 0 0 0 0 0 0 0 0 0 0 0 0 0 0 0 0 0 0 0 0 0 0 0 0 0 0 0 0 0 0 0 0 0 0 0 0 0 0 0 0 0 0 0 0 0 0 0 0 0 0 0 0 0 0 0 0 0 0 0 0 0 0 0 0 0 0 0 0 0 0 0 0 0 0 0 0 0 0 0 0 0 0 0 0 0 0 0 0 0 0 0 0 0 0 0 0 0 0 0 0 
0 0 0 0 0 0 0 0 0 0 0 0 0 0 0 0 0 0 0 0 0 0 0 0 0 0 0 0 0 0 0 0 0 0 0 0 0 0 0 0 0 0 0 0 0 0 0 0 0 0 0 0 0 0 0 0 0 0 0 0 0 0 0 0 0 0 0 0 0 0 0 0 0 0 0 0 0 0 0 0 0 0 0 0 0 0 0 0 0 0 0 0 0 0 0 0 0 0 0 0 0 0 0 0 0 0 0 0 0 0 0 0 0 0 0 0 0 0 0 0 0 0 0 0 0 0 0 0 
0 0 0 0 0 0 0 0 0 0 0 0 0 0 0 0 0 0 0 0 0 0 0 0 0 0 0 0 0 0 0 0 0 0 0 0 0 0 0 0 0 0 0 0 0 0 0 0 0 0 0 0 0 0 0 0 0 0 0 0 0 0 0 0 0 0 0 0 0 0 0 0 0 0 0 0 0 0 0 0 0 0 0 0 0 0 0 0 0 0 0 0 0 0 0 0 0 0 0 0 0 0 0 0 0 0 0 0 0 0 0 0 0 0 0 0 0 0 0 0 0 0 0 0 0 0 0 0 
0 0 0 0 0 0 0 0 0 0 0 0 0 0 0 0 0 0 0 0 0 0 0 0 0 0 0 0 0 0 0 0 0 0 0 0 0 0 0 0 0 0 0 0 0 0 0 0 0 0 0 0 0 0 0 0 0 0 0 0 0 0 0 0 0 0 0 0 0 0 0 0 0 0 0 0 0 0 0 0 0 0 0 0 0 0 0 0 0 0 0 0 0 0 0 0 0 0 0 0 0 0 0 0 0 0 0 0 0 0 0 0 0 0 0 0 0 0 0 0 0 0 0 0 0 0 0 0 
0 0 0 0 0 0 0 0 0 0 0 0 0 0 0 0 0 0 0 0 0 0 0 0 0 0 0 0 0 0 0 0 0 0 0 0 0 0 0 0 0 0 0 0 0 0 0 0 0 0 0 0 0 0 0 0 0 0 0 0 0 0 0 0 0 0 0 0 0 0 0 0 0 0 0 0 0 0 0 0 0 0 0 0 0 0 0 0 0 0 0 0 0 0 0 0 0 0 0 0 0 0 0 0 0 0 0 0 0 0 0 0 0 0 0 0 0 0 0 0 0 0 0 0 0 0 0 0 
0 0 0 0 0 0 0 0 0 0 0 0 0 0 0 0 0 0 0 0 0 0 0 0 0 0 0 0 0 0 0 0 0 0 0 0 0 0 0 0 0 0 0 0 0 0 0 0 0 0 0 0 0 0 0 0 0 0 0 0 0 0 0 0 0 0 0 0 0 0 0 0 0 0 0 0 0 0 0 0 0 0 0 0 0 0 0 0 0 0 0 0 0 0 0 0 0 0 0 0 0 0 0 0 0 0 0 0 0 0 0 0 0 0 0 0 0 0 0 0 0 0 0 0 0 0 0 0 
0 0 0 0 0 0 0 0 0 0 0 0 0 0 0 0 0 0 0 0 0 0 0 0 0 0 0 0 0 0 0 0 0 0 0 0 0 0 0 0 0 0 0 0 0 0 0 0 0 0 0 0 0 0 0 0 0 0 0 0 0 0 0 0 0 0 0 0 0 0 0 0 0 0 0 0 0 0 0 0 0 0 0 0 0 0 0 0 0 0 0 0 0 0 0 0 0 0 0 0 0 0 0 0 0 0 0 0 0 0 0 0 0 0 0 0 0 0 0 0 0 0 0 0 0 0 0 0 
0 0 0 0 0 0 0 0 0 0 0 0 0 0 0 0 0 0 0 0 0 0 0 0 0 0 0 0 0 0 0 0 0 0 0 0 0 0 0 0 0 0 0 0 0 0 0 0 0 0 0 0 0 0 0 0 0 0 0 0 0 0 0 0 0 0 0 0 0 0 0 0 0 0 0 0 0 0 0 0 0 0 0 0 0 0 0 0 0 0 0 0 0 0 0 0 0 0 0 0 0 0 0 0 0 0 0 0 0 0 0 0 0 0 0 0 0 0 0 0 0 0 0 0 0 0 0 0 
0 0 0 0 0 0 0 0 0 0 0 0 0 0 0 0 0 0 0 0 0 0 0 0 0 0 0 0 0 0 0 0 0 0 0 0 0 0 0 0 0 0 0 0 0 0 0 0 0 0 0 0 0 0 0 0 0 0 0 0 0 0 0 0 0 0 0 0 0 0 0 0 0 0 0 0 0 0 0 0 0 0 0 0 0 0 0 0 0 0 0 0 0 0 0 0 0 0 0 0 0 0 0 0 0 0 0 0 0 0 0 0 0 0 0 0 0 0 0 0 0 0 0 0 0 0 0 0 
0 0 0 0 0 0 0 0 0 0 0 0 0 0 0 0 0 0 0 0 0 0 0 0 0 0 0 0 0 0 0 0 0 0 0 0 0 0 0 0 0 0 0 0 0 0 0 0 0 0 0 0 0 0 0 0 0 0 0 0 0 0 0 0 0 0 0 0 0 0 0 0 0 0 0 0 0 0 0 0 0 0 0 0 0 0 0 0 0 0 0 0 0 0 0 0 0 0 0 0 0 0 0 0 0 0 0 0 0 0 0 0 0 0 0 0 0 0 0 0 0 0 0 0 0 0 0 0 
0 0 0 0 0 0 0 0 0 0 0 0 0 0 0 0 0 0 0 0 1 1 3 15 5 4 9 47 7 5 12 63 7 5 12 63 5 4 9 47 1 1 3 15 0 0 0 0 0 0 0 0 0 0 0 0 0 0 0 0 0 0 0 0 0 0 0 0 0 0 0 0 0 0 0 0 0 0 0 0 0 0 0 0 0 0 0 0 0 0 0 0 0 0 0 0 0 0 0 0 0 0 0 0 0 0 0 0 0 0 0 0 0 0 0 0 0 0 0 0 0 0 0 0 0 0 0 0 
0 0 0 0 0 0 0 0 0 0 0 0 0 0 0 0 0 0 0 0 5 4 9 47 17 13 28 143 23 17 38 191 23 17 38 191 17 13 28 143 5 4 9 47 0 0 0 0 0 0 0 0 0 0 0 0 0 0 0 0 0 0 0 0 0 0 0 0 0 0 0 0 0 0 0 0 0 0 0 0 0 0 0 0 0 0 0 0 0 0 0 0 0 0 0 0 0 0 0 0 0 0 0 0 0 0 0 0 0 0 0 0 0 0 0 0 0 0 0 0 0 0 0 0 0 0 0 0 
0 0 0 0 0 0 0 0 0 0 0 0 0 0 0 0 0 0 0 0 7 6 12 63 23 18 38 191 34 27 59 255 41 35 76 255 36 31 67 207 17 14 30 111 5 4 9 47 1 1 3 15 0 0 0 0 0 0 0 0 0 0 0 0 0 0 0 0 0 0 0 0 0 0 0 0 0 0 0 0 0 0 0 0 0 0 0 0 0 0 0 0 0 0 0 0 0 0 0 0 0 0 0 0 0 0 0 0 0 0 0 0 0 0 0 0 0 0 0 0 0 0 0 0 0 0 0 0 
0 0 0 0 0 0 0 0 0 0 0 0 0 0 0 0 0 0 0 0 7 6 12 63 23 18 38 191 41 35 76 255 63 58 128 255 61 57 125 239 36 31 67 207 17 13 28 143 5 4 9 47 0 0 0 0 0 0 0 0 0 0 0 0 0 0 0 0 0 0 0 0 0 0 0 0 0 0 0 0 0 0 0 0 0 0 0 0 0 0 0 0 0 0 0 0 0 0 0 0 0 0 0 0 0 0 0 0 0 0 0 0 0 0 0 0 0 0 0 0 0 0 0 0 0 0 0 0 
0 0 0 0 0 0 0 0 0 0 0 0 0 0 0 0 0 0 0 0 7 6 12 63 23 18 38 191 45 39 85 255 74 70 154 255 78 74 163 255 56 51 111 255 36 31 67 207 17 14 30 111 7 5 12 63 7 5 12 63 5 4 9 47 1 1 3 15 0 0 0 0 0 0 0 0 0 0 0 0 0 0 0 0 0 0 0 0 0 0 0 0 0 0 0 0 0 0 0 0 0 0 0 0 0 0 0 0 0 0 0 0 0 0 0 0 0 0 0 0 0 0 0 0 0 0 0 0 
0 0 0 0 0 0 0 0 0 0 0 0 0 0 0 0 0 0 0 0 7 6 12 63 23 18 38 191 45 39 85 255 74 70 154 255 85 82 180 255 78 74 163 255 61 57 125 239 36 31 67 207 23 17 38 191 23 17 38 191 17 13 28 143 5 4 9 47 0 0 0 0 0 0 0 0 0 0 0 0 0 0 0 0 0 0 0 0 0 0 0 0 0 0 0 0 0 0 0 0 0 0 0 0 0 0 0 0 0 0 0 0 0 0 0 0 0 0 0 0 0 0 0 0 0 0 0 0 
0 0 0 0 0 0 0 0 0 0 0 0 0 0 0 0 0 0 0 0 5 4 9 47 17 13 28 143 36 31 67 207 61 57 125 239 78 74 163 255 85 82 180 255 78 74 163 255 56 51 111 255 45 39 85 255 45 39 85 255 36 31 67 207 17 14 30 111 7 5 12 63 7 5 12 63 5 4 9 47 1 1 3 15 0 0 0 0 0 0 0 0 0 0 0 0 0 0 0 0 0 0 0 0 0 0 0 0 0 0 0 0 0 0 0 0 0 0 0 0 0 0 0 0 0 0 0 0 
0 0 0 0 0 0 0 0 0 0 0 0 0 0 0 0 0 0 0 0 1 1 3 15 5 4 9 47 17 14 30 111 36 31 67 207 56 51 111 255 78 74 163 255 85 82 180 255 78 74 163 255 74 70 154 255 74 70 154 255 61 57 125 239 36 31 67 207 23 17 38 191 23 17 38 191 17 13 28 143 5 4 9 47 0 0 0 0 0 0 0 0 0 0 0 0 0 0 0 0 0 0 0 0 0 0 0 0 0 0 0 0 0 0 0 0 0 0 0 0 0 0 0 0 0 0 0 0 
0 0 0 0 0 0 0 0 0 0 0 0 0 0 0 0 0 0 0 0 0 0 0 0 0 0 0 0 7 6 12 63 23 18 38 191 45 39 85 255 74 70 154 255 89 86 189 255 89 86 189 255 89 86 189 255 89 86 189 255 78 74 163 255 56 51 111 255 45 43 86 255 44 51 88 255 35 43 70 207 16 18 31 111 7 5 12 63 7 5 12 63 5 4 9 47 1 1 3 15 0 0 0 0 0 0 0 0 0 0 0 0 0 0 0 0 0 0 0 0 0 0 0 0 0 0 0 0 
0 0 0 0 0 0 0 0 0 0 0 0 0 0 0 0 0 0 0 0 0 0 0 0 0 0 0 0 7 6 12 63 23 18 38 191 45 39 85 255 74 70 154 255 89 86 189 255 89 86 189 255 89 86 189 255 89 86 189 255 85 82 180 255 78 74 163 255 73 82 157 255 72 107 162 255 59 94 133 239 35 43 70 207 23 17 38 191 23 17 38 191 17 13 28 143 5 4 9 47 0 0 0 0 0 0 0 0 0 0 0 0 0 0 0 0 0 0 0 0 0 0 0 0 0 0 0 0 
0 0 0 0 0 0 0 0 0 0 0 0 0 0 0 0 0 0 0 0 1 1 3 15 5 4 9 47 17 14 30 111 36 31 67 207 56 51 111 255 78 74 163 255 89 86 189 255 89 86 189 255 88 90 189 255 88 98 191 255 88 102 192 255 88 102 192 255 87 114 195 255 86 139 201 255 75 127 175 255 55 79 117 255 44 55 89 255 44 55 89 255 35 43 70 207 16 18 31 111 5 4 9 47 1 1 3 15 0 0 0 0 0 0 0 0 0 0 0 0 0 0 0 0 0 0 0 0 
0 0 0 0 0 0 0 0 0 0 0 0 0 0 0 0 0 0 0 0 5 4 9 47 17 13 28 143 36 31 67 207 61 57 125 239 78 74 163 255 85 82 180 255 89 86 189 255 89 86 189 255 88 98 191 255 87 123 197 255 86 135 200 255 86 135 200 255 86 139 201 255 86 147 203 255 82 144 194 255 75 128 175 255 72 120 165 255 72 120 165 255 60 94 133 239 35 43 70 207 17 13 28 143 5 4 9 47 0 0 0 0 0 0 0 0 0 0 0 0 0 0 0 0 0 0 0 0 
0 0 0 0 0 0 0 0 0 0 0 0 0 0 0 0 0 0 0 0 5 4 9 47 17 13 28 143 36 31 67 207 61 57 125 239 78 74 163 255 85 82 180 255 88 90 189 255 88 98 191 255 87 114 195 255 86 139 201 255 86 152 204 255 86 152 204 255 86 152 204 255 86 152 204 255 86 147 203 255 86 139 201 255 86 135 200 255 86 135 200 255 76 111 171 255 55 63 114 255 36 31 67 207 17 14 30 111 5 4 9 47 1 1 3 15 0 0 0 0 0 0 0 0 0 0 0 0 
0 0 0 0 0 0 0 0 0 0 0 0 0 0 0 0 0 0 0 0 1 1 3 15 5 4 9 47 17 14 30 111 36 31 67 207 56 51 111 255 78 74 163 255 88 98 191 255 87 123 197 255 86 139 201 255 86 147 203 255 86 152 204 255 86 152 204 255 86 152 204 255 86 152 204 255 86 139 201 255 87 114 195 255 88 102 192 255 88 102 192 255 84 94 183 255 77 78 164 255 61 57 125 239 36 31 67 207 17 13 28 143 5 4 9 47 0 0 0 0 0 0 0 0 0 0 0 0 
0 0 0 0 0 0 0 0 0 0 0 0 0 0 0 0 0 0 0 0 1 1 3 15 5 4 9 47 17 14 30 111 36 31 67 207 56 51 111 255 78 74 163 255 88 98 191 255 87 123 197 255 86 139 201 255 86 147 203 255 86 152 204 255 86 152 204 255 86 152 204 255 86 152 204 255 86 139 201 255 87 114 195 255 88 102 192 255 88 102 192 255 88 102 192 255 88 102 192 255 77 90 166 255 55 67 115 255 35 43 70 207 17 18 31 111 5 4 9 47 1 1 3 15 1 1 3 15 
0 0 0 0 0 0 0 0 0 0 0 0 0 0 0 0 0 0 0 0 5 4 9 47 17 13 28 143 36 31 67 207 61 57 125 239 78 74 163 255 85 82 180 255 88 90 189 255 88 98 191 255 87 114 195 255 86 139 201 255 86 152 204 255 86 152 204 255 86 152 204 255 86 152 204 255 86 147 203 255 86 139 201 255 86 135 200 255 86 135 200 255 86 135 200 255 86 135 200 255 83 131 191 255 75 123 174 255 60 94 133 239 35 43 70 207 17 13 28 143 5 4 9 47 5 4 9 47 
0 0 0 0 0 0 0 0 0 0 0 0 1 1 3 15 5 4 9 47 13 10 22 111 25 19 41 207 41 35 76 255 63 58 128 255 74 70 154 255 74 70 154 255 74 70 154 255 74 70 154 255 73 82 157 255 72 107 162 255 72 120 165 255 72 120 165 255 72 120 165 255 72 120 165 255 72 120 165 255 72 120 165 255 72 120 165 255 72 120 165 255 72 120 165 255 72 120 165 255 72 120 165 255 72 120 165 255 61 96 137 255 41 48 79 255 25 19 41 207 13 10 22 111 13 10 22 111 
0 0 0 0 0 0 0 0 0 0 0 0 5 4 9 47 17 13 28 143 25 19 41 207 29 22 47 239 34 27 59 255 41 35 76 255 45 39 85 255 45 39 85 255 45 39 85 255 45 39 85 255 45 43 86 255 44 51 88 255 44 56 89 255 44 56 89 255 44 56 89 255 44 56 89 255 44 56 89 255 44 56 89 255 44 56 89 255 44 56 89 255 44 56 89 255 44 56 89 255 44 56 89 255 44 56 89 255 41 48 79 255 34 32 60 255 29 22 47 239 25 19 41 207 25 19 41 207 
0 0 0 0 0 0 0 0 0 0 0 0 5 4 9 47 17 13 28 143 25 19 41 207 29 22 47 239 42 34 58 255 64 55 73 255 76 65 80 255 76 65 80 255 76 65 80 255 76 65 80 255 76 65 80 255 76 65 80 255 76 65 80 255 76 65 80 255 76 65 80 255 76 65 80 255 76 65 80 255 76 65 80 255 76 65 80 255 76 65 80 255 76 65 80 255 76 65 80 255 76 65 80 255 76 65 80 255 64 55 73 255 42 34 58 255 29 22 47 239 25 19 41 207 25 19 41 207 
0 0 0 0 0 0 0 0 0 0 0 0 1 1 3 15 5 4 9 47 13 10 22 111 25 19 41 207 64 55 73 255 132 117 117 255 166 149 139 255 166 149 139 255 166 149 139 255 166 149 139 255 166 149 139 255 166 149 139 255 166 149 139 255 166 149 139 255 166 149 139 255 166 149 139 255 166 149 139 255 166 149 139 255 166 149 139 255 166 149 139 255 166 149 139 255 166 149 139 255 166 149 139 255 166 149 139 255 132 117 117 255 64 55 73 255 25 19 41 207 13 10 22 111 13 10 22 111 
0 0 0 0 0 0 0 0 0 0 0 0 0 0 0 0 0 0 0 0 7 6 12 63 23 18 38 191 76 65 80 255 166 149 139 255 211 191 169 255 211 191 169 255 206 184 162 255 197 170 148 255 192 163 142 255 192 163 142 255 192 163 142 255 192 163 142 255 192 163 142 255 192 163 142 255 192 163 142 255 192 163 142 255 192 163 142 255 192 163 142 255 192 163 142 255 192 163 142 255 192 163 142 255 192 163 142 255 152 128 119 255 71 58 73 255 23 18 38 191 7 6 12 63 7 6 12 63 
0 0 0 0 0 0 0 0 0 0 0 0 0 0 0 0 0 0 0 0 7 6 12 63 23 18 38 191 76 65 80 255 166 149 139 255 211 191 169 255 211 191 169 255 197 170 148 255 169 128 108 255 156 107 88 255 156 107 88 255 156 107 88 255 156 107 88 255 156 107 88 255 156 107 88 255 156 107 88 255 156 107 88 255 156 107 88 255 156 107 88 255 156 107 88 255 156 107 88 255 156 107 88 255 156 107 88 255 124 86 79 255 62 44 60 255 23 18 38 191 7 6 12 63 7 6 12 63 
0 0 0 0 0 0 0 0 0 0 0 0 0 0 0 0 0 0 0 0 7 6 12 63 23 18 38 191 76 65 80 255 166 149 139 255 213 194 173 255 218 201 181 255 200 173 154 255 158 111 92 255 145 90 72 255 159 111 94 255 166 121 105 255 166 121 105 255 162 114 96 255 153 99 77 255 148 92 68 255 148 92 68 255 148 92 68 255 148 92 68 255 153 99 77 255 162 114 96 255 166 121 105 255 166 121 105 255 132 97 92 255 64 48 64 255 23 18 38 191 7 6 12 63 7 6 12 63 
0 0 0 0 0 0 0 0 0 0 0 0 0 0 0 0 0 0 0 0 7 6 12 63 23 18 38 191 76 65 80 255 166 149 139 255 218 201 181 255 234 222 207 255 216 194 180 255 164 118 101 255 159 111 94 255 202 173 160 255 224 205 193 255 224 205 193 255 210 182 165 255 183 138 108 255 170 116 80 255 170 116 80 255 170 116 80 255 170 116 80 255 183 138 108 255 210 182 165 255 224 205 193 255 224 205 193 255 175 159 157 255 79 69 86 255 23 18 38 191 7 6 12 63 7 6 12 63 
0 0 0 0 0 0 0 0 0 0 0 0 0 0 0 0 0 0 0 0 7 6 12 63 23 18 38 191 76 65 80 255 166 149 139 255 221 205 186 255 242 233 220 255 224 205 193 255 166 121 105 255 152 107 94 255 182 163 158 255 197 191 190 255 197 191 190 255 193 175 164 255 185 143 112 255 181 128 87 255 181 128 87 255 181 128 87 255 181 128 87 255 185 143 112 255 193 175 164 255 197 191 190 255 197 191 190 255 153 147 152 239 66 61 76 207 17 13 28 143 5 4 9 47 5 4 9 47 
0 0 0 0 0 0 0 0 0 0 0 0 0 0 0 0 0 0 0 0 7 6 12 63 23 18 38 191 76 65 80 255 166 149 139 255 221 205 186 255 242 233 220 255 224 205 193 255 166 121 105 255 125 79 70 255 99 79 88 255 86 79 97 255 86 79 97 255 110 91 94 255 157 115 89 255 181 128 87 255 181 128 87 255 181 128 87 255 181 128 87 255 157 115 89 255 110 91 94 255 86 79 97 255 86 79 97 255 66 61 76 207 27 24 33 111 5 4 9 47 1 1 3 15 1 1 3 15 
0 0 0 0 0 0 0 0 0 0 0 0 0 0 0 0 0 0 0 0 7 6 12 63 23 18 38 191 76 65 80 255 166 149 139 255 221 205 186 255 242 233 220 255 224 205 193 255 166 121 105 255 111 65 59 255 57 37 53 255 31 24 51 255 31 24 51 255 68 50 60 255 143 102 77 255 181 128 87 255 181 128 87 255 181 128 87 255 181 128 87 255 143 102 77 255 68 50 60 255 31 24 51 255 31 24 51 255 23 18 38 191 7 6 12 63 0 0 0 0 0 0 0 0 0 0 0 0 
0 0 0 0 0 0 0 0 0 0 0 0 0 0 0 0 0 0 0 0 7 6 12 63 23 18 38 191 76 65 80 255 166 149 139 255 221 205 186 255 242 233 220 255 224 205 193 255 166 121 105 255 111 65 59 255 57 37 53 255 31 24 51 255 31 24 51 255 68 50 60 255 143 102 77 255 181 128 87 255 181 128 87 255 181 128 87 255 181 128 87 255 143 102 77 255 68 50 60 255 31 24 51 255 31 24 51 255 23 18 38 191 7 6 12 63 0 0 0 0 0 0 0 0 0 0 0 0 
0 0 0 0 0 0 0 0 0 0 0 0 0 0 0 0 0 0 0 0 7 6 12 63 23 18 38 191 76 65 80 255 166 149 139 255 221 205 186 255 242 233 220 255 231 215 204 255 188 153 138 255 139 100 92 255 84 58 66 255 57 38 53 255 57 38 53 255 88 60 62 255 150 105 78 255 181 128 87 255 181 128 87 255 181 128 87 255 181 128 87 255 150 105 78 255 88 60 62 255 64 48 64 255 79 69 86 255 66 61 76 207 27 24 33 111 5 4 9 47 1 1 3 15 1 1 3 15 
0 0 0 0 0 0 0 0 0 0 0 0 0 0 0 0 0 0 0 0 7 6 12 63 23 18 38 191 76 65 80 255 166 149 139 255 221 205 186 255 242 233 220 255 245 236 226 255 231 215 204 255 195 170 159 255 139 100 92 255 111 65 59 255 111 65 59 255 128 81 66 255 163 112 80 255 181 128 87 255 181 128 87 255 181 128 87 255 181 128 87 255 163 112 80 255 128 81 66 255 132 97 92 255 175 159 157 255 153 147 152 239 66 61 76 207 17 13 28 143 5 4 9 47 5 4 9 47 
0 0 0 0 0 0 0 0 0 0 0 0 0 0 0 0 0 0 0 0 7 6 12 63 23 18 38 191 76 65 80 255 166 149 139 255 221 205 186 255 242 233 220 255 253 247 237 255 253 247 237 255 231 215 204 255 188 153 138 255 166 121 105 255 166 121 105 255 174 130 110 255 190 148 119 255 199 157 124 255 199 157 124 255 199 157 124 255 199 157 124 255 190 148 119 255 174 130 110 255 188 153 138 255 231 215 204 255 197 191 190 255 86 79 97 255 23 18 38 191 7 6 12 63 7 6 12 63 
0 0 0 0 0 0 0 0 0 0 0 0 0 0 0 0 0 0 0 0 7 6 12 63 23 18 38 191 76 65 80 255 166 149 139 255 221 205 186 255 242 233 220 255 253 247 237 255 253 247 237 255 245 236 226 255 231 215 204 255 224 205 193 255 224 205 193 255 226 208 194 255 232 214 197 255 235 217 199 255 235 217 199 255 235 217 199 255 235 217 199 255 232 214 197 255 226 208 194 255 231 215 204 255 245 236 226 255 197 191 190 255 86 79 97 255 23 18 38 191 7 6 12 63 7 6 12 63 
0 0 0 0 0 0 0 0 0 0 0 0 0 0 0 0 0 0 0 0 5 4 9 47 17 13 28 143 58 50 63 207 130 116 114 239 177 167 161 255 199 204 206 255 219 225 226 255 234 230 222 255 245 236 224 255 250 243 232 255 253 247 237 255 253 247 237 255 253 247 237 255 253 247 237 255 253 247 237 255 253 247 237 255 253 247 237 255 253 247 237 255 253 247 237 255 253 247 237 255 253 247 237 255 253 247 237 255 197 191 190 255 86 79 97 255 23 18 38 191 7 6 12 63 7 6 12 63 
0 0 0 0 0 0 0 0 0 0 0 0 0 0 0 0 0 0 0 0 1 1 3 15 5 4 9 47 24 20 29 111 58 50 63 207 88 93 113 255 114 148 179 255 151 183 205 255 198 197 192 255 229 215 198 255 245 236 224 255 253 247 237 255 253 247 237 255 253 247 237 255 253 247 237 255 253 247 237 255 253 247 237 255 253 247 237 255 253 247 237 255 253 247 237 255 253 247 237 255 253 247 237 255 253 247 237 255 197 191 190 255 86 79 97 255 23 18 38 191 7 6 12 63 7 6 12 63 
0 0 0 0 0 0 0 0 0 0 0 0 0 0 0 0 0 0 0 0 1 1 3 15 5 4 9 47 17 18 31 111 35 43 70 207 55 80 117 255 75 128 175 255 109 159 197 255 156 173 184 255 195 194 188 255 226 220 209 255 245 236 224 255 250 243 232 255 253 247 237 255 253 247 237 255 253 247 237 255 253 247 237 255 253 247 237 255 253 247 237 255 253 247 237 255 253 247 237 255 239 233 225 255 211 205 202 255 153 147 152 239 66 61 76 207 17 13 28 143 5 4 9 47 5 4 9 47 
0 0 0 0 0 0 0 0 0 0 0 0 0 0 0 0 0 0 0 0 5 4 9 47 17 13 28 143 35 43 70 207 60 94 133 239 75 128 175 255 82 144 194 255 93 154 201 255 109 159 197 255 143 172 192 255 195 194 188 255 229 215 198 255 245 236 224 255 253 247 237 255 253 247 237 255 253 247 237 255 253 247 237 255 253 247 237 255 253 247 237 255 253 247 237 255 253 247 237 255 211 205 202 255 128 121 132 255 66 61 76 207 27 24 33 111 5 4 9 47 1 1 3 15 1 1 3 15 
0 0 0 0 0 0 0 0 0 0 0 0 1 1 3 15 5 4 9 47 17 18 31 111 35 43 70 207 55 80 117 255 75 128 175 255 86 152 204 255 86 152 204 255 86 152 204 255 86 152 204 255 109 159 197 255 156 173 184 255 198 197 192 255 234 230 222 255 253 247 237 255 253 247 237 255 253 247 237 255 253 247 237 255 253 247 237 255 253 247 237 255 253 247 237 255 253 247 237 255 197 191 190 255 86 79 97 255 23 18 38 191 7 6 12 63 0 0 0 0 0 0 0 0 0 0 0 0 
0 0 0 0 0 0 0 0 0 0 0 0 5 4 9 47 17 13 28 143 35 43 70 207 60 94 133 239 75 128 175 255 82 144 194 255 86 152 204 255 86 152 204 255 86 152 204 255 86 152 204 255 93 154 201 255 109 159 197 255 151 183 205 255 219 225 226 255 253 247 237 255 253 247 237 255 253 247 237 255 253 247 237 255 253 247 237 255 253 247 237 255 253 247 237 255 253 247 237 255 197 191 190 255 86 79 97 255 23 18 38 191 7 6 12 63 0 0 0 0 0 0 0 0 0 0 0 0 
1 1 3 15 1 1 3 15 5 4 9 47 17 14 30 111 36 31 67 207 55 63 114 255 76 111 171 255 86 135 200 255 86 135 200 255 86 135 200 255 86 135 200 255 86 135 200 255 86 135 200 255 86 135 200 255 86 135 200 255 125 159 205 255 203 208 215 255 245 236 224 255 250 243 232 255 253 247 237 255 253 247 237 255 253 247 237 255 253 247 237 255 253 247 237 255 253 247 237 255 197 191 190 255 86 79 97 255 23 18 38 191 7 6 12 63 0 0 0 0 0 0 0 0 0 0 0 0 
5 4 9 47 5 4 9 47 17 13 28 143 36 31 67 207 61 57 125 239 77 78 164 255 84 94 183 255 88 102 192 255 88 102 192 255 88 102 192 255 88 102 192 255 88 102 192 255 88 102 192 255 88 102 192 255 88 102 192 255 121 128 191 255 188 179 187 255 229 215 198 255 245 236 224 255 253 247 237 255 253 247 237 255 253 247 237 255 253 247 237 255 253 247 237 255 253 247 237 255 197 191 190 255 86 79 97 255 23 18 38 191 7 6 12 63 0 0 0 0 0 0 0 0 0 0 0 0 
7 5 12 63 7 6 12 63 23 18 38 191 41 35 76 255 63 58 128 255 74 70 154 255 74 70 154 255 74 70 154 255 74 70 154 255 74 70 154 255 74 70 154 255 74 70 154 255 74 70 154 255 74 70 154 255 74 70 154 255 108 100 158 255 176 160 165 255 221 205 186 255 242 233 219 255 253 247 237 255 253 247 237 255 253 247 237 255 253 247 237 255 250 243 232 255 245 236 224 255 189 180 177 255 83 76 93 255 23 18 38 191 7 6 12 63 0 0 0 0 0 0 0 0 0 0 0 0 
7 5 12 63 7 6 12 63 23 18 38 191 34 27 59 255 41 35 76 255 45 39 85 255 45 39 85 255 45 39 85 255 45 39 85 255 45 39 85 255 45 39 85 255 45 39 85 255 45 39 85 255 45 39 85 255 45 39 85 255 86 77 106 255 169 153 148 255 221 205 186 255 242 233 219 255 253 247 237 255 253 247 237 255 253 247 237 255 253 247 237 255 245 236 224 255 229 215 198 255 173 159 152 255 78 69 84 255 23 18 38 191 7 6 12 63 0 0 0 0 0 0 0 0 0 0 0 0 
7 5 12 63 7 6 12 63 23 18 38 191 34 27 59 255 41 35 76 255 45 39 85 255 45 39 85 255 45 39 85 255 45 39 85 255 45 39 85 255 45 39 85 255 45 39 85 255 45 39 85 255 45 39 85 255 45 39 85 255 86 77 106 255 169 153 148 255 221 205 186 255 242 233 219 255 253 247 237 255 253 247 237 255 253 247 237 255 253 247 237 255 245 236 224 255 229 215 198 255 173 159 152 255 78 69 84 255 23 18 38 191 7 6 12 63 0 0 0 0 0 0 0 0 0 0 0 0 
