0 0 0 0 0 0 0 0 0 0 0 0 0 0 0 0 0 0 0 0 0 0 0 0 0 0 0 0 0 0 0 0 0 0 0 0 0 0 0 0 0 0 0 0 2 2 2 15 6 6 6 47 8 8 8 63 8 8 8 63 8 8 8 63 8 8 8 63 6 6 6 47 2 2 2 15 2 2 2 15 6 6 6 47 8 8 8 63 8 8 8 63 6 6 6 47 2 2 2 15 0 0 0 0 0 0 0 0 0 0 0 0 0 0 0 0 0 0 0 0 0 0 0 0 0 0 0 0 
0 0 0 0 0 0 0 0 0 0 0 0 0 0 0 0 0 0 0 0 0 0 0 0 0 0 0 0 0 0 0 0 0 0 0 0 0 0 0 0 0 0 0 0 2 2 2 15 6 6 6 47 8 8 8 63 8 8 8 63 8 8 8 63 8 8 8 63 6 6 6 47 2 2 2 15 2 2 2 15 6 6 6 47 8 8 8 63 8 8 8 63 6 6 6 47 2 2 2 15 0 0 0 0 0 0 0 0 0 0 0 0 0 0 0 0 0 0 0 0 0 0 0 0 0 0 0 0 
0 0 0 0 0 0 0 0 0 0 0 0 0 0 0 0 0 0 0 0 0 0 0 0 0 0 0 0 0 0 0 0 0 0 0 0 0 0 0 0 0 0 0 0 6 6 6 47 19 19 19 143 25 25 25 191 25 25 25 191 25 25 25 191 25 25 25 191 19 19 19 143 6 6 6 47 6 6 6 47 19 19 19 143 25 25 25 191 25 25 25 191 19 19 19 143 6 6 6 47 0 0 0 0 0 0 0 0 0 0 0 0 0 0 0 0 0 0 0 0 0 0 0 0 0 0 0 0 
0 0 0 0 0 0 0 0 0 0 0 0 0 0 0 0 0 0 0 0 0 0 0 0 0 0 0 0 0 0 0 0 0 0 0 0 2 2 2 15 6 6 6 47 22 26 16 111 49 62 33 207 63 80 41 255 63 80 41 255 58 76 41 255 49 70 42 255 35 52 34 207 17 23 17 111 25 24 23 111 60 57 52 207 67 63 59 255 45 43 42 255 25 25 25 191 8 8 8 63 0 0 0 0 0 0 0 0 0 0 0 0 0 0 0 0 0 0 0 0 0 0 0 0 0 0 0 0 
0 0 0 0 0 0 0 0 0 0 0 0 0 0 0 0 0 0 0 0 0 0 0 0 0 0 0 0 0 0 0 0 0 0 0 0 6 6 6 47 19 19 19 143 49 62 33 207 97 135 48 239 121 171 55 255 121 171 55 255 107 162 57 255 79 143 60 255 54 106 52 239 35 52 34 207 60 57 52 207 131 120 107 239 133 122 109 255 67 63 59 255 25 25 25 191 8 8 8 63 0 0 0 0 0 0 0 0 0 0 0 0 0 0 0 0 0 0 0 0 0 0 0 0 0 0 0 0 
0 0 0 0 0 0 0 0 0 0 0 0 0 0 0 0 0 0 0 0 0 0 0 0 0 0 0 0 0 0 0 0 0 0 0 0 8 8 8 63 25 25 25 191 63 79 41 255 121 171 55 255 146 214 63 255 136 208 64 255 115 187 64 255 81 151 62 255 68 118 63 255 74 88 66 255 111 102 93 255 177 161 143 255 166 151 135 255 78 73 67 255 25 25 25 191 8 8 8 63 0 0 0 0 0 0 0 0 0 0 0 0 0 0 0 0 0 0 0 0 0 0 0 0 0 0 0 0 
0 0 0 0 0 0 0 0 0 0 0 0 0 0 0 0 0 0 0 0 0 0 0 0 0 0 0 0 0 0 0 0 0 0 0 0 8 8 8 63 25 25 25 191 63 79 41 255 121 171 55 255 136 208 64 255 108 189 67 255 81 151 62 255 56 95 49 255 74 88 66 255 136 130 112 255 177 161 143 255 199 181 160 255 166 151 135 255 78 73 67 255 25 25 25 191 8 8 8 63 0 0 0 0 0 0 0 0 0 0 0 0 0 0 0 0 0 0 0 0 0 0 0 0 0 0 0 0 
0 0 0 0 0 0 0 0 0 0 0 0 0 0 0 0 0 0 0 0 0 0 0 0 0 0 0 0 2 2 2 15 6 6 6 47 14 14 14 111 27 27 27 207 55 68 39 255 99 137 50 255 107 162 57 255 79 143 60 255 68 118 63 255 74 88 66 255 111 102 93 255 177 161 143 255 211 191 169 255 211 191 169 255 166 151 135 255 78 73 67 255 25 25 25 191 8 8 8 63 0 0 0 0 0 0 0 0 0 0 0 0 0 0 0 0 0 0 0 0 0 0 0 0 0 0 0 0 
0 0 0 0 0 0 0 0 0 0 0 0 0 0 0 0 0 0 0 0 0 0 0 0 0 0 0 0 6 6 6 47 19 19 19 143 27 27 27 207 31 31 31 239 41 45 35 255 55 68 39 255 58 76 41 255 49 70 42 255 74 88 66 255 136 130 112 255 177 161 143 255 199 181 160 255 211 191 169 255 211 191 169 255 166 151 135 255 78 73 67 255 25 25 25 191 8 8 8 63 0 0 0 0 0 0 0 0 0 0 0 0 0 0 0 0 0 0 0 0 0 0 0 0 0 0 0 0 
0 0 0 0 0 0 0 0 0 0 0 0 0 0 0 0 0 0 0 0 0 0 0 0 0 0 0 0 8 8 8 63 25 25 25 191 42 40 39 255 59 54 50 255 70 63 58 255 75 70 64 255 78 73 67 255 78 73 67 255 111 102 93 255 177 161 143 255 211 191 169 255 211 191 169 255 211 191 169 255 211 191 169 255 166 151 135 255 78 73 67 255 25 25 25 191 8 8 8 63 0 0 0 0 0 0 0 0 0 0 0 0 0 0 0 0 0 0 0 0 0 0 0 0 0 0 0 0 
0 0 0 0 0 0 0 0 0 0 0 0 0 0 0 0 0 0 0 0 0 0 0 0 0 0 0 0 8 8 8 63 25 25 25 191 59 54 50 255 110 94 83 255 143 123 108 255 159 142 126 255 166 151 135 255 166 151 135 255 177 161 143 255 199 181 160 255 211 191 169 255 211 191 169 255 211 191 169 255 211 191 169 255 166 151 135 255 78 73 67 255 25 25 25 191 8 8 8 63 0 0 0 0 0 0 0 0 0 0 0 0 0 0 0 0 0 0 0 0 0 0 0 0 0 0 0 0 
0 0 0 0 0 0 0 0 0 0 0 0 0 0 0 0 0 0 0 0 0 0 0 0 0 0 0 0 8 8 8 63 25 25 25 191 67 60 55 255 135 114 99 255 169 143 125 255 167 149 131 255 166 151 135 255 166 151 135 255 177 161 143 255 199 181 160 255 211 191 169 255 211 191 169 255 199 181 160 255 177 161 143 255 133 122 109 255 67 63 59 255 25 25 25 191 8 8 8 63 0 0 0 0 0 0 0 0 0 0 0 0 0 0 0 0 0 0 0 0 0 0 0 0 0 0 0 0 
0 0 0 0 0 0 0 0 0 0 0 0 0 0 0 0 0 0 0 0 0 0 0 0 0 0 0 0 8 8 8 63 25 25 25 191 67 60 55 255 135 114 99 255 147 124 108 255 101 90 81 255 78 73 67 255 78 73 67 255 111 102 93 255 177 161 143 255 211 191 169 255 211 191 169 255 177 161 143 255 111 102 93 255 67 63 59 255 45 43 42 255 25 25 25 191 8 8 8 63 0 0 0 0 0 0 0 0 0 0 0 0 0 0 0 0 0 0 0 0 0 0 0 0 0 0 0 0 
0 0 0 0 0 0 0 0 0 0 0 0 0 0 0 0 0 0 0 0 0 0 0 0 0 0 0 0 8 8 8 63 25 25 25 191 67 60 55 255 135 114 99 255 136 114 100 255 68 60 56 255 34 34 34 255 34 34 34 255 78 73 67 255 166 151 135 255 211 191 169 255 211 191 169 255 166 151 135 255 78 73 67 255 34 34 34 255 34 34 34 255 25 25 25 191 8 8 8 63 0 0 0 0 0 0 0 0 0 0 0 0 0 0 0 0 0 0 0 0 0 0 0 0 0 0 0 0 
0 0 0 0 0 0 0 0 0 0 0 0 0 0 0 0 0 0 0 0 0 0 0 0 0 0 0 0 8 8 8 63 25 25 25 191 67 60 55 255 135 114 99 255 136 114 100 255 68 60 56 255 34 34 34 255 34 34 34 255 78 73 67 255 166 151 135 255 211 191 169 255 211 191 169 255 166 151 135 255 78 73 67 255 34 34 34 255 34 34 34 255 25 25 25 191 8 8 8 63 0 0 0 0 0 0 0 0 0 0 0 0 0 0 0 0 0 0 0 0 0 0 0 0 0 0 0 0 
0 0 0 0 0 0 0 0 0 0 0 0 0 0 0 0 0 0 0 0 0 0 0 0 0 0 0 0 8 8 8 63 25 25 25 191 67 60 55 255 135 114 99 255 137 119 102 255 73 75 64 255 40 54 45 255 40 54 45 255 83 88 76 255 168 156 138 255 211 191 169 255 211 191 169 255 168 156 138 255 83 88 76 255 39 49 42 255 35 39 36 255 25 25 25 191 8 8 8 63 0 0 0 0 0 0 0 0 0 0 0 0 0 0 0 0 0 0 0 0 0 0 0 0 0 0 0 0 
0 0 0 0 0 0 0 0 0 0 0 0 0 0 0 0 0 0 0 0 0 0 0 0 0 0 0 0 8 8 8 63 25 25 25 191 67 60 55 255 135 114 99 255 141 129 108 255 83 106 81 255 54 94 67 255 54 94 67 255 93 118 93 255 171 166 143 255 211 191 169 255 211 191 169 255 171 166 143 255 93 118 93 255 49 79 59 255 39 49 42 255 25 25 25 191 8 8 8 63 0 0 0 0 0 0 0 0 0 0 0 0 0 0 0 0 0 0 0 0 0 0 0 0 0 0 0 0 
0 0 0 0 0 0 0 0 0 0 0 0 0 0 0 0 0 0 0 0 0 0 0 0 0 0 0 0 8 8 8 63 25 25 25 191 67 60 55 255 135 114 99 255 142 134 111 255 88 121 89 255 60 115 79 255 60 115 79 255 98 133 101 255 173 171 146 255 211 191 169 255 211 191 169 255 173 172 146 255 98 134 101 255 54 94 67 255 40 54 45 255 25 25 25 191 8 8 8 63 0 0 0 0 0 0 0 0 0 0 0 0 0 0 0 0 0 0 0 0 0 0 0 0 0 0 0 0 
0 0 0 0 0 0 0 0 0 0 0 0 0 0 0 0 0 0 0 0 0 0 0 0 0 0 0 0 8 8 8 63 25 25 25 191 67 60 55 255 135 114 99 255 142 134 111 255 88 121 89 255 60 115 79 255 60 115 79 255 98 133 101 255 173 171 146 255 211 191 169 255 211 191 169 255 173 172 146 255 98 134 101 255 54 94 67 255 40 54 45 255 25 25 25 191 8 8 8 63 0 0 0 0 0 0 0 0 0 0 0 0 0 0 0 0 0 0 0 0 0 0 0 0 0 0 0 0 
0 0 0 0 0 0 0 0 0 0 0 0 0 0 0 0 0 0 0 0 0 0 0 0 0 0 0 0 8 8 8 63 25 25 25 191 67 60 55 255 135 114 99 255 142 134 111 255 88 121 89 255 60 115 79 255 60 115 79 255 98 133 101 255 173 171 146 255 211 191 169 255 211 191 169 255 173 172 146 255 98 134 101 255 54 94 67 255 40 54 45 255 25 25 25 191 8 8 8 63 0 0 0 0 0 0 0 0 0 0 0 0 0 0 0 0 0 0 0 0 0 0 0 0 0 0 0 0 
0 0 0 0 0 0 0 0 0 0 0 0 0 0 0 0 0 0 0 0 0 0 0 0 0 0 0 0 8 8 8 63 25 25 25 191 67 60 55 255 135 114 99 255 142 134 111 255 88 121 89 255 60 115 79 255 60 115 79 255 98 133 101 255 173 171 146 255 211 191 169 255 211 191 169 255 173 172 146 255 98 134 101 255 54 94 67 255 40 54 45 255 25 25 25 191 8 8 8 63 0 0 0 0 0 0 0 0 0 0 0 0 0 0 0 0 0 0 0 0 0 0 0 0 0 0 0 0 
0 0 0 0 0 0 0 0 0 0 0 0 0 0 0 0 0 0 0 0 0 0 0 0 0 0 0 0 6 6 6 47 19 19 19 143 53 47 44 207 108 92 81 239 124 116 97 255 100 119 92 255 88 121 89 255 88 121 89 255 116 135 106 255 172 164 140 255 200 178 157 255 200 178 157 255 164 157 134 255 90 115 90 255 47 77 57 239 32 42 36 207 19 19 19 143 6 6 6 47 0 0 0 0 0 0 0 0 0 0 0 0 0 0 0 0 0 0 0 0 0 0 0 0 0 0 0 0 
0 0 0 0 0 0 0 0 0 0 0 0 0 0 0 0 0 0 0 0 0 0 0 0 0 0 0 0 2 2 2 15 6 6 6 47 23 21 20 111 53 47 44 207 86 79 69 255 124 116 97 255 142 134 111 255 142 134 111 255 152 139 116 255 170 148 128 255 180 153 133 255 180 153 133 255 145 128 111 255 75 79 67 255 32 42 36 207 16 19 17 111 6 6 6 47 2 2 2 15 0 0 0 0 0 0 0 0 0 0 0 0 0 0 0 0 0 0 0 0 0 0 0 0 0 0 0 0 
0 0 0 0 0 0 0 0 0 0 0 0 0 0 0 0 0 0 0 0 0 0 0 0 0 0 0 0 0 0 0 0 0 0 0 0 8 8 8 63 25 25 25 191 67 60 55 255 135 114 99 255 172 144 124 255 177 150 130 255 180 153 133 255 180 153 133 255 180 153 133 255 180 153 133 255 143 123 108 255 70 63 58 255 25 25 25 191 8 8 8 63 0 0 0 0 0 0 0 0 0 0 0 0 0 0 0 0 0 0 0 0 0 0 0 0 0 0 0 0 0 0 0 0 0 0 0 0 
0 0 0 0 0 0 0 0 0 0 0 0 0 0 0 0 0 0 0 0 0 0 0 0 0 0 0 0 0 0 0 0 0 0 0 0 8 8 8 63 25 25 25 191 67 60 55 255 135 114 99 255 177 150 130 255 193 169 148 255 200 178 157 255 200 178 157 255 200 178 157 255 200 178 157 255 159 142 126 255 75 70 64 255 25 25 25 191 8 8 8 63 0 0 0 0 0 0 0 0 0 0 0 0 0 0 0 0 0 0 0 0 0 0 0 0 0 0 0 0 0 0 0 0 0 0 0 0 
0 0 0 0 0 0 0 0 0 0 0 0 0 0 0 0 0 0 0 0 0 0 0 0 0 0 0 0 2 2 2 15 6 6 6 47 14 14 14 111 27 27 27 207 70 63 58 255 143 123 108 255 187 162 142 255 203 181 160 255 208 187 166 255 203 181 160 255 200 178 157 255 200 178 157 255 159 142 126 255 75 70 64 255 27 27 27 207 14 14 14 111 6 6 6 47 2 2 2 15 0 0 0 0 0 0 0 0 0 0 0 0 0 0 0 0 0 0 0 0 0 0 0 0 0 0 0 0 
0 0 0 0 0 0 0 0 0 0 0 0 0 0 0 0 0 0 0 0 0 0 0 0 0 0 0 0 6 6 6 47 19 19 19 143 27 27 27 207 31 31 31 239 75 70 64 255 159 142 126 255 203 181 160 255 208 187 166 255 203 181 160 255 187 162 142 255 180 153 133 255 180 153 133 255 143 123 108 255 70 63 58 255 31 31 31 239 27 27 27 207 19 19 19 143 6 6 6 47 0 0 0 0 0 0 0 0 0 0 0 0 0 0 0 0 0 0 0 0 0 0 0 0 0 0 0 0 
0 0 0 0 0 0 0 0 0 0 0 0 0 0 0 0 0 0 0 0 2 2 2 15 6 6 6 47 23 21 20 111 53 47 44 207 70 63 58 255 75 70 64 255 111 102 93 255 177 161 143 255 211 191 169 255 211 191 169 255 203 181 160 255 187 162 142 255 180 153 133 255 180 153 133 255 154 133 117 255 103 93 84 255 75 70 64 255 70 63 58 255 53 47 44 207 23 21 20 111 6 6 6 47 2 2 2 15 0 0 0 0 0 0 0 0 0 0 0 0 0 0 0 0 0 0 0 0 
0 0 0 0 0 0 0 0 0 0 0 0 0 0 0 0 0 0 0 0 6 6 6 47 19 19 19 143 53 47 44 207 108 92 81 239 143 123 108 255 159 142 126 255 177 161 143 255 199 181 160 255 211 191 169 255 211 191 169 255 208 187 166 255 203 181 160 255 200 178 157 255 200 178 157 255 192 171 151 255 175 158 140 255 159 142 126 255 143 123 108 255 108 92 81 239 53 47 44 207 19 19 19 143 6 6 6 47 0 0 0 0 0 0 0 0 0 0 0 0 0 0 0 0 0 0 0 0 
0 0 0 0 0 0 0 0 0 0 0 0 0 0 0 0 0 0 0 0 8 8 8 63 25 25 25 191 59 54 50 255 110 94 83 255 143 123 108 255 159 142 126 255 166 151 135 255 166 151 135 255 166 151 135 255 166 151 135 255 166 151 135 255 166 151 135 255 166 151 135 255 166 151 135 255 166 151 135 255 166 151 135 255 159 142 126 255 143 123 108 255 110 94 83 255 59 54 50 255 25 25 25 191 8 8 8 63 0 0 0 0 0 0 0 0 0 0 0 0 0 0 0 0 0 0 0 0 
0 0 0 0 0 0 0 0 0 0 0 0 0 0 0 0 0 0 0 0 8 8 8 63 25 25 25 191 42 40 39 255 59 54 50 255 70 63 58 255 75 70 64 255 78 73 67 255 78 73 67 255 78 73 67 255 78 73 67 255 78 73 67 255 78 73 67 255 78 73 67 255 78 73 67 255 78 73 67 255 78 73 67 255 75 70 64 255 70 63 58 255 59 54 50 255 42 40 39 255 25 25 25 191 8 8 8 63 0 0 0 0 0 0 0 0 0 0 0 0 0 0 0 0 0 0 0 0 
0 0 0 0 0 0 0 0 0 0 0 0 0 0 0 0 0 0 0 0 8 8 8 63 25 25 25 191 42 40 39 255 59 54 50 255 70 63 58 255 75 70 64 255 78 73 67 255 78 73 67 255 78 73 67 255 78 73 67 255 78 73 67 255 78 73 67 255 78 73 67 255 78 73 67 255 78 73 67 255 78 73 67 255 75 70 64 255 70 63 58 255 59 54 50 255 42 40 39 255 25 25 25 191 8 8 8 63 0 0 0 0 0 0 0 0 0 0 0 0 0 0 0 0 0 0 0 0 
